14 0.9326171875 0.21728515625 0.033203125 0.0244140625
14 0.92431640625 0.07373046875 0.033203125 0.0234375
38 0.81884765625 0.009765625 0.0341796875 0.01953125
14 0.80908203125 0.08984375 0.03515625 0.0234375
25 0.78076171875 0.9423828125 0.033203125 0.0283203125
26 0.64990234375 0.81591796875 0.0341796875 0.025390625
26 0.64794921875 0.67138671875 0.0341796875 0.025390625
49 0.4814453125 0.69677734375 0.03515625 0.021484375
38 0.93603515625 0.0087890625 0.0341796875 0.017578125
3 0.63037109375 0.005859375 0.0322265625 0.01171875
40 0.72705078125 0.048828125 0.033203125 0.0224609375
33 0.583984375 0.474609375 0.0322265625 0.025390625
49 0.44921875 0.193359375 0.0234375 0.02734375
14 0.81298828125 0.234375 0.03515625 0.0341796875
13 0.943359375 0.25390625 0.0283203125 0.0546875
13 0.818359375 0.30615234375 0.03125 0.0625
13 0.83056640625 0.41845703125 0.02734375 0.060546875
13 0.95849609375 0.3720703125 0.02734375 0.0673828125
3 0.7490234375 0.013671875 0.0390625 0.02734375
11 0.45556640625 0.0078125 0.0341796875 0.015625
26 0.76806640625 0.8046875 0.0390625 0.04296875
26 0.76416015625 0.6533203125 0.0390625 0.0341796875
49 0.4853515625 0.8427734375 0.0361328125 0.04296875
49 0.60546875 0.8271484375 0.044921875 0.0361328125
49 0.60009765625 0.68310546875 0.0390625 0.037109375
33 0.59423828125 0.62158203125 0.041015625 0.0390625
33 0.47705078125 0.6474609375 0.0390625 0.0458984375
33 0.46240234375 0.501953125 0.0390625 0.046875
39 0.724609375 0.0498046875 0.0390625 0.0419921875
39 0.609375 0.0576171875 0.0400390625 0.04296875
39 0.73046875 0.19580078125 0.044921875 0.0380859375
39 0.61328125 0.20703125 0.0458984375 0.0390625
16 0.56201171875 0.04443359375 0.041015625 0.0380859375
16 0.56201171875 0.18896484375 0.0439453125 0.03515625
1 0.57763671875 0.2529296875 0.04296875 0.052734375
1 0.59521484375 0.388671875 0.041015625 0.04296875
1 0.4609375 0.30322265625 0.0390625 0.048828125
1 0.48046875 0.43701171875 0.037109375 0.0439453125
37 0.74609375 0.2578125 0.041015625 0.0458984375
37 0.630859375 0.28076171875 0.0400390625 0.03515625
37 0.75927734375 0.40625 0.041015625 0.04296875
37 0.63671875 0.42724609375 0.041015625 0.0458984375
35 0.7666015625 0.46044921875 0.044921875 0.04296875
35 0.6474609375 0.48095703125 0.044921875 0.046875
35 0.65380859375 0.62060546875 0.0400390625 0.046875
35 0.77294921875 0.603515625 0.04296875 0.04296875
18 0.82275390625 0.50390625 0.0390625 0.0390625
18 0.94140625 0.4765625 0.041015625 0.0478515625
18 0.947265625 0.62353515625 0.0458984375 0.041015625
18 0.82861328125 0.64697265625 0.041015625 0.044921875
47 0.8505859375 0.67919921875 0.044921875 0.0322265625
47 0.966796875 0.67578125 0.0458984375 0.048828125
47 0.96875 0.8291015625 0.04296875 0.046875
47 0.8505859375 0.826171875 0.0458984375 0.041015625
49 0.60107421875 0.68212890625 0.041015625 0.044921875