9 0.4931640625 0.30224609375 0.021484375 0.0693359375
9 0.447265625 0.1416015625 0.0205078125 0.060546875
49 0.49609375 0.1474609375 0.02734375 0.0634765625
35 0.52685546875 0.306640625 0.01953125 0.05859375
35 0.59423828125 0.29638671875 0.0234375 0.0634765625
35 0.59228515625 0.12060546875 0.017578125 0.056640625
23 0.287109375 0.1240234375 0.021484375 0.060546875
23 0.3515625 0.1015625 0.021484375 0.0537109375
35 0.52197265625 0.13232421875 0.025390625 0.0703125
37 0.47216796875 0.4111328125 0.025390625 0.0546875
37 0.4619140625 0.23681640625 0.021484375 0.060546875
37 0.39404296875 0.25146484375 0.0185546875 0.05859375
37 0.400390625 0.42626953125 0.0205078125 0.056640625
25 0.23388671875 0.2177734375 0.03125 0.048828125
26 0.36572265625 0.53271484375 0.0234375 0.060546875
10 0.359375 0.18798828125 0.0244140625 0.068359375
10 0.29248046875 0.21826171875 0.0244140625 0.0615234375
10 0.380859375 0.3583984375 0.01953125 0.068359375
10 0.3125 0.3896484375 0.029296875 0.0703125
26 0.29931640625 0.5380859375 0.0234375 0.056640625
25 0.1826171875 0.244140625 0.0390625 0.046875
52 0.26025390625 0.33984375 0.015625 0.05859375
7 0.23828125 0.41650390625 0.025390625 0.06640625
7 0.17041015625 0.4423828125 0.02734375 0.0546875
7 0.2607421875 0.58740234375 0.021484375 0.056640625
54 0.4091796875 0.56005859375 0.0166015625 0.064453125
36 0.15673828125 0.8779296875 0.03515625 0.0703125
54 0.47265625 0.53125 0.0224609375 0.05859375
54 0.5 0.69775390625 0.015625 0.05859375
54 0.43359375 0.72802734375 0.02734375 0.0634765625
12 0.28466796875 0.86083984375 0.041015625 0.0546875