27 0.1494140625 0.732421875 0.1396484375 0.431640625
20 0.4150390625 0.16455078125 0.0107421875 0.05078125
40 0.52783203125 0.18896484375 0.013671875 0.048828125
40 0.43994140625 0.3349609375 0.015625 0.0478515625
20 0.35400390625 0.34912109375 0.009765625 0.044921875
29 0.220703125 0.3818359375 0.01171875 0.048828125
40 0.4599609375 0.16748046875 0.01171875 0.05078125
20 0.3486328125 0.1728515625 0.013671875 0.05078125
20 0.4228515625 0.3408203125 0.01171875 0.052734375
29 0.15087890625 0.3916015625 0.0107421875 0.05078125
29 0.14404296875 0.21337890625 0.01171875 0.046875
29 0.2109375 0.20458984375 0.01171875 0.05078125
54 0.6083984375 0.14208984375 0.009765625 0.052734375
54 0.53857421875 0.1484375 0.013671875 0.0478515625
13 0.263671875 0.3857421875 0.0234375 0.03515625
13 0.251953125 0.1923828125 0.0166015625 0.03515625
13 0.3076171875 0.1806640625 0.017578125 0.033203125
13 0.31982421875 0.37548828125 0.0166015625 0.02734375