23 0.34375 0.18701171875 0.009765625 0.0546875
41 0.22705078125 0.177734375 0.0107421875 0.0498046875
23 0.2744140625 0.18896484375 0.009765625 0.05078125
23 0.3515625 0.36376953125 0.009765625 0.05078125
41 0.16162109375 0.2197265625 0.013671875 0.0478515625
23 0.2841796875 0.37158203125 0.01171875 0.0478515625
41 0.18701171875 0.38623046875 0.0146484375 0.0478515625
41 0.25439453125 0.3525390625 0.017578125 0.0546875
24 0.380859375 0.16748046875 0.021484375 0.0625
24 0.45263671875 0.138671875 0.0234375 0.0625
24 0.40283203125 0.33349609375 0.025390625 0.064453125
24 0.46923828125 0.3037109375 0.02734375 0.064453125
49 0.515625 0.30029296875 0.0234375 0.0654296875
49 0.50244140625 0.12646484375 0.029296875 0.0693359375
49 0.583984375 0.2822265625 0.021484375 0.064453125
49 0.56982421875 0.10888671875 0.021484375 0.05859375
36 0.23388671875 0.57177734375 0.02734375 0.064453125
25 0.162109375 0.60205078125 0.033203125 0.0771484375
38 0.32080078125 0.53564453125 0.03125 0.060546875
7 0.35595703125 0.55126953125 0.025390625 0.07421875
42 0.3837890625 0.5751953125 0.03125 0.078125
42 0.32958984375 0.75537109375 0.0302734375 0.0625
42 0.45751953125 0.640625 0.0322265625 0.0673828125
0 0.18896484375 0.59326171875 0.0390625 0.0703125
36 0.27001953125 0.771484375 0.01953125 0.0673828125
26 0.28271484375 0.5673828125 0.02734375 0.0712890625
26 0.294921875 0.76318359375 0.025390625 0.078125
0 0.25146484375 0.7783203125 0.0234375 0.0615234375
9 0.10400390625 0.6337890625 0.0458984375 0.0625