27 0.51318359375 0.4931640625 0.353515625 0.14453125
37 0.1328125 0.21826171875 0.056640625 0.013671875
37 0.11279296875 0.30419921875 0.052734375 0.0126953125
37 0.33935546875 0.2353515625 0.056640625 0.0126953125
36 0.36767578125 0.138671875 0.064453125 0.0166015625
36 0.150390625 0.13671875 0.05859375 0.01953125
1 0.4853515625 0.27587890625 0.044921875 0.017578125
37 0.30908203125 0.3203125 0.056640625 0.015625
42 0.515625 0.29541015625 0.05078125 0.0185546875
42 0.55712890625 0.36083984375 0.05078125 0.01953125
42 0.38720703125 0.39599609375 0.048828125 0.017578125
28 0.4921875 0.3388671875 0.3251953125 0.150390625
35 0.1787109375 0.052734375 0.0380859375 0.0390625
35 0.3154296875 0.09716796875 0.03515625 0.0390625