47 0.6328125 0.52978515625 0.0703125 0.0419921875
4 0.83251953125 0.35498046875 0.078125 0.0771484375
4 0.60400390625 0.3037109375 0.08203125 0.0595703125
15 0.6201171875 0.37451171875 0.072265625 0.064453125
13 0.84375 0.19384765625 0.0625 0.12109375
13 0.59326171875 0.1201171875 0.06640625 0.115234375
48 0.91064453125 0.8076171875 0.09375 0.1103515625
13 0.86181640625 0.021484375 0.0517578125 0.04296875
48 0.6650390625 0.9150390625 0.0966796875 0.103515625
2 0.86767578125 0.57568359375 0.08203125 0.076171875
2 0.630859375 0.61328125 0.080078125 0.0673828125
43 0.6171875 0.37353515625 0.078125 0.0703125