9 0.5068359375 0.69775390625 0.021484375 0.0693359375
9 0.552734375 0.8583984375 0.0205078125 0.060546875
49 0.50390625 0.8525390625 0.02734375 0.0634765625
35 0.47314453125 0.693359375 0.01953125 0.05859375
35 0.40576171875 0.70361328125 0.0234375 0.0634765625
35 0.40771484375 0.87939453125 0.017578125 0.056640625
23 0.712890625 0.8759765625 0.021484375 0.060546875
23 0.6484375 0.8984375 0.021484375 0.0537109375
35 0.47802734375 0.86767578125 0.025390625 0.0703125
37 0.52783203125 0.5888671875 0.025390625 0.0546875
37 0.5380859375 0.76318359375 0.021484375 0.060546875
37 0.6083984375 0.74853515625 0.0234375 0.05859375
37 0.599609375 0.57373046875 0.0205078125 0.056640625
25 0.78662109375 0.79052734375 0.03125 0.048828125
26 0.75146484375 0.47900390625 0.0234375 0.060546875
10 0.640625 0.81201171875 0.0244140625 0.068359375
10 0.70751953125 0.78173828125 0.0244140625 0.0615234375
10 0.619140625 0.6416015625 0.01953125 0.068359375
38 0.8330078125 0.70263671875 0.015625 0.048828125
38 0.76318359375 0.7275390625 0.01953125 0.0546875
10 0.6875 0.6103515625 0.029296875 0.0703125
38 0.8095703125 0.5302734375 0.0234375 0.072265625
38 0.74267578125 0.5576171875 0.025390625 0.06640625
26 0.6826171875 0.50537109375 0.0234375 0.056640625
26 0.7294921875 0.30859375 0.025390625 0.056640625
26 0.6611328125 0.34033203125 0.021484375 0.064453125
50 0.77099609375 0.158203125 0.03125 0.080078125
50 0.81689453125 0.3984375 0.0390625 0.083984375
50 0.92626953125 0.380859375 0.033203125 0.08203125