27 0.4873046875 0.47998046875 0.115234375 0.32421875
26 0.30517578125 0.4775390625 0.015625 0.048828125
10 0.0673828125 0.638671875 0.02734375 0.0654296875
0 0.1318359375 0.60498046875 0.01953125 0.0712890625
52 0.19091796875 0.822265625 0.029296875 0.0595703125
35 0.0263671875 0.66259765625 0.0361328125 0.06640625
26 0.39794921875 0.6123046875 0.0126953125 0.0478515625
26 0.3720703125 0.44384765625 0.013671875 0.048828125
52 0.25732421875 0.61962890625 0.029296875 0.0615234375
52 0.28662109375 0.89404296875 0.0283203125 0.0517578125
52 0.35595703125 0.708984375 0.0302734375 0.052734375