9 0.8056640625 0.3837890625 0.0673828125 0.025390625
9 0.6474609375 0.42431640625 0.072265625 0.01953125
9 0.701171875 0.48486328125 0.0693359375 0.021484375
9 0.8583984375 0.447265625 0.060546875 0.0205078125
49 0.8525390625 0.49609375 0.0634765625 0.02734375
35 0.693359375 0.52685546875 0.05859375 0.01953125
35 0.70361328125 0.59423828125 0.0634765625 0.0234375
35 0.87939453125 0.59228515625 0.056640625 0.017578125
25 0.73193359375 0.1591796875 0.052734375 0.03125
25 0.78955078125 0.21875 0.0546875 0.0302734375
25 0.576171875 0.20703125 0.048828125 0.029296875
25 0.64013671875 0.2666015625 0.0546875 0.0234375
41 0.7919921875 0.166015625 0.037109375 0.03515625
23 0.80517578125 0.27783203125 0.060546875 0.021484375
23 0.6298828125 0.28662109375 0.0546875 0.0205078125
23 0.64501953125 0.35107421875 0.076171875 0.0224609375
23 0.81591796875 0.341796875 0.0537109375 0.021484375
35 0.86767578125 0.52197265625 0.0703125 0.025390625
42 0.35693359375 0.27978515625 0.0791015625 0.02734375
42 0.166015625 0.25732421875 0.06640625 0.0244140625
7 0.38330078125 0.21142578125 0.0703125 0.033203125
26 0.2998046875 0.11376953125 0.0712890625 0.03125
38 0.3984375 0.1748046875 0.07421875 0.0322265625
0 0.3798828125 0.0810546875 0.08203125 0.046875
37 0.2685546875 0.09814453125 0.060546875 0.0390625
42 0.30078125 0.37255859375 0.072265625 0.03515625