27 0.5107421875 0.5263671875 0.111328125 0.31640625
26 0.69482421875 0.5224609375 0.017578125 0.0498046875
12 0.75732421875 0.17431640625 0.03125 0.0478515625
26 0.5908203125 0.41162109375 0.017578125 0.0458984375
35 0.95947265625 0.3662109375 0.0341796875 0.0673828125
26 0.62890625 0.55615234375 0.015625 0.052734375
12 0.66259765625 0.34130859375 0.025390625 0.0498046875
11 0.9169921875 0.39013671875 0.025390625 0.0703125
26 0.60302734375 0.38818359375 0.013671875 0.044921875
0 0.85498046875 0.41748046875 0.01953125 0.072265625
12 0.5888671875 0.21875 0.0322265625 0.048828125
52 0.80712890625 0.37548828125 0.0263671875 0.0703125