44 0.7705078125 0.6220703125 0.0546875 0.0126953125
29 0.787109375 0.14453125 0.048828125 0.0146484375
44 0.76953125 0.552734375 0.05078125 0.01171875
40 0.8427734375 0.505859375 0.05078125 0.01171875
14 0.68994140625 0.21337890625 0.05078125 0.01171875
54 0.8662109375 0.61279296875 0.052734375 0.01171875
32 0.76123046875 0.515625 0.0498046875 0.01171875
20 0.794921875 0.45654296875 0.0517578125 0.017578125
54 0.69287109375 0.54052734375 0.052734375 0.009765625
54 0.86376953125 0.5419921875 0.044921875 0.013671875
14 0.67626953125 0.1455078125 0.052734375 0.0126953125
20 0.83642578125 0.39404296875 0.0517578125 0.0166015625
2 0.68896484375 0.24609375 0.052734375 0.013671875
13 0.80908203125 0.251953125 0.029296875 0.01953125
29 0.79638671875 0.2109375 0.05078125 0.01171875
37 0.5810546875 0.14794921875 0.048828125 0.0107421875
37 0.6005859375 0.21337890625 0.0498046875 0.009765625
3 0.61767578125 0.357421875 0.046875 0.013671875
12 0.65576171875 0.51904296875 0.05078125 0.009765625
45 0.67822265625 0.560546875 0.052734375 0.0078125
45 0.67822265625 0.63037109375 0.048828125 0.0107421875
11 0.47607421875 0.1630859375 0.046875 0.009765625
43 0.4775390625 0.3349609375 0.05078125 0.0146484375
35 0.50830078125 0.36669921875 0.0546875 0.01171875
36 0.541015625 0.51513671875 0.048828125 0.009765625
18 0.5556640625 0.55908203125 0.046875 0.0087890625
18 0.556640625 0.625 0.046875 0.013671875
47 0.40380859375 0.16455078125 0.0546875 0.0126953125
30 0.43701171875 0.32568359375 0.044921875 0.013671875
51 0.33056640625 0.33544921875 0.044921875 0.0126953125
9 0.4853515625 0.60595703125 0.05078125 0.01171875
39 0.2880859375 0.5888671875 0.05078125 0.013671875
9 0.470703125 0.53564453125 0.0517578125 0.013671875
42 0.35546875 0.5517578125 0.0517578125 0.013671875
39 0.2392578125 0.52490234375 0.0546875 0.0126953125
42 0.3544921875 0.61962890625 0.0546875 0.01171875
1 0.43896484375 0.5224609375 0.046875 0.01171875
49 0.36083984375 0.521484375 0.044921875 0.013671875
39 0.13232421875 0.62548828125 0.0478515625 0.0126953125
15 0.70458984375 0.265625 0.0478515625 0.013671875
15 0.66748046875 0.33056640625 0.0458984375 0.0166015625
34 0.79638671875 0.29248046875 0.0478515625 0.015625
34 0.7568359375 0.35693359375 0.046875 0.015625
38 0.28076171875 0.16943359375 0.05078125 0.01171875
17 0.59423828125 0.25 0.05078125 0.01171875
17 0.5810546875 0.318359375 0.05078125 0.01171875
22 0.517578125 0.41455078125 0.05078125 0.015625
22 0.48095703125 0.48095703125 0.05078125 0.01953125
14 0.61962890625 0.41748046875 0.052734375 0.017578125
14 0.5966796875 0.48388671875 0.0546875 0.015625
33 0.71044921875 0.41259765625 0.0546875 0.015625
33 0.69580078125 0.48046875 0.0498046875 0.013671875
48 0.1005859375 0.34716796875 0.052734375 0.015625
5 0.525390625 0.24658203125 0.0537109375 0.013671875
5 0.50146484375 0.3125 0.0537109375 0.015625
13 0.453125 0.23974609375 0.033203125 0.017578125
13 0.4384765625 0.29443359375 0.033203125 0.015625
47 0.228515625 0.15625 0.056640625 0.013671875
53 0.18408203125 0.169921875 0.05078125 0.0146484375
53 0.04345703125 0.259765625 0.056640625 0.01171875
48 0.109375 0.2783203125 0.048828125 0.0126953125
7 0.19873046875 0.21240234375 0.05078125 0.0146484375
7 0.36572265625 0.236328125 0.0478515625 0.013671875
7 0.3349609375 0.3017578125 0.05078125 0.013671875
7 0.17041015625 0.27880859375 0.046875 0.013671875
6 0.03076171875 0.37646484375 0.0537109375 0.013671875
50 0.4130859375 0.39599609375 0.052734375 0.013671875
50 0.3984375 0.46533203125 0.0517578125 0.01171875