9 0.69775390625 0.4931640625 0.0693359375 0.021484375
9 0.8583984375 0.447265625 0.060546875 0.0205078125
49 0.8525390625 0.49609375 0.0634765625 0.02734375
35 0.693359375 0.52685546875 0.05859375 0.01953125
35 0.70361328125 0.59423828125 0.0634765625 0.0234375
35 0.87939453125 0.59228515625 0.056640625 0.017578125
23 0.8759765625 0.287109375 0.060546875 0.021484375
23 0.8984375 0.3515625 0.0537109375 0.021484375
35 0.86767578125 0.52197265625 0.0703125 0.025390625
37 0.5849609375 0.470703125 0.0625 0.021484375
37 0.76318359375 0.4619140625 0.060546875 0.021484375
37 0.74853515625 0.39404296875 0.05859375 0.0185546875
37 0.57373046875 0.400390625 0.056640625 0.0205078125
25 0.7822265625 0.23388671875 0.048828125 0.03125
26 0.46728515625 0.36572265625 0.060546875 0.0234375
10 0.81201171875 0.359375 0.068359375 0.0244140625
10 0.78173828125 0.29248046875 0.0615234375 0.0244140625
10 0.6416015625 0.380859375 0.068359375 0.01953125
10 0.6103515625 0.3125 0.0703125 0.029296875
26 0.4619140625 0.29931640625 0.056640625 0.0234375
25 0.755859375 0.1826171875 0.046875 0.0390625
52 0.66015625 0.26025390625 0.05859375 0.015625
54 0.296875 0.49462890625 0.0498046875 0.0224609375
51 0.71484375 0.2578125 0.0556640625 0.01953125
48 0.50146484375 0.17529296875 0.0703125 0.02734375
48 0.5400390625 0.23583984375 0.060546875 0.03515625
12 0.58349609375 0.5419921875 0.052734375 0.0205078125
12 0.5703125 0.6123046875 0.060546875 0.021484375
48 0.3369140625 0.19970703125 0.0703125 0.0234375
48 0.3662109375 0.2666015625 0.0673828125 0.02734375
40 0.423828125 0.4892578125 0.0576171875 0.0234375
40 0.4453125 0.4208984375 0.0615234375 0.01953125
40 0.27587890625 0.40478515625 0.0576171875 0.01953125
40 0.25439453125 0.47314453125 0.0556640625 0.01953125
11 0.43701171875 0.314453125 0.052734375 0.017578125
11 0.41552734375 0.38037109375 0.056640625 0.01953125
11 0.24462890625 0.3642578125 0.052734375 0.0205078125
11 0.26708984375 0.29638671875 0.06640625 0.0234375
27 0.267578125 0.13134765625 0.345703125 0.10546875
51 0.5087890625 0.5498046875 0.064453125 0.021484375
39 0.30517578125 0.5322265625 0.064453125 0.021484375
53 0.4482421875 0.556640625 0.046875 0.0390625
53 0.44287109375 0.61767578125 0.056640625 0.0234375
29 0.2109375 0.548828125 0.0546875 0.01953125
29 0.388671875 0.55419921875 0.052734375 0.01953125
29 0.38134765625 0.6220703125 0.056640625 0.0234375
29 0.20556640625 0.619140625 0.060546875 0.01953125