47 0.91259765625 0.2822265625 0.0498046875 0.013671875
47 0.916015625 0.21826171875 0.0537109375 0.013671875
47 0.7353515625 0.28076171875 0.0546875 0.0126953125
47 0.7431640625 0.2109375 0.05078125 0.0107421875
9 0.76953125 0.43408203125 0.05078125 0.009765625
18 0.74755859375 0.3193359375 0.05078125 0.015625
18 0.91552734375 0.3935546875 0.052734375 0.0126953125
18 0.923828125 0.32568359375 0.0478515625 0.013671875
9 0.94580078125 0.42919921875 0.056640625 0.01171875
9 0.77294921875 0.50146484375 0.05078125 0.01171875
18 0.73828125 0.3857421875 0.048828125 0.01171875
9 0.95361328125 0.498046875 0.052734375 0.009765625
3 0.57373046875 0.48828125 0.0146484375 0.0283203125
3 0.6953125 0.4912109375 0.017578125 0.02734375
3 0.6884765625 0.58935546875 0.0185546875 0.029296875
3 0.56689453125 0.58935546875 0.0185546875 0.0302734375
25 0.40283203125 0.49560546875 0.0166015625 0.029296875
25 0.52685546875 0.494140625 0.0166015625 0.02734375
25 0.53173828125 0.59228515625 0.0185546875 0.02734375
25 0.4091796875 0.59326171875 0.0185546875 0.029296875
37 0.33349609375 0.49609375 0.0234375 0.025390625
37 0.37890625 0.59033203125 0.0224609375 0.029296875
37 0.2626953125 0.6083984375 0.0234375 0.0283203125
49 0.6396484375 0.18798828125 0.0244140625 0.0302734375
11 0.0322265625 0.24267578125 0.046875 0.015625
11 0.20068359375 0.212890625 0.046875 0.01953125
11 0.0693359375 0.30908203125 0.044921875 0.013671875
11 0.2353515625 0.27880859375 0.048828125 0.015625
36 0.12255859375 0.3056640625 0.046875 0.013671875
36 0.13134765625 0.3720703125 0.046875 0.013671875
36 0.29736328125 0.298828125 0.046875 0.013671875
35 0.30712890625 0.10107421875 0.037109375 0.0263671875
35 0.3916015625 0.185546875 0.033203125 0.02734375
35 0.28564453125 0.21826171875 0.03515625 0.0234375
26 0.43505859375 0.10107421875 0.02734375 0.02734375
49 0.4990234375 0.09912109375 0.021484375 0.0283203125