9 0.6591796875 0.88037109375 0.05859375 0.046875
24 0.1669921875 0.61767578125 0.0673828125 0.025390625
24 0.333984375 0.5986328125 0.072265625 0.01953125
24 0.306640625 0.529296875 0.0693359375 0.021484375
24 0.13916015625 0.5498046875 0.064453125 0.02734375
49 0.12255859375 0.49951171875 0.0634765625 0.02734375
49 0.29833984375 0.48486328125 0.05859375 0.01953125
49 0.28125 0.419921875 0.0634765625 0.0234375
49 0.103515625 0.4296875 0.0576171875 0.017578125
9 0.57373046875 0.79443359375 0.0771484375 0.048828125
35 0.7080078125 0.951171875 0.0595703125 0.056640625
25 0.26806640625 0.8408203125 0.0537109375 0.03125
25 0.21044921875 0.78125 0.0546875 0.0302734375
25 0.423828125 0.79296875 0.048828125 0.029296875
25 0.35986328125 0.7333984375 0.0546875 0.0234375
41 0.2080078125 0.833984375 0.037109375 0.03515625
23 0.19482421875 0.72216796875 0.060546875 0.021484375
23 0.3701171875 0.71337890625 0.0546875 0.0205078125
23 0.35498046875 0.64892578125 0.076171875 0.0224609375
23 0.18408203125 0.658203125 0.0537109375 0.021484375