27 0.4921875 0.46484375 0.099609375 0.2998046875
24 0.123046875 0.8232421875 0.0419921875 0.07421875
10 0.32421875 0.45068359375 0.02734375 0.0625
10 0.3857421875 0.4072265625 0.025390625 0.0625
10 0.42236328125 0.5712890625 0.0185546875 0.07421875
19 0.4248046875 0.78369140625 0.0361328125 0.0625
19 0.35986328125 0.7021484375 0.0302734375 0.0615234375
19 0.375 0.92431640625 0.0322265625 0.068359375
10 0.35693359375 0.6142578125 0.021484375 0.056640625
19 0.30517578125 0.86181640625 0.0322265625 0.0537109375
13 0.26953125 0.7041015625 0.0390625 0.046875
13 0.33349609375 0.7001953125 0.029296875 0.04296875
13 0.2880859375 0.9140625 0.0390625 0.0380859375
22 0.23681640625 0.6923828125 0.029296875 0.078125
22 0.25 0.884765625 0.021484375 0.0654296875
50 0.2001953125 0.69873046875 0.02734375 0.068359375
42 0.158203125 0.724609375 0.029296875 0.0830078125
42 0.1259765625 0.744140625 0.03515625 0.0654296875