47 0.7255859375 0.9150390625 0.013671875 0.0498046875
47 0.7919921875 0.89404296875 0.013671875 0.0537109375
47 0.70751953125 0.73974609375 0.0126953125 0.0546875
47 0.77587890625 0.7197265625 0.0107421875 0.05078125
9 0.56591796875 0.76953125 0.009765625 0.05078125
18 0.6806640625 0.74755859375 0.015625 0.05078125
18 0.6064453125 0.91552734375 0.0126953125 0.0537109375
18 0.67431640625 0.923828125 0.013671875 0.0478515625
9 0.57080078125 0.94580078125 0.01171875 0.056640625
9 0.49853515625 0.77294921875 0.01171875 0.05078125
18 0.6142578125 0.73828125 0.01171875 0.048828125
9 0.501953125 0.95361328125 0.009765625 0.052734375
3 0.51171875 0.57373046875 0.0283203125 0.0146484375
3 0.5087890625 0.6953125 0.02734375 0.017578125
3 0.41064453125 0.6884765625 0.029296875 0.0185546875
3 0.41064453125 0.56689453125 0.0302734375 0.0185546875
25 0.50244140625 0.39990234375 0.03125 0.0224609375
25 0.50390625 0.5244140625 0.03125 0.021484375
25 0.40771484375 0.53173828125 0.02734375 0.0185546875
25 0.4033203125 0.4072265625 0.029296875 0.0185546875
37 0.48876953125 0.22998046875 0.029296875 0.0234375
37 0.49951171875 0.3505859375 0.029296875 0.0263671875
37 0.40087890625 0.3779296875 0.029296875 0.0224609375
37 0.390625 0.25634765625 0.0244140625 0.0263671875