9 0.1416015625 0.552734375 0.060546875 0.0205078125
49 0.1474609375 0.50390625 0.0634765625 0.02734375
35 0.306640625 0.47314453125 0.05859375 0.01953125
35 0.29638671875 0.40576171875 0.0634765625 0.0234375
35 0.12060546875 0.40771484375 0.0576171875 0.017578125
23 0.1240234375 0.712890625 0.060546875 0.021484375
23 0.1015625 0.6484375 0.0537109375 0.021484375
35 0.13232421875 0.47802734375 0.0703125 0.025390625
37 0.203125 0.546875 0.060546875 0.021484375
37 0.24072265625 0.60888671875 0.05859375 0.0185546875
25 0.2177734375 0.76611328125 0.048828125 0.03125
26 0.53271484375 0.63427734375 0.060546875 0.0234375
10 0.18798828125 0.640625 0.068359375 0.0244140625
10 0.21826171875 0.70751953125 0.0615234375 0.0244140625
10 0.3583984375 0.619140625 0.068359375 0.01953125
10 0.3896484375 0.6875 0.0703125 0.029296875
26 0.5380859375 0.70068359375 0.056640625 0.0234375
25 0.244140625 0.8173828125 0.046875 0.0390625
52 0.33984375 0.73974609375 0.05859375 0.015625
51 0.28515625 0.7421875 0.0556640625 0.01953125
48 0.49853515625 0.82470703125 0.0703125 0.02734375
48 0.4599609375 0.76416015625 0.060546875 0.03515625
12 0.4296875 0.3876953125 0.060546875 0.021484375
40 0.62646484375 0.5048828125 0.0576171875 0.0234375
40 0.62353515625 0.57275390625 0.0615234375 0.01953125
11 0.58447265625 0.61962890625 0.056640625 0.01953125
51 0.4912109375 0.4501953125 0.064453125 0.021484375
39 0.69482421875 0.4677734375 0.064453125 0.0224609375
53 0.55615234375 0.44287109375 0.046875 0.0390625
53 0.55712890625 0.38232421875 0.056640625 0.0234375
29 0.7890625 0.451171875 0.0546875 0.01953125
29 0.611328125 0.44580078125 0.052734375 0.01953125
29 0.61865234375 0.3779296875 0.056640625 0.0234375
29 0.79443359375 0.380859375 0.060546875 0.01953125
11 0.73291015625 0.70361328125 0.06640625 0.0244140625
54 0.55029296875 0.58056640625 0.0625 0.0224609375
54 0.53759765625 0.51220703125 0.056640625 0.0185546875
40 0.79052734375 0.501953125 0.05859375 0.015625
40 0.79248046875 0.5712890625 0.056640625 0.0185546875
11 0.7568359375 0.634765625 0.0546875 0.0205078125
11 0.5654296875 0.6884765625 0.0625 0.021484375
48 0.6318359375 0.732421875 0.080078125 0.0244140625
48 0.66552734375 0.8017578125 0.060546875 0.02734375
22 0.794921875 0.88720703125 0.0859375 0.05078125
14 0.8544921875 0.9609375 0.0693359375 0.0419921875
21 0.302734375 0.59326171875 0.0625 0.0234375
21 0.4677734375 0.55859375 0.05859375 0.01953125
6 0.34716796875 0.57373046875 0.052734375 0.033203125
6 0.259765625 0.52734375 0.046875 0.03515625
6 0.47802734375 0.49951171875 0.0478515625 0.0341796875
6 0.39453125 0.4560546875 0.05078125 0.0341796875