36 0.79736328125 0.15966796875 0.017578125 0.0634765625
27 0.5087890625 0.52490234375 0.1083984375 0.33203125
1 0.640625 0.568359375 0.017578125 0.044921875
1 0.6630859375 0.35498046875 0.0166015625 0.046875
11 0.62255859375 0.5615234375 0.013671875 0.046875
52 0.966796875 0.40869140625 0.0205078125 0.072265625
36 0.8671875 0.41943359375 0.017578125 0.064453125
1 0.59912109375 0.40283203125 0.017578125 0.0458984375
1 0.70361328125 0.517578125 0.0166015625 0.0458984375
36 0.7705078125 0.3662109375 0.01953125 0.060546875
52 0.94580078125 0.1787109375 0.017578125 0.0673828125
51 0.89453125 0.4189453125 0.0205078125 0.06640625