44 0.2294921875 0.3779296875 0.0546875 0.0126953125
19 0.26953125 0.5859375 0.0517578125 0.009765625
29 0.212890625 0.85546875 0.048828125 0.0146484375
44 0.23046875 0.447265625 0.05078125 0.01171875
40 0.1572265625 0.494140625 0.05078125 0.01171875
14 0.31005859375 0.78662109375 0.05078125 0.01171875
54 0.1337890625 0.38720703125 0.052734375 0.01171875
32 0.23876953125 0.484375 0.0498046875 0.01171875
20 0.16455078125 0.58056640625 0.0517578125 0.01171875
54 0.30712890625 0.45947265625 0.052734375 0.009765625
54 0.13623046875 0.4580078125 0.044921875 0.013671875
32 0.255859375 0.55419921875 0.048828125 0.01171875
40 0.17529296875 0.56201171875 0.05078125 0.0078125
14 0.32373046875 0.8544921875 0.052734375 0.0126953125
20 0.16748046875 0.6484375 0.0517578125 0.0126953125
19 0.2763671875 0.65283203125 0.0478515625 0.009765625
2 0.314453125 0.7578125 0.05078125 0.013671875
2 0.30224609375 0.68994140625 0.0546875 0.015625
13 0.19091796875 0.748046875 0.029296875 0.01953125
13 0.1787109375 0.6943359375 0.03125 0.01953125
29 0.20361328125 0.7890625 0.05078125 0.01171875
37 0.4189453125 0.85205078125 0.048828125 0.0107421875
37 0.3994140625 0.78662109375 0.0498046875 0.009765625
26 0.408203125 0.75146484375 0.05078125 0.013671875
26 0.40087890625 0.68408203125 0.0537109375 0.009765625
3 0.390625 0.64404296875 0.046875 0.013671875
3 0.38818359375 0.57568359375 0.0517578125 0.01171875
12 0.3662109375 0.55517578125 0.046875 0.0107421875
12 0.34619140625 0.486328125 0.05078125 0.0078125
45 0.32177734375 0.439453125 0.052734375 0.0078125
45 0.32177734375 0.36962890625 0.048828125 0.0107421875
11 0.52392578125 0.8369140625 0.046875 0.009765625
11 0.52490234375 0.7685546875 0.046875 0.0107421875
43 0.5048828125 0.732421875 0.048828125 0.013671875
43 0.52734375 0.6650390625 0.05078125 0.0146484375
35 0.49462890625 0.6396484375 0.0546875 0.01171875
35 0.490234375 0.57080078125 0.0458984375 0.009765625
36 0.4765625 0.55419921875 0.0478515625 0.009765625
36 0.458984375 0.48486328125 0.048828125 0.009765625
18 0.44775390625 0.44384765625 0.046875 0.0087890625
18 0.443359375 0.375 0.046875 0.013671875
47 0.60400390625 0.83984375 0.0546875 0.0126953125
47 0.6064453125 0.77294921875 0.05078125 0.013671875
0 0.61865234375 0.57275390625 0.05078125 0.015625
30 0.5888671875 0.74462890625 0.0458984375 0.013671875
30 0.5693359375 0.67919921875 0.044921875 0.013671875
51 0.6748046875 0.6689453125 0.044921875 0.0126953125
9 0.5146484375 0.39404296875 0.05078125 0.01171875
1 0.583984375 0.5458984375 0.048828125 0.013671875
38 0.73583984375 0.841796875 0.05078125 0.0107421875
38 0.71923828125 0.77294921875 0.046875 0.0126953125
51 0.68701171875 0.73681640625 0.0458984375 0.009765625
52 0.65478515625 0.58203125 0.048828125 0.013671875
42 0.8173828125 0.3828125 0.05078125 0.013671875
9 0.529296875 0.46435546875 0.0517578125 0.013671875
42 0.64453125 0.4482421875 0.0517578125 0.013671875
42 0.8193359375 0.4501953125 0.0576171875 0.0126953125
42 0.6455078125 0.38037109375 0.0546875 0.01171875
1 0.56103515625 0.4775390625 0.046875 0.01171875
49 0.66552734375 0.5439453125 0.05078125 0.01171875
49 0.63916015625 0.478515625 0.044921875 0.013671875
6 0.96044921875 0.6240234375 0.0517578125 0.01171875
6 0.78515625 0.62841796875 0.046875 0.01171875
6 0.78125 0.56201171875 0.044921875 0.0126953125
6 0.9541015625 0.55615234375 0.048828125 0.015625
48 0.72607421875 0.71728515625 0.0517578125 0.013671875
48 0.9072265625 0.65576171875 0.0546875 0.0126953125
48 0.73974609375 0.64990234375 0.0517578125 0.01171875