27 0.8447265625 0.28564453125 0.2373046875 0.4140625
20 0.57958984375 0.8359375 0.0107421875 0.05078125
40 0.486328125 0.83056640625 0.015625 0.0478515625
20 0.64599609375 0.65087890625 0.009765625 0.044921875
29 0.779296875 0.6181640625 0.01171875 0.048828125
40 0.5556640625 0.82763671875 0.01171875 0.05078125
20 0.64892578125 0.8291015625 0.013671875 0.05078125
29 0.84912109375 0.6083984375 0.0107421875 0.05078125
29 0.85595703125 0.78662109375 0.01171875 0.046875
29 0.7890625 0.79541015625 0.01171875 0.05078125
54 0.3876953125 0.8662109375 0.009765625 0.052734375
54 0.45751953125 0.86865234375 0.013671875 0.0478515625
13 0.736328125 0.6142578125 0.0234375 0.03515625
13 0.748046875 0.8076171875 0.0166015625 0.03515625
13 0.6923828125 0.8193359375 0.017578125 0.033203125
13 0.68017578125 0.62451171875 0.0166015625 0.02734375
54 0.46044921875 0.69287109375 0.009765625 0.052734375
44 0.44873046875 0.7666015625 0.01171875 0.0517578125
44 0.37841796875 0.77099609375 0.0126953125 0.0517578125
44 0.376953125 0.59326171875 0.01171875 0.0546875