23 0.81298828125 0.34375 0.0546875 0.009765625
41 0.822265625 0.22705078125 0.0498046875 0.0107421875
23 0.81103515625 0.2744140625 0.05078125 0.009765625
23 0.63623046875 0.3515625 0.05078125 0.009765625
41 0.7802734375 0.16162109375 0.0478515625 0.013671875
23 0.62841796875 0.2841796875 0.0478515625 0.01171875
41 0.61376953125 0.18701171875 0.0478515625 0.0146484375
41 0.6474609375 0.25439453125 0.0546875 0.017578125
24 0.83251953125 0.380859375 0.0625 0.021484375
24 0.861328125 0.45263671875 0.0625 0.0234375
24 0.66650390625 0.40283203125 0.064453125 0.025390625
27 0.2900390625 0.1318359375 0.3232421875 0.107421875
24 0.6962890625 0.46923828125 0.064453125 0.02734375
49 0.69970703125 0.515625 0.0654296875 0.0234375
49 0.87353515625 0.50244140625 0.0693359375 0.029296875
49 0.7177734375 0.583984375 0.064453125 0.021484375
49 0.89111328125 0.56982421875 0.05859375 0.021484375