27 0.4931640625 0.48681640625 0.14453125 0.353515625
37 0.21826171875 0.8671875 0.013671875 0.0556640625
37 0.30419921875 0.88720703125 0.0126953125 0.052734375
37 0.2353515625 0.66064453125 0.0126953125 0.056640625
36 0.138671875 0.63232421875 0.0166015625 0.064453125
36 0.13671875 0.849609375 0.01953125 0.05859375
1 0.27587890625 0.5146484375 0.017578125 0.044921875
37 0.3203125 0.69091796875 0.015625 0.056640625
42 0.29541015625 0.484375 0.0185546875 0.05078125
42 0.36083984375 0.44287109375 0.01953125 0.05078125
42 0.39599609375 0.61279296875 0.017578125 0.048828125
28 0.3388671875 0.5078125 0.150390625 0.3251953125
35 0.052734375 0.8212890625 0.0390625 0.0380859375
35 0.09716796875 0.6845703125 0.0390625 0.03515625