9 0.5068359375 0.69775390625 0.021484375 0.0693359375
9 0.552734375 0.8583984375 0.0205078125 0.060546875
49 0.50390625 0.8525390625 0.02734375 0.0634765625
35 0.47314453125 0.693359375 0.01953125 0.05859375
35 0.40576171875 0.70361328125 0.0234375 0.0634765625
35 0.40771484375 0.87939453125 0.017578125 0.056640625
25 0.8408203125 0.73193359375 0.03125 0.0537109375
25 0.78125 0.78955078125 0.0302734375 0.0546875
25 0.79296875 0.576171875 0.029296875 0.048828125
41 0.833984375 0.7919921875 0.03515625 0.037109375
23 0.72216796875 0.80517578125 0.021484375 0.060546875
23 0.658203125 0.81591796875 0.021484375 0.0537109375
35 0.47802734375 0.86767578125 0.025390625 0.0703125
37 0.52783203125 0.5888671875 0.025390625 0.0546875
37 0.5380859375 0.76318359375 0.021484375 0.060546875
37 0.6083984375 0.74853515625 0.0234375 0.05859375
25 0.7333984375 0.63134765625 0.02734375 0.0703125
23 0.71435546875 0.63232421875 0.0234375 0.056640625
23 0.6484375 0.63818359375 0.01953125 0.0673828125
26 0.681640625 0.505859375 0.0283203125 0.06640625
26 0.75244140625 0.4794921875 0.02734375 0.052734375
26 0.65869140625 0.33984375 0.02734375 0.060546875