29 0.9794921875 0.34765625 0.0283203125 0.0625
53 0.689453125 0.3759765625 0.013671875 0.05078125
21 0.94384765625 0.369140625 0.0224609375 0.0634765625
53 0.6953125 0.552734375 0.01171875 0.05078125
6 0.79638671875 0.16357421875 0.015625 0.052734375
27 0.515625 0.50244140625 0.142578125 0.36328125
6 0.8173828125 0.359375 0.017578125 0.056640625
42 0.71923828125 0.51904296875 0.015625 0.0546875
6 0.923828125 0.36328125 0.021484375 0.0634765625
53 0.61962890625 0.38330078125 0.01171875 0.0537109375
53 0.6259765625 0.5595703125 0.01171875 0.052734375
28 0.662109375 0.48193359375 0.154296875 0.361328125