47 0.9150390625 0.2744140625 0.0498046875 0.013671875
47 0.89404296875 0.2080078125 0.0537109375 0.013671875
47 0.73974609375 0.29248046875 0.0546875 0.0126953125
47 0.7197265625 0.22412109375 0.05078125 0.0107421875
9 0.76953125 0.43408203125 0.05078125 0.009765625
18 0.74755859375 0.3193359375 0.05078125 0.015625
18 0.91552734375 0.3935546875 0.052734375 0.0126953125
18 0.923828125 0.32568359375 0.0478515625 0.013671875
9 0.94580078125 0.42919921875 0.056640625 0.01171875
9 0.77294921875 0.50146484375 0.05078125 0.01171875
18 0.73828125 0.3857421875 0.048828125 0.01171875
9 0.95361328125 0.498046875 0.052734375 0.009765625
3 0.57373046875 0.48828125 0.0146484375 0.0283203125
3 0.6953125 0.4912109375 0.017578125 0.02734375
3 0.6884765625 0.58935546875 0.0185546875 0.029296875
3 0.56689453125 0.58935546875 0.0185546875 0.0302734375
25 0.39990234375 0.49755859375 0.0224609375 0.03125
25 0.5244140625 0.49609375 0.021484375 0.03125
25 0.53173828125 0.59228515625 0.0185546875 0.02734375
25 0.4072265625 0.5966796875 0.0185546875 0.029296875
37 0.22998046875 0.51123046875 0.0234375 0.029296875
37 0.3505859375 0.50048828125 0.0263671875 0.029296875
37 0.3779296875 0.59912109375 0.0224609375 0.029296875
37 0.25634765625 0.60791015625 0.0263671875 0.029296875
11 0.134765625 0.259765625 0.0498046875 0.01171875
11 0.3056640625 0.25048828125 0.0478515625 0.0126953125
11 0.3173828125 0.31787109375 0.048828125 0.009765625
11 0.14892578125 0.32958984375 0.048828125 0.009765625
36 0.1669921875 0.34326171875 0.048828125 0.015625
36 0.33349609375 0.3662109375 0.0478515625 0.013671875
1 0.28662109375 0.3974609375 0.046875 0.013671875