3 0.39404296875 0.39697265625 0.009765625 0.0478515625
3 0.32666015625 0.40673828125 0.0107421875 0.046875
27 0.4921875 0.46484375 0.099609375 0.2998046875
19 0.23291015625 0.580078125 0.02734375 0.0703125
19 0.1484375 0.56201171875 0.02734375 0.08203125
3 0.40185546875 0.57373046875 0.0234375 0.06640625
19 0.23828125 0.767578125 0.0205078125 0.0576171875
22 0.0458984375 0.576171875 0.0380859375 0.07421875
7 0.01220703125 0.6376953125 0.0244140625 0.0703125
7 0.10498046875 0.7900390625 0.033203125 0.07421875
13 0.10595703125 0.5205078125 0.0380859375 0.044921875
13 0.17919921875 0.51220703125 0.037109375 0.056640625
3 0.33642578125 0.58447265625 0.021484375 0.0732421875