7 0.3916015625 0.39208984375 0.0166015625 0.056640625
7 0.32373046875 0.40625 0.015625 0.0537109375
27 0.4921875 0.46484375 0.099609375 0.2998046875
7 0.40234375 0.56640625 0.0185546875 0.05859375
7 0.33544921875 0.58251953125 0.01953125 0.0615234375
24 0.1064453125 0.76220703125 0.048828125 0.0751953125
19 0.2861328125 0.900390625 0.033203125 0.0732421875
19 0.326171875 0.73046875 0.02734375 0.052734375
19 0.40087890625 0.794921875 0.033203125 0.064453125
19 0.361328125 0.93994140625 0.03515625 0.052734375
22 0.306640625 0.658203125 0.029296875 0.064453125
50 0.28173828125 0.658203125 0.0224609375 0.072265625
22 0.2734375 0.837890625 0.0244140625 0.064453125
14 0.24853515625 0.833984375 0.02734375 0.080078125
14 0.23779296875 0.63720703125 0.03125 0.07421875
38 0.17822265625 0.6298828125 0.029296875 0.0625
10 0.154296875 0.6640625 0.029296875 0.064453125
23 0.12109375 0.681640625 0.04296875 0.0625