20 0.416015625 0.166015625 0.013671875 0.05078125
54 0.5400390625 0.31787109375 0.01171875 0.05078125
40 0.45068359375 0.17236328125 0.0126953125 0.05078125
20 0.35595703125 0.3486328125 0.013671875 0.052734375
20 0.349609375 0.1748046875 0.013671875 0.048828125
54 0.6083984375 0.142578125 0.0107421875 0.05078125
54 0.53759765625 0.14990234375 0.0107421875 0.05078125
54 0.60986328125 0.3154296875 0.009765625 0.052734375
40 0.44287109375 0.34619140625 0.013671875 0.0537109375
40 0.5126953125 0.35498046875 0.01171875 0.0537109375
40 0.51904296875 0.18115234375 0.015625 0.0537109375
20 0.421875 0.34228515625 0.013671875 0.052734375