9 0.69775390625 0.4931640625 0.0693359375 0.021484375
9 0.8583984375 0.447265625 0.060546875 0.0205078125
49 0.8525390625 0.49609375 0.0634765625 0.02734375
35 0.693359375 0.52685546875 0.05859375 0.01953125
35 0.70361328125 0.59423828125 0.0634765625 0.0234375
35 0.87939453125 0.59228515625 0.056640625 0.017578125
23 0.8759765625 0.287109375 0.060546875 0.021484375
23 0.8984375 0.3515625 0.0537109375 0.021484375
35 0.86767578125 0.52197265625 0.0703125 0.025390625
37 0.5849609375 0.470703125 0.0625 0.021484375
37 0.76318359375 0.4619140625 0.060546875 0.021484375
37 0.74853515625 0.39404296875 0.05859375 0.0185546875
37 0.57373046875 0.400390625 0.056640625 0.0205078125
25 0.7822265625 0.23388671875 0.048828125 0.03125
26 0.46728515625 0.36572265625 0.060546875 0.0234375
10 0.81201171875 0.359375 0.068359375 0.0244140625
10 0.78173828125 0.29248046875 0.0615234375 0.0244140625
10 0.6416015625 0.380859375 0.068359375 0.01953125
10 0.6103515625 0.3125 0.0703125 0.029296875
26 0.4619140625 0.29931640625 0.056640625 0.0234375
25 0.755859375 0.1826171875 0.046875 0.0390625
52 0.66015625 0.26025390625 0.05859375 0.015625
54 0.451171875 0.42333984375 0.064453125 0.0166015625
54 0.46728515625 0.48876953125 0.05859375 0.0224609375
54 0.27197265625 0.43359375 0.0634765625 0.02734375
26 0.29931640625 0.37548828125 0.05859375 0.017578125
26 0.2900390625 0.30517578125 0.0517578125 0.021484375
51 0.71484375 0.2578125 0.0556640625 0.01953125
48 0.50146484375 0.17529296875 0.0703125 0.02734375
48 0.5400390625 0.23583984375 0.060546875 0.03515625
48 0.36376953125 0.265625 0.076171875 0.029296875
51 0.5078125 0.5029296875 0.0625 0.017578125
51 0.54345703125 0.56982421875 0.060546875 0.0234375
48 0.3359375 0.20068359375 0.068359375 0.025390625
6 0.35400390625 0.0751953125 0.07421875 0.0390625
6 0.15380859375 0.1240234375 0.06640625 0.02734375