3 0.39404296875 0.39697265625 0.009765625 0.0478515625
3 0.32666015625 0.40673828125 0.0107421875 0.046875
27 0.4921875 0.46484375 0.099609375 0.2998046875
3 0.40185546875 0.57373046875 0.0234375 0.06640625
19 0.4365234375 0.7685546875 0.0361328125 0.083984375
19 0.3681640625 0.66796875 0.03515625 0.0634765625
19 0.30810546875 0.84765625 0.033203125 0.064453125
22 0.3017578125 0.61279296875 0.0322265625 0.080078125
7 0.2763671875 0.5615234375 0.03125 0.08203125
7 0.26171875 0.7734375 0.0234375 0.07421875
50 0.2041015625 0.59814453125 0.033203125 0.0791015625
50 0.2275390625 0.80859375 0.01953125 0.076171875
38 0.19921875 0.84716796875 0.033203125 0.064453125
38 0.107421875 0.677734375 0.03515625 0.0625
14 0.142578125 0.63671875 0.0556640625 0.0625
10 0.09716796875 0.71826171875 0.0380859375 0.0546875
23 0.07177734375 0.7392578125 0.046875 0.0546875