3 0.39697265625 0.60595703125 0.0478515625 0.009765625
3 0.40673828125 0.67333984375 0.046875 0.0107421875
27 0.46484375 0.5078125 0.2998046875 0.099609375
19 0.580078125 0.76708984375 0.0703125 0.02734375
19 0.56201171875 0.8515625 0.08203125 0.02734375
3 0.57373046875 0.59814453125 0.06640625 0.0234375
19 0.767578125 0.76171875 0.0576171875 0.0205078125
22 0.576171875 0.9541015625 0.07421875 0.0380859375
7 0.6376953125 0.98779296875 0.0703125 0.0244140625
7 0.7900390625 0.89501953125 0.07421875 0.033203125
13 0.5205078125 0.89404296875 0.044921875 0.0380859375
13 0.51220703125 0.82080078125 0.056640625 0.037109375
3 0.58447265625 0.66357421875 0.0732421875 0.021484375