27 0.53515625 0.4921875 0.2998046875 0.099609375
10 0.54931640625 0.32421875 0.0625 0.02734375
10 0.5927734375 0.3857421875 0.0625 0.025390625
10 0.4287109375 0.42236328125 0.07421875 0.0185546875
19 0.20556640625 0.47412109375 0.0625 0.0361328125
19 0.28515625 0.40185546875 0.0615234375 0.0302734375
19 0.06591796875 0.41064453125 0.068359375 0.0322265625
10 0.3857421875 0.35693359375 0.056640625 0.021484375
19 0.1181640625 0.33837890625 0.0537109375 0.0322265625
23 0.2890625 0.3125 0.083984375 0.021484375
23 0.416015625 0.33349609375 0.076171875 0.017578125