20 0.166015625 0.583984375 0.05078125 0.013671875
54 0.31787109375 0.4599609375 0.05078125 0.01171875
40 0.17236328125 0.54931640625 0.05078125 0.0126953125
20 0.3486328125 0.64404296875 0.052734375 0.013671875
20 0.1748046875 0.650390625 0.048828125 0.013671875
54 0.142578125 0.3916015625 0.05078125 0.0107421875
54 0.14990234375 0.46240234375 0.05078125 0.0107421875
54 0.3154296875 0.39013671875 0.052734375 0.009765625
40 0.34619140625 0.55712890625 0.0537109375 0.013671875
40 0.35498046875 0.4873046875 0.0537109375 0.01171875
40 0.18115234375 0.48095703125 0.0537109375 0.015625
20 0.34228515625 0.578125 0.052734375 0.013671875