49 0.8525390625 0.49609375 0.0634765625 0.02734375
35 0.693359375 0.52685546875 0.05859375 0.01953125
35 0.70361328125 0.59423828125 0.0634765625 0.0234375
35 0.87939453125 0.59228515625 0.056640625 0.017578125
35 0.86767578125 0.52197265625 0.0703125 0.025390625
37 0.83056640625 0.4580078125 0.060546875 0.021484375
37 0.7890625 0.39111328125 0.05859375 0.0185546875
19 0.50537109375 0.15673828125 0.0703125 0.02734375
12 0.5703125 0.6123046875 0.060546875 0.021484375
51 0.5087890625 0.5498046875 0.064453125 0.021484375
39 0.30517578125 0.5322265625 0.064453125 0.021484375
53 0.44384765625 0.55712890625 0.046875 0.0390625
53 0.44287109375 0.61767578125 0.056640625 0.0234375
29 0.2109375 0.548828125 0.0546875 0.01953125
29 0.388671875 0.55419921875 0.052734375 0.01953125
29 0.38134765625 0.6220703125 0.056640625 0.0234375
29 0.20556640625 0.619140625 0.060546875 0.01953125
6 0.60546875 0.5439453125 0.05078125 0.0341796875
19 0.35205078125 0.28173828125 0.0625 0.025390625
11 0.1474609375 0.3203125 0.0703125 0.025390625
19 0.5517578125 0.2490234375 0.0703125 0.0322265625
11 0.15673828125 0.38720703125 0.0576171875 0.015625
11 0.3271484375 0.380859375 0.0546875 0.015625
11 0.39892578125 0.3720703125 0.060546875 0.0205078125