9 0.5068359375 0.69775390625 0.021484375 0.0693359375
9 0.552734375 0.8583984375 0.0205078125 0.060546875
49 0.50390625 0.8525390625 0.02734375 0.0634765625
35 0.47314453125 0.693359375 0.01953125 0.05859375
35 0.40576171875 0.70361328125 0.0234375 0.0634765625
35 0.40771484375 0.87939453125 0.017578125 0.056640625
25 0.8408203125 0.73193359375 0.03125 0.0537109375
25 0.78125 0.78955078125 0.0302734375 0.0546875
25 0.79296875 0.576171875 0.029296875 0.048828125
41 0.833984375 0.7919921875 0.03515625 0.037109375
23 0.72216796875 0.80517578125 0.021484375 0.060546875
23 0.658203125 0.81591796875 0.021484375 0.0537109375
35 0.47802734375 0.86767578125 0.025390625 0.0703125
0 0.95654296875 0.3681640625 0.04296875 0.07421875
36 0.900390625 0.39501953125 0.0361328125 0.072265625
36 0.8125 0.4326171875 0.03125 0.0732421875
38 0.7666015625 0.0966796875 0.0341796875 0.044921875
38 0.75830078125 0.35986328125 0.033203125 0.056640625
38 0.68994140625 0.2265625 0.03515625 0.06640625
26 0.65966796875 0.3408203125 0.017578125 0.056640625
37 0.52783203125 0.5888671875 0.025390625 0.0546875
37 0.5380859375 0.76318359375 0.021484375 0.060546875
37 0.6083984375 0.74853515625 0.0234375 0.05859375