9 0.30224609375 0.5068359375 0.0693359375 0.021484375
9 0.1416015625 0.552734375 0.060546875 0.0205078125
49 0.1474609375 0.50390625 0.0634765625 0.02734375
35 0.306640625 0.47314453125 0.05859375 0.01953125
35 0.29638671875 0.40576171875 0.0634765625 0.0234375
35 0.12060546875 0.40771484375 0.0576171875 0.017578125
25 0.28125 0.83447265625 0.052734375 0.0234375
25 0.24267578125 0.77001953125 0.0615234375 0.025390625
25 0.44873046875 0.806640625 0.0556640625 0.0234375
23 0.19384765625 0.7177734375 0.060546875 0.021484375
23 0.18994140625 0.64990234375 0.0537109375 0.021484375
35 0.13232421875 0.47802734375 0.0703125 0.025390625
37 0.4111328125 0.52783203125 0.0546875 0.025390625
37 0.23681640625 0.5380859375 0.060546875 0.021484375
37 0.25146484375 0.6083984375 0.05859375 0.0234375
25 0.41162109375 0.73828125 0.0703125 0.02734375
23 0.36767578125 0.71435546875 0.056640625 0.0234375
23 0.36181640625 0.6484375 0.0673828125 0.01953125
26 0.494140625 0.681640625 0.06640625 0.0283203125
26 0.5205078125 0.75244140625 0.052734375 0.02734375
25 0.34326171875 0.73583984375 0.0703125 0.02734375
37 0.42626953125 0.599609375 0.056640625 0.0205078125
25 0.19775390625 0.791015625 0.048828125 0.03125
26 0.69140625 0.73095703125 0.0537109375 0.025390625
26 0.66650390625 0.65966796875 0.0576171875 0.0234375