9 0.5068359375 0.69775390625 0.021484375 0.0693359375
9 0.552734375 0.8583984375 0.0205078125 0.060546875
49 0.50390625 0.8525390625 0.02734375 0.0634765625
35 0.47314453125 0.693359375 0.01953125 0.05859375
35 0.40576171875 0.70361328125 0.0234375 0.0634765625
35 0.40771484375 0.87939453125 0.017578125 0.056640625
23 0.712890625 0.8759765625 0.021484375 0.060546875
23 0.6484375 0.8984375 0.021484375 0.0537109375
35 0.47802734375 0.86767578125 0.025390625 0.0703125
37 0.529296875 0.5849609375 0.021484375 0.0625
37 0.5380859375 0.76318359375 0.021484375 0.060546875
37 0.60595703125 0.74853515625 0.0185546875 0.05859375
37 0.599609375 0.57373046875 0.0205078125 0.056640625
25 0.76611328125 0.7822265625 0.03125 0.048828125
26 0.63427734375 0.46728515625 0.0234375 0.060546875
10 0.640625 0.81201171875 0.0244140625 0.068359375
10 0.70751953125 0.78173828125 0.0244140625 0.0615234375
10 0.619140625 0.6416015625 0.01953125 0.068359375
10 0.6875 0.6103515625 0.029296875 0.0703125
26 0.70068359375 0.4619140625 0.0234375 0.056640625
25 0.8173828125 0.755859375 0.0390625 0.046875
52 0.73974609375 0.66015625 0.015625 0.05859375
54 0.50537109375 0.296875 0.0224609375 0.0498046875
51 0.7421875 0.71484375 0.01953125 0.0556640625
48 0.82470703125 0.50146484375 0.02734375 0.0703125
48 0.76416015625 0.5400390625 0.03515625 0.060546875
12 0.4580078125 0.58349609375 0.0205078125 0.052734375
12 0.3876953125 0.5703125 0.021484375 0.060546875
40 0.5107421875 0.423828125 0.0234375 0.0576171875
40 0.5791015625 0.4453125 0.01953125 0.0615234375
40 0.59521484375 0.27587890625 0.01953125 0.0576171875
40 0.52685546875 0.25439453125 0.01953125 0.0556640625
11 0.685546875 0.43701171875 0.017578125 0.052734375
11 0.61962890625 0.41552734375 0.01953125 0.056640625
11 0.6357421875 0.24462890625 0.0205078125 0.052734375
51 0.4501953125 0.5087890625 0.021484375 0.064453125
39 0.4677734375 0.30517578125 0.021484375 0.064453125
53 0.443359375 0.4482421875 0.0390625 0.046875
53 0.38232421875 0.44287109375 0.0234375 0.056640625
29 0.451171875 0.2109375 0.01953125 0.0546875
29 0.44580078125 0.388671875 0.01953125 0.052734375
29 0.3779296875 0.38134765625 0.0234375 0.056640625
29 0.380859375 0.20556640625 0.01953125 0.060546875
11 0.70556640625 0.26220703125 0.025390625 0.068359375
48 0.73095703125 0.369140625 0.0244140625 0.0712890625
14 0.7529296875 0.2685546875 0.0302734375 0.08984375
14 0.8525390625 0.306640625 0.0234375 0.080078125
14 0.75537109375 0.03857421875 0.0263671875 0.072265625
8 0.8974609375 0.29345703125 0.021484375 0.080078125
6 0.9443359375 0.267578125 0.03125 0.083984375
36 0.97607421875 0.26513671875 0.037109375 0.080078125