23 0.34375 0.18701171875 0.009765625 0.0546875
41 0.22705078125 0.177734375 0.0107421875 0.0498046875
23 0.2744140625 0.18896484375 0.009765625 0.05078125
23 0.3515625 0.36376953125 0.009765625 0.05078125
41 0.16162109375 0.2197265625 0.013671875 0.0478515625
23 0.2841796875 0.37158203125 0.01171875 0.0478515625
41 0.18701171875 0.38623046875 0.0146484375 0.0478515625
41 0.25439453125 0.3525390625 0.017578125 0.0546875
24 0.380859375 0.16748046875 0.021484375 0.0625
24 0.45263671875 0.138671875 0.0234375 0.0625
24 0.40283203125 0.33349609375 0.025390625 0.064453125
27 0.1318359375 0.7216796875 0.107421875 0.298828125
24 0.46923828125 0.3037109375 0.02734375 0.064453125
49 0.515625 0.30029296875 0.0234375 0.0654296875
49 0.50244140625 0.12646484375 0.029296875 0.0693359375
49 0.583984375 0.2822265625 0.021484375 0.064453125
49 0.56982421875 0.10888671875 0.021484375 0.05859375
36 0.171875 0.56689453125 0.0380859375 0.064453125
36 0.23388671875 0.7646484375 0.01953125 0.056640625
37 0.25244140625 0.755859375 0.033203125 0.0595703125
37 0.19482421875 0.56591796875 0.025390625 0.060546875
26 0.23046875 0.55712890625 0.033203125 0.0771484375
26 0.275390625 0.7451171875 0.0234375 0.0654296875
38 0.29833984375 0.744140625 0.01953125 0.06640625
38 0.255859375 0.55078125 0.03125 0.060546875
7 0.31640625 0.55322265625 0.025390625 0.07421875
42 0.38232421875 0.56103515625 0.03125 0.078125
42 0.3369140625 0.7353515625 0.0302734375 0.0625
42 0.45947265625 0.63037109375 0.0322265625 0.0673828125