9 0.30224609375 0.5068359375 0.0693359375 0.021484375
9 0.1416015625 0.552734375 0.060546875 0.0205078125
49 0.1474609375 0.50390625 0.0634765625 0.02734375
35 0.306640625 0.47314453125 0.05859375 0.01953125
35 0.29638671875 0.40576171875 0.0634765625 0.0234375
35 0.12060546875 0.40771484375 0.0576171875 0.017578125
25 0.26806640625 0.8408203125 0.0537109375 0.03125
25 0.21044921875 0.78125 0.0546875 0.0302734375
25 0.423828125 0.79296875 0.048828125 0.029296875
25 0.35986328125 0.7333984375 0.0546875 0.0234375
41 0.2080078125 0.833984375 0.037109375 0.03515625
23 0.19482421875 0.72216796875 0.060546875 0.021484375
23 0.3701171875 0.71337890625 0.0546875 0.0205078125
23 0.18408203125 0.658203125 0.0537109375 0.021484375
35 0.13232421875 0.47802734375 0.0703125 0.025390625
42 0.23046875 0.62060546875 0.0791015625 0.02734375
42 0.39794921875 0.59423828125 0.06640625 0.0244140625
42 0.1943359375 0.55322265625 0.05859375 0.02734375
42 0.36376953125 0.52685546875 0.064453125 0.0234375
7 0.70654296875 0.6318359375 0.068359375 0.037109375
7 0.6689453125 0.72021484375 0.072265625 0.02734375
23 0.359375 0.6474609375 0.05859375 0.021484375
7 0.8662109375 0.73486328125 0.0751953125 0.025390625
38 0.583984375 0.763671875 0.076171875 0.025390625
38 0.60986328125 0.6728515625 0.078125 0.025390625
38 0.79638671875 0.77099609375 0.0732421875 0.025390625
26 0.521484375 0.7490234375 0.0546875 0.0224609375
26 0.49560546875 0.6845703125 0.0703125 0.0234375
37 0.80322265625 0.81884765625 0.07421875 0.0234375
37 0.5849609375 0.8369140625 0.0732421875 0.025390625
36 0.654296875 0.91259765625 0.0654296875 0.03515625
0 0.68896484375 0.9697265625 0.06640625 0.05078125