12 0.3857421875 0.576171875 0.021484375 0.060546875
51 0.4501953125 0.5087890625 0.021484375 0.064453125
39 0.4677734375 0.30517578125 0.021484375 0.064453125
53 0.44287109375 0.44384765625 0.0390625 0.046875
53 0.38232421875 0.44287109375 0.0234375 0.056640625
29 0.451171875 0.2109375 0.01953125 0.0546875
29 0.44580078125 0.388671875 0.01953125 0.052734375
29 0.3779296875 0.38134765625 0.0234375 0.056640625
29 0.380859375 0.20556640625 0.01953125 0.060546875
12 0.443359375 0.58984375 0.0341796875 0.05078125
27 0.85986328125 0.24658203125 0.1103515625 0.37890625
40 0.64794921875 0.37158203125 0.0234375 0.076171875
40 0.75048828125 0.1396484375 0.0390625 0.087890625