23 0.65625 0.81298828125 0.009765625 0.0546875
41 0.77294921875 0.822265625 0.0107421875 0.0498046875
23 0.7255859375 0.81103515625 0.009765625 0.0517578125
23 0.6484375 0.63623046875 0.009765625 0.05078125
41 0.83837890625 0.7802734375 0.013671875 0.0478515625
23 0.7158203125 0.62841796875 0.01171875 0.0478515625
41 0.81298828125 0.61376953125 0.0146484375 0.0478515625
41 0.74560546875 0.6474609375 0.017578125 0.0546875
24 0.619140625 0.83251953125 0.021484375 0.0625
24 0.54736328125 0.861328125 0.0234375 0.0625
24 0.59716796875 0.66650390625 0.025390625 0.064453125
27 0.8681640625 0.2900390625 0.107421875 0.3232421875
24 0.53076171875 0.6962890625 0.02734375 0.064453125
49 0.484375 0.69970703125 0.0234375 0.0654296875
49 0.49755859375 0.87353515625 0.029296875 0.0693359375
49 0.416015625 0.7177734375 0.021484375 0.064453125
49 0.43017578125 0.89111328125 0.021484375 0.05859375