27 0.80859375 0.80517578125 0.3828125 0.203125
44 0.2294921875 0.3779296875 0.0546875 0.0126953125
19 0.26953125 0.5859375 0.0517578125 0.009765625
29 0.212890625 0.85546875 0.048828125 0.0146484375
44 0.23046875 0.447265625 0.05078125 0.01171875
40 0.1572265625 0.494140625 0.05078125 0.01171875
14 0.31005859375 0.78662109375 0.05078125 0.01171875
54 0.1337890625 0.38720703125 0.052734375 0.01171875
32 0.23876953125 0.484375 0.0498046875 0.01171875
20 0.16455078125 0.58056640625 0.0517578125 0.01171875
54 0.30712890625 0.45947265625 0.052734375 0.009765625
54 0.13623046875 0.4580078125 0.044921875 0.013671875
32 0.255859375 0.55419921875 0.048828125 0.01171875
40 0.17529296875 0.56201171875 0.05078125 0.0078125
14 0.32373046875 0.8544921875 0.052734375 0.0126953125
20 0.16748046875 0.6484375 0.0517578125 0.0126953125
19 0.2763671875 0.65283203125 0.0478515625 0.009765625
2 0.314453125 0.7578125 0.05078125 0.0126953125
2 0.30224609375 0.6904296875 0.052734375 0.0126953125
13 0.19091796875 0.748046875 0.029296875 0.01953125
13 0.1787109375 0.6943359375 0.03125 0.01953125
29 0.20361328125 0.7890625 0.05078125 0.01171875
37 0.4189453125 0.85205078125 0.048828125 0.0107421875
37 0.3994140625 0.78662109375 0.0498046875 0.009765625
26 0.408203125 0.75146484375 0.05078125 0.013671875
26 0.40380859375 0.6806640625 0.0537109375 0.009765625
3 0.390625 0.64404296875 0.046875 0.013671875
3 0.38818359375 0.57568359375 0.0517578125 0.01171875
12 0.3662109375 0.55517578125 0.046875 0.0107421875
12 0.34619140625 0.486328125 0.05078125 0.0078125
45 0.32177734375 0.439453125 0.052734375 0.0078125
45 0.4951171875 0.4404296875 0.0546875 0.01171875
45 0.49560546875 0.37158203125 0.05078125 0.01171875
45 0.32177734375 0.36962890625 0.048828125 0.0107421875
11 0.52392578125 0.8369140625 0.046875 0.009765625
11 0.52490234375 0.7685546875 0.046875 0.0107421875
43 0.5048828125 0.732421875 0.048828125 0.013671875
43 0.677734375 0.74755859375 0.052734375 0.01171875
43 0.6962890625 0.68017578125 0.0458984375 0.013671875
43 0.52734375 0.6650390625 0.05078125 0.0146484375
35 0.67138671875 0.6357421875 0.052734375 0.0126953125
35 0.49462890625 0.6396484375 0.0546875 0.01171875
35 0.490234375 0.57080078125 0.0458984375 0.009765625
35 0.66650390625 0.5673828125 0.05078125 0.01171875
36 0.65576171875 0.5380859375 0.048828125 0.013671875
36 0.48095703125 0.5537109375 0.0478515625 0.009765625
36 0.458984375 0.4873046875 0.048828125 0.009765625
36 0.63671875 0.4716796875 0.0458984375 0.0107421875
12 0.515625 0.47119140625 0.0478515625 0.009765625