27 0.19482421875 0.80859375 0.203125 0.3828125
44 0.6220703125 0.2294921875 0.0126953125 0.0546875
19 0.4140625 0.26953125 0.009765625 0.0517578125
29 0.14453125 0.212890625 0.0146484375 0.048828125
44 0.552734375 0.23046875 0.01171875 0.05078125
40 0.505859375 0.1572265625 0.01171875 0.05078125
14 0.21337890625 0.31005859375 0.01171875 0.05078125
54 0.61279296875 0.1337890625 0.01171875 0.052734375
32 0.515625 0.23876953125 0.01171875 0.0498046875
20 0.41943359375 0.16455078125 0.01171875 0.0517578125
54 0.54052734375 0.30712890625 0.009765625 0.052734375
54 0.5419921875 0.13623046875 0.013671875 0.044921875
32 0.44580078125 0.255859375 0.01171875 0.048828125
40 0.43798828125 0.17529296875 0.0078125 0.05078125
14 0.1455078125 0.32373046875 0.0126953125 0.052734375
20 0.3515625 0.16748046875 0.0126953125 0.0517578125
19 0.34716796875 0.2763671875 0.009765625 0.0478515625
2 0.2421875 0.314453125 0.0126953125 0.05078125
2 0.3095703125 0.30224609375 0.0126953125 0.052734375
13 0.251953125 0.19091796875 0.01953125 0.029296875
13 0.3056640625 0.1787109375 0.01953125 0.03125
29 0.2109375 0.20361328125 0.01171875 0.05078125
37 0.14794921875 0.4189453125 0.0107421875 0.048828125
37 0.21337890625 0.3994140625 0.009765625 0.0498046875
26 0.24853515625 0.408203125 0.013671875 0.05078125
26 0.3193359375 0.40380859375 0.009765625 0.0537109375
3 0.35595703125 0.390625 0.013671875 0.046875
3 0.42431640625 0.38818359375 0.01171875 0.0517578125
12 0.44482421875 0.3662109375 0.0107421875 0.046875
12 0.513671875 0.34619140625 0.0078125 0.05078125
45 0.560546875 0.32177734375 0.0078125 0.052734375
45 0.5595703125 0.4951171875 0.01171875 0.0546875
45 0.62841796875 0.49560546875 0.01171875 0.05078125
45 0.63037109375 0.32177734375 0.0107421875 0.048828125
11 0.1630859375 0.52392578125 0.009765625 0.046875
11 0.2314453125 0.52490234375 0.0107421875 0.046875
43 0.267578125 0.5048828125 0.013671875 0.048828125
43 0.25244140625 0.677734375 0.01171875 0.052734375
43 0.31982421875 0.6962890625 0.013671875 0.0458984375
43 0.3349609375 0.52734375 0.0146484375 0.05078125
35 0.3642578125 0.67138671875 0.0126953125 0.052734375
35 0.3603515625 0.49462890625 0.01171875 0.0546875
35 0.42919921875 0.490234375 0.009765625 0.0458984375
35 0.4326171875 0.66650390625 0.01171875 0.05078125
36 0.4619140625 0.65576171875 0.013671875 0.048828125
36 0.4462890625 0.48095703125 0.009765625 0.0478515625
36 0.5126953125 0.458984375 0.009765625 0.048828125
36 0.5283203125 0.63671875 0.0107421875 0.0458984375
12 0.52880859375 0.515625 0.009765625 0.0478515625