7 0.60791015625 0.3916015625 0.056640625 0.0166015625
7 0.59375 0.32373046875 0.0537109375 0.015625
27 0.53515625 0.4921875 0.2998046875 0.099609375
7 0.43359375 0.40234375 0.05859375 0.0185546875
7 0.41748046875 0.33544921875 0.0615234375 0.01953125
24 0.23779296875 0.1064453125 0.07421875 0.048828125
19 0.099609375 0.2861328125 0.072265625 0.033203125
19 0.26953125 0.326171875 0.052734375 0.02734375
19 0.205078125 0.40087890625 0.064453125 0.033203125
19 0.06005859375 0.361328125 0.052734375 0.03515625
22 0.341796875 0.306640625 0.064453125 0.029296875
50 0.341796875 0.28173828125 0.072265625 0.0224609375
22 0.162109375 0.2734375 0.064453125 0.0244140625
14 0.166015625 0.24853515625 0.080078125 0.02734375
14 0.36279296875 0.23779296875 0.07421875 0.03125
38 0.3701171875 0.17822265625 0.0625 0.029296875
10 0.3359375 0.154296875 0.064453125 0.029296875
23 0.318359375 0.12109375 0.0625 0.04296875