9 0.30224609375 0.5068359375 0.0693359375 0.021484375
9 0.1416015625 0.552734375 0.060546875 0.0205078125
49 0.1474609375 0.50390625 0.0634765625 0.02734375
35 0.306640625 0.47314453125 0.05859375 0.01953125
35 0.29638671875 0.40576171875 0.0634765625 0.0234375
35 0.12060546875 0.40771484375 0.0576171875 0.017578125
23 0.1240234375 0.712890625 0.060546875 0.021484375
23 0.1015625 0.6484375 0.0537109375 0.021484375
35 0.13232421875 0.47802734375 0.0703125 0.025390625
37 0.4150390625 0.529296875 0.0625 0.021484375
37 0.23681640625 0.5380859375 0.060546875 0.021484375
37 0.25146484375 0.60595703125 0.05859375 0.0185546875
37 0.42626953125 0.599609375 0.056640625 0.0205078125
25 0.2177734375 0.76611328125 0.048828125 0.03125
26 0.53271484375 0.63427734375 0.060546875 0.0234375
10 0.18798828125 0.640625 0.068359375 0.0244140625
10 0.21826171875 0.70751953125 0.0615234375 0.0244140625
10 0.3583984375 0.619140625 0.068359375 0.01953125
10 0.3896484375 0.6875 0.0703125 0.029296875
26 0.5380859375 0.70068359375 0.056640625 0.0234375
25 0.244140625 0.8173828125 0.046875 0.0390625
52 0.33984375 0.73974609375 0.05859375 0.015625
54 0.703125 0.50537109375 0.0498046875 0.0224609375
51 0.28515625 0.7421875 0.0556640625 0.01953125
48 0.49853515625 0.82470703125 0.0703125 0.02734375
48 0.4599609375 0.76416015625 0.060546875 0.03515625
51 0.486328125 0.4599609375 0.060546875 0.0234375
51 0.51220703125 0.39208984375 0.05859375 0.029296875
51 0.65478515625 0.47802734375 0.052734375 0.021484375
51 0.68115234375 0.4130859375 0.05859375 0.021484375
12 0.41650390625 0.4580078125 0.052734375 0.0205078125
12 0.4296875 0.3876953125 0.060546875 0.021484375
48 0.6630859375 0.80029296875 0.0703125 0.0234375
48 0.6337890625 0.7333984375 0.0673828125 0.02734375
40 0.576171875 0.5107421875 0.0576171875 0.0234375
40 0.5546875 0.5791015625 0.0615234375 0.01953125
40 0.72412109375 0.59521484375 0.0576171875 0.01953125
40 0.74560546875 0.52685546875 0.0556640625 0.01953125
11 0.56298828125 0.685546875 0.052734375 0.017578125
11 0.58447265625 0.61962890625 0.056640625 0.01953125
11 0.75537109375 0.6357421875 0.052734375 0.0205078125
11 0.73291015625 0.70361328125 0.06640625 0.0234375
8 0.7919921875 0.8935546875 0.072265625 0.0302734375
39 0.7724609375 0.85400390625 0.068359375 0.033203125
39 0.79833984375 0.916015625 0.0751953125 0.0341796875
29 0.84716796875 0.9765625 0.072265625 0.0390625