44 0.89599609375 0.44384765625 0.1875 0.068359375
44 0.27587890625 0.453125 0.2119140625 0.064453125
5 0.45263671875 0.97265625 0.205078125 0.0546875
1 0.8896484375 0.88623046875 0.169921875 0.0810546875
45 0.796875 0.38818359375 0.1826171875 0.087890625
30 0.59619140625 0.38623046875 0.146484375 0.10546875
32 0.3291015625 0.85693359375 0.1796875 0.06640625
46 0.86572265625 0.52001953125 0.2109375 0.056640625
46 0.90869140625 0.76123046875 0.1826171875 0.0400390625
46 0.291015625 0.7939453125 0.1884765625 0.060546875
46 0.24755859375 0.556640625 0.21875 0.0634765625