47 0.0859375 0.71630859375 0.0498046875 0.013671875
47 0.08544921875 0.783203125 0.0537109375 0.013671875
47 0.26318359375 0.72021484375 0.0537109375 0.0126953125
47 0.25732421875 0.78857421875 0.05078125 0.0107421875
9 0.23046875 0.56591796875 0.05078125 0.009765625
18 0.25244140625 0.6806640625 0.0498046875 0.015625
18 0.08447265625 0.6064453125 0.052734375 0.0126953125
18 0.076171875 0.67431640625 0.0478515625 0.013671875
9 0.05419921875 0.57080078125 0.056640625 0.01171875
9 0.22705078125 0.49853515625 0.05078125 0.01171875
18 0.26171875 0.6142578125 0.048828125 0.01171875
9 0.04638671875 0.501953125 0.052734375 0.0107421875
3 0.42626953125 0.51171875 0.0146484375 0.0283203125
3 0.3046875 0.5087890625 0.017578125 0.02734375
3 0.3115234375 0.41064453125 0.0185546875 0.029296875
3 0.43310546875 0.41064453125 0.0185546875 0.0302734375
25 0.59716796875 0.50439453125 0.0166015625 0.029296875
25 0.47314453125 0.505859375 0.0166015625 0.02734375
25 0.46826171875 0.40771484375 0.0185546875 0.02734375
25 0.5908203125 0.40673828125 0.0185546875 0.029296875
37 0.783203125 0.48779296875 0.021484375 0.0263671875
37 0.66650390625 0.50390625 0.0234375 0.025390625
37 0.62109375 0.40966796875 0.0224609375 0.029296875
37 0.7373046875 0.3916015625 0.0234375 0.0283203125
1 0.66455078125 0.58251953125 0.046875 0.0107421875
1 0.8291015625 0.50732421875 0.048828125 0.009765625
49 0.50244140625 0.9033203125 0.0185546875 0.02734375
49 0.484375 0.80908203125 0.0234375 0.02734375
49 0.3623046875 0.81494140625 0.0244140625 0.0302734375
11 0.94140625 0.765625 0.046875 0.015625
11 0.7802734375 0.8037109375 0.046875 0.01953125