44 0.2294921875 0.3779296875 0.0546875 0.0126953125
29 0.212890625 0.85546875 0.048828125 0.0146484375
44 0.23046875 0.447265625 0.05078125 0.01171875
40 0.1572265625 0.494140625 0.05078125 0.01171875
14 0.31005859375 0.78662109375 0.05078125 0.01171875
54 0.1337890625 0.38720703125 0.052734375 0.01171875
32 0.23876953125 0.484375 0.0498046875 0.01171875
20 0.205078125 0.54345703125 0.0517578125 0.017578125
54 0.30712890625 0.45947265625 0.052734375 0.009765625
54 0.13623046875 0.4580078125 0.044921875 0.013671875
14 0.32373046875 0.8544921875 0.052734375 0.0126953125
20 0.16357421875 0.60595703125 0.0517578125 0.0166015625
2 0.3115234375 0.75390625 0.05078125 0.0126953125
13 0.19091796875 0.748046875 0.029296875 0.01953125
29 0.20361328125 0.7890625 0.05078125 0.01171875
37 0.4189453125 0.85205078125 0.048828125 0.0107421875
37 0.3994140625 0.78662109375 0.0498046875 0.009765625
12 0.34423828125 0.48095703125 0.05078125 0.009765625
45 0.32177734375 0.439453125 0.052734375 0.0078125
45 0.32177734375 0.36962890625 0.048828125 0.0107421875
11 0.52392578125 0.8369140625 0.046875 0.009765625
36 0.458984375 0.48486328125 0.048828125 0.009765625
18 0.4443359375 0.44091796875 0.046875 0.0087890625
18 0.443359375 0.375 0.046875 0.013671875
47 0.59619140625 0.83544921875 0.0546875 0.0126953125
9 0.5146484375 0.39404296875 0.05078125 0.01171875
39 0.7119140625 0.4111328125 0.05078125 0.013671875
9 0.529296875 0.46435546875 0.0517578125 0.013671875
42 0.64453125 0.4482421875 0.0517578125 0.013671875
39 0.7607421875 0.47509765625 0.0546875 0.0126953125
42 0.6455078125 0.38037109375 0.0546875 0.01171875
1 0.56103515625 0.4775390625 0.046875 0.01171875
49 0.63916015625 0.478515625 0.044921875 0.013671875
39 0.86767578125 0.37451171875 0.0478515625 0.0126953125
15 0.29541015625 0.734375 0.0478515625 0.013671875
15 0.33251953125 0.66943359375 0.0458984375 0.0166015625
34 0.20361328125 0.70751953125 0.0478515625 0.015625
34 0.2431640625 0.64306640625 0.046875 0.015625
38 0.71923828125 0.83056640625 0.05078125 0.01171875
17 0.40576171875 0.75 0.05078125 0.01171875
22 0.482421875 0.58544921875 0.05078125 0.015625
22 0.5224609375 0.52001953125 0.044921875 0.0166015625
31 0.3662109375 0.580078125 0.046875 0.017578125
14 0.4013671875 0.51416015625 0.0546875 0.015625
33 0.28955078125 0.58740234375 0.0546875 0.015625
33 0.30419921875 0.51953125 0.0498046875 0.013671875
5 0.474609375 0.75048828125 0.0537109375 0.013671875
13 0.55078125 0.7548828125 0.033203125 0.017578125
47 0.771484375 0.84375 0.056640625 0.013671875
7 0.63427734375 0.763671875 0.0478515625 0.013671875
6 0.80615234375 0.62451171875 0.0537109375 0.013671875
50 0.583984375 0.603515625 0.052734375 0.013671875
50 0.5947265625 0.53515625 0.0517578125 0.01171875
48 0.73193359375 0.64599609375 0.05078125 0.013671875
39 0.91943359375 0.4375 0.05078125 0.015625
8 0.9169921875 0.4697265625 0.056640625 0.0126953125
13 0.74853515625 0.5224609375 0.0361328125 0.013671875
13 0.740234375 0.576171875 0.03515625 0.013671875
4 0.68798828125 0.599609375 0.052734375 0.013671875
4 0.66796875 0.53271484375 0.05078125 0.009765625
16 0.7080078125 0.7568359375 0.044921875 0.0146484375
31 0.30224609375 0.64111328125 0.046875 0.01953125
16 0.8740234375 0.79443359375 0.048828125 0.01953125
53 0.83447265625 0.84130859375 0.05078125 0.017578125
41 0.73095703125 0.734375 0.046875 0.015625
41 0.56787109375 0.70654296875 0.0478515625 0.015625
41 0.60595703125 0.63916015625 0.044921875 0.015625
41 0.765625 0.6669921875 0.0458984375 0.0146484375
46 0.53515625 0.62939453125 0.0458984375 0.0205078125
46 0.46923828125 0.689453125 0.04296875 0.01953125
21 0.39501953125 0.6728515625 0.0458984375 0.017578125
21 0.45703125 0.61376953125 0.0458984375 0.0205078125
46 0.6220703125 0.7412109375 0.048828125 0.021484375