9 0.447265625 0.1416015625 0.0205078125 0.060546875
49 0.49609375 0.1474609375 0.02734375 0.0634765625
35 0.52685546875 0.306640625 0.01953125 0.05859375
35 0.59423828125 0.29638671875 0.0234375 0.0634765625
35 0.59228515625 0.12060546875 0.017578125 0.056640625
23 0.287109375 0.1240234375 0.021484375 0.060546875
23 0.3515625 0.1015625 0.021484375 0.0537109375
35 0.52197265625 0.13232421875 0.025390625 0.0703125
37 0.453125 0.203125 0.021484375 0.060546875
37 0.39111328125 0.24072265625 0.0185546875 0.05859375
25 0.23388671875 0.2177734375 0.03125 0.048828125
26 0.36572265625 0.53271484375 0.0234375 0.060546875
10 0.359375 0.18798828125 0.0244140625 0.068359375
10 0.29248046875 0.21826171875 0.0244140625 0.0615234375
10 0.380859375 0.3583984375 0.01953125 0.068359375
10 0.3125 0.3896484375 0.029296875 0.0703125
26 0.29931640625 0.5380859375 0.0234375 0.056640625
25 0.1826171875 0.244140625 0.0390625 0.046875
52 0.26025390625 0.33984375 0.015625 0.05859375
51 0.2578125 0.28515625 0.01953125 0.0556640625
48 0.17529296875 0.49853515625 0.02734375 0.0703125
48 0.23583984375 0.4599609375 0.03515625 0.060546875
12 0.6123046875 0.4296875 0.021484375 0.060546875
40 0.4951171875 0.62646484375 0.0234375 0.0576171875
40 0.42724609375 0.62353515625 0.01953125 0.0615234375
11 0.38037109375 0.58447265625 0.01953125 0.056640625
51 0.5498046875 0.4912109375 0.021484375 0.064453125
39 0.5322265625 0.69482421875 0.021484375 0.064453125
53 0.55712890625 0.55615234375 0.0390625 0.046875
53 0.61767578125 0.55712890625 0.0234375 0.056640625
29 0.548828125 0.7890625 0.01953125 0.0546875
29 0.55419921875 0.611328125 0.01953125 0.052734375
29 0.6220703125 0.61865234375 0.0234375 0.056640625
29 0.619140625 0.79443359375 0.01953125 0.060546875
11 0.29638671875 0.73291015625 0.0244140625 0.06640625
54 0.41943359375 0.55029296875 0.0224609375 0.0625
54 0.48779296875 0.53759765625 0.0185546875 0.056640625
40 0.498046875 0.79052734375 0.015625 0.05859375
40 0.4287109375 0.79248046875 0.0185546875 0.056640625
11 0.365234375 0.7568359375 0.0205078125 0.0546875
11 0.3115234375 0.5654296875 0.021484375 0.0625
48 0.267578125 0.6318359375 0.0244140625 0.080078125
48 0.1982421875 0.66552734375 0.02734375 0.060546875
22 0.1494140625 0.83935546875 0.0234375 0.0859375
22 0.0400390625 0.81884765625 0.025390625 0.068359375
21 0.40673828125 0.302734375 0.0234375 0.0625
21 0.44140625 0.4677734375 0.01953125 0.05859375
6 0.42626953125 0.34716796875 0.033203125 0.052734375
6 0.47265625 0.259765625 0.03515625 0.046875
6 0.50048828125 0.47802734375 0.0341796875 0.0478515625
6 0.5439453125 0.39453125 0.0341796875 0.05078125