3 0.60595703125 0.60302734375 0.009765625 0.0478515625
3 0.67333984375 0.59326171875 0.0107421875 0.046875
27 0.5078125 0.53515625 0.099609375 0.2998046875
19 0.76708984375 0.419921875 0.02734375 0.0703125
19 0.8515625 0.43798828125 0.02734375 0.08203125
3 0.59814453125 0.42626953125 0.0234375 0.06640625
19 0.76171875 0.232421875 0.0205078125 0.0576171875
22 0.9541015625 0.423828125 0.0380859375 0.07421875
7 0.98779296875 0.3623046875 0.0244140625 0.0703125
7 0.89501953125 0.2099609375 0.033203125 0.07421875
13 0.89404296875 0.4794921875 0.0380859375 0.044921875
13 0.82080078125 0.48779296875 0.037109375 0.056640625
3 0.66357421875 0.41552734375 0.021484375 0.0732421875