44 0.3779296875 0.7705078125 0.0126953125 0.0546875
29 0.85546875 0.787109375 0.0146484375 0.048828125
44 0.447265625 0.76953125 0.01171875 0.05078125
40 0.494140625 0.8427734375 0.01171875 0.05078125
14 0.78662109375 0.68994140625 0.01171875 0.05078125
54 0.38720703125 0.8662109375 0.01171875 0.052734375
32 0.484375 0.76123046875 0.01171875 0.0498046875
20 0.54345703125 0.794921875 0.017578125 0.0517578125
54 0.45947265625 0.69287109375 0.009765625 0.052734375
54 0.4580078125 0.86376953125 0.013671875 0.044921875
14 0.8544921875 0.67626953125 0.0126953125 0.052734375
20 0.60595703125 0.83642578125 0.0166015625 0.0517578125
2 0.75390625 0.6884765625 0.0126953125 0.05078125
13 0.748046875 0.80908203125 0.01953125 0.029296875
29 0.7890625 0.79638671875 0.01171875 0.05078125
37 0.85205078125 0.5810546875 0.0107421875 0.048828125
37 0.78662109375 0.6005859375 0.009765625 0.0498046875
12 0.48095703125 0.65576171875 0.009765625 0.05078125
45 0.439453125 0.67822265625 0.0078125 0.052734375
45 0.36962890625 0.67822265625 0.0107421875 0.048828125
11 0.8369140625 0.47607421875 0.009765625 0.046875
36 0.48486328125 0.541015625 0.009765625 0.048828125
18 0.44091796875 0.5556640625 0.0087890625 0.046875
18 0.375 0.556640625 0.013671875 0.046875
47 0.83544921875 0.40380859375 0.0126953125 0.0546875
9 0.39404296875 0.4853515625 0.01171875 0.05078125
39 0.4111328125 0.2880859375 0.013671875 0.05078125
9 0.46435546875 0.470703125 0.013671875 0.0517578125
42 0.4482421875 0.35546875 0.013671875 0.0517578125
39 0.47509765625 0.2392578125 0.0126953125 0.0546875
42 0.38037109375 0.3544921875 0.01171875 0.0546875
1 0.4775390625 0.43896484375 0.01171875 0.046875
49 0.478515625 0.36083984375 0.013671875 0.044921875
39 0.37451171875 0.13232421875 0.0126953125 0.0478515625
15 0.734375 0.70458984375 0.013671875 0.0478515625
15 0.66943359375 0.66748046875 0.0166015625 0.0458984375
34 0.70751953125 0.79638671875 0.015625 0.0478515625
34 0.64306640625 0.7568359375 0.015625 0.046875
38 0.83056640625 0.28076171875 0.01171875 0.05078125
17 0.75 0.59423828125 0.01171875 0.05078125
22 0.58544921875 0.517578125 0.015625 0.05078125
22 0.52001953125 0.4775390625 0.0166015625 0.044921875
31 0.580078125 0.6337890625 0.017578125 0.046875
14 0.51416015625 0.5986328125 0.015625 0.0546875
33 0.58740234375 0.71044921875 0.015625 0.0546875
33 0.51953125 0.69580078125 0.013671875 0.0498046875
5 0.75048828125 0.525390625 0.013671875 0.0537109375
13 0.7548828125 0.44921875 0.017578125 0.033203125
47 0.84375 0.228515625 0.013671875 0.056640625
7 0.763671875 0.36572265625 0.013671875 0.0478515625
6 0.62451171875 0.19384765625 0.013671875 0.0537109375
50 0.603515625 0.416015625 0.013671875 0.052734375
50 0.53515625 0.4052734375 0.01171875 0.0517578125
48 0.64599609375 0.26806640625 0.013671875 0.05078125
39 0.4375 0.08056640625 0.015625 0.05078125
8 0.4697265625 0.0830078125 0.0126953125 0.056640625
13 0.5224609375 0.25146484375 0.013671875 0.0361328125
13 0.576171875 0.259765625 0.013671875 0.03515625
4 0.599609375 0.31201171875 0.013671875 0.052734375
4 0.53271484375 0.33203125 0.009765625 0.05078125
16 0.7568359375 0.2919921875 0.0146484375 0.044921875
31 0.64111328125 0.69775390625 0.01953125 0.046875
16 0.79443359375 0.1259765625 0.01953125 0.048828125
53 0.84130859375 0.16552734375 0.017578125 0.05078125
41 0.734375 0.26904296875 0.015625 0.046875
41 0.70654296875 0.43212890625 0.015625 0.0478515625
41 0.63916015625 0.39404296875 0.015625 0.044921875
41 0.6669921875 0.234375 0.0146484375 0.0458984375
46 0.62939453125 0.46484375 0.0205078125 0.0458984375
46 0.689453125 0.53076171875 0.01953125 0.04296875
21 0.6728515625 0.60498046875 0.017578125 0.0458984375
21 0.61376953125 0.54296875 0.0205078125 0.0458984375
46 0.7412109375 0.3779296875 0.021484375 0.048828125