47 0.7177734375 0.91259765625 0.013671875 0.0498046875
47 0.78173828125 0.916015625 0.013671875 0.0537109375
47 0.71923828125 0.7353515625 0.0126953125 0.0546875
47 0.7890625 0.7431640625 0.0107421875 0.05078125
9 0.56591796875 0.76953125 0.009765625 0.05078125
18 0.6806640625 0.74755859375 0.015625 0.05078125
18 0.6064453125 0.91552734375 0.0126953125 0.0537109375
18 0.67431640625 0.923828125 0.013671875 0.0478515625
9 0.57080078125 0.94580078125 0.01171875 0.056640625
9 0.49853515625 0.77294921875 0.01171875 0.05078125
18 0.6142578125 0.73828125 0.01171875 0.048828125
9 0.501953125 0.95361328125 0.009765625 0.052734375
3 0.51171875 0.57373046875 0.0283203125 0.0146484375
3 0.5087890625 0.6953125 0.02734375 0.017578125
3 0.41064453125 0.6884765625 0.029296875 0.0185546875
3 0.41064453125 0.56689453125 0.0302734375 0.0185546875
25 0.50439453125 0.40283203125 0.029296875 0.0166015625
25 0.505859375 0.52685546875 0.02734375 0.0166015625
25 0.40771484375 0.53173828125 0.02734375 0.0185546875
25 0.40673828125 0.4091796875 0.029296875 0.0185546875
37 0.50390625 0.33349609375 0.025390625 0.0234375
37 0.40966796875 0.37890625 0.029296875 0.0224609375
37 0.3916015625 0.2626953125 0.0283203125 0.0234375
49 0.81201171875 0.6396484375 0.0302734375 0.0244140625
11 0.75732421875 0.0322265625 0.0166015625 0.046875
11 0.787109375 0.20068359375 0.01953125 0.046875
11 0.69091796875 0.0693359375 0.0146484375 0.044921875
11 0.72119140625 0.2353515625 0.015625 0.048828125
36 0.6943359375 0.12255859375 0.013671875 0.046875
36 0.6279296875 0.13134765625 0.013671875 0.046875
36 0.701171875 0.29736328125 0.013671875 0.046875
35 0.89892578125 0.30712890625 0.0263671875 0.037109375
35 0.814453125 0.3916015625 0.02734375 0.033203125
35 0.78173828125 0.28564453125 0.0234375 0.03515625
26 0.89892578125 0.43505859375 0.02734375 0.02734375
49 0.90087890625 0.4990234375 0.0283203125 0.021484375