3 0.39697265625 0.60595703125 0.0478515625 0.009765625
3 0.40673828125 0.67333984375 0.046875 0.0107421875
27 0.46484375 0.5078125 0.2998046875 0.099609375
3 0.57373046875 0.59814453125 0.06640625 0.0234375
19 0.7685546875 0.5634765625 0.083984375 0.0361328125
19 0.66796875 0.6318359375 0.0634765625 0.03515625
19 0.84765625 0.69189453125 0.064453125 0.033203125
22 0.61279296875 0.6982421875 0.080078125 0.0322265625
7 0.5615234375 0.7236328125 0.08203125 0.03125
7 0.7734375 0.73828125 0.07421875 0.0234375
50 0.59814453125 0.7958984375 0.0791015625 0.033203125
50 0.80859375 0.7724609375 0.076171875 0.01953125
38 0.84716796875 0.80078125 0.064453125 0.033203125
38 0.677734375 0.892578125 0.0625 0.03515625
14 0.63671875 0.857421875 0.0625 0.0556640625
10 0.71826171875 0.90283203125 0.0546875 0.0380859375
23 0.7392578125 0.92822265625 0.0546875 0.046875