27 0.8525390625 0.63037109375 0.294921875 0.240234375
28 0.314453125 0.63623046875 0.4384765625 0.28125
33 0.15869140625 0.697265625 0.0546875 0.052734375
41 0.14404296875 0.5712890625 0.04296875 0.052734375
41 0.1181640625 0.728515625 0.033203125 0.05078125
18 0.44921875 0.54541015625 0.046875 0.0537109375
18 0.42236328125 0.69921875 0.0556640625 0.0556640625
22 0.48486328125 0.67431640625 0.05078125 0.052734375
33 0.359375 0.72119140625 0.0537109375 0.0556640625
33 0.416015625 0.5654296875 0.0419921875 0.046875
33 0.21044921875 0.5439453125 0.046875 0.0537109375