28 0.5078125 0.39013671875 0.30078125 0.1298828125
27 0.51171875 0.55712890625 0.2744140625 0.1015625
11 0.4345703125 0.44580078125 0.052734375 0.017578125
21 0.61328125 0.43115234375 0.05078125 0.017578125
8 0.61669921875 0.39013671875 0.0498046875 0.017578125
1 0.53369140625 0.3134765625 0.044921875 0.021484375
1 0.607421875 0.35888671875 0.0439453125 0.0224609375
11 0.57763671875 0.416015625 0.0517578125 0.015625
8 0.48291015625 0.4296875 0.048828125 0.021484375
1 0.42138671875 0.37060546875 0.044921875 0.017578125
1 0.4951171875 0.416015625 0.041015625 0.01953125