27 0.6474609375 0.4638671875 0.0869140625 0.22265625
28 0.46240234375 0.45654296875 0.1337890625 0.318359375
35 0.52001953125 0.5029296875 0.015625 0.05078125
0 0.5087890625 0.5390625 0.015625 0.0517578125
7 0.51318359375 0.39453125 0.0185546875 0.048828125
5 0.49462890625 0.587890625 0.0166015625 0.046875
7 0.44873046875 0.38037109375 0.013671875 0.05078125
11 0.4150390625 0.3896484375 0.01953125 0.0498046875
5 0.431640625 0.58544921875 0.01171875 0.0498046875
5 0.43408203125 0.43115234375 0.013671875 0.052734375
5 0.49755859375 0.43408203125 0.015625 0.0537109375