28 0.2861328125 0.58642578125 0.505859375 0.3818359375
44 0.21875 0.7158203125 0.072265625 0.0546875
43 0.51708984375 0.525390625 0.056640625 0.056640625
2 0.07080078125 0.51708984375 0.05078125 0.05859375
14 0.37744140625 0.63720703125 0.048828125 0.052734375
14 0.40673828125 0.47412109375 0.046875 0.0576171875
24 0.33251953125 0.6591796875 0.052734375 0.05078125
24 0.1298828125 0.4921875 0.0498046875 0.05859375
24 0.34423828125 0.494140625 0.05078125 0.0517578125
24 0.12548828125 0.65576171875 0.04296875 0.0517578125
24 0.83837890625 0.712890625 0.2734375 0.232421875