28 0.45751953125 0.533203125 0.294921875 0.150390625
3 0.50634765625 0.46533203125 0.0576171875 0.017578125
7 0.470703125 0.4873046875 0.052734375 0.017578125
27 0.41845703125 0.3857421875 0.2236328125 0.091796875
22 0.38818359375 0.5966796875 0.052734375 0.021484375
3 0.35107421875 0.46435546875 0.05078125 0.017578125
10 0.48828125 0.58544921875 0.05859375 0.013671875
10 0.33984375 0.57470703125 0.0546875 0.013671875
7 0.3232421875 0.50244140625 0.0595703125 0.013671875
10 0.50634765625 0.52392578125 0.048828125 0.015625
10 0.3515625 0.51220703125 0.046875 0.0146484375