28 0.400390625 0.2646484375 0.35546875 0.462890625
27 0.44287109375 0.86376953125 0.236328125 0.2724609375
44 0.341796875 0.0634765625 0.060546875 0.05859375
43 0.498046875 0.50244140625 0.056640625 0.056640625
2 0.47607421875 0.048828125 0.05859375 0.05078125
44 0.2939453125 0.248046875 0.0537109375 0.0810546875
43 0.35595703125 0.40380859375 0.05859375 0.05859375
19 0.36865234375 0.1259765625 0.0595703125 0.056640625
47 0.57861328125 0.15185546875 0.0625 0.05859375
47 0.58349609375 0.36279296875 0.068359375 0.041015625
19 0.35888671875 0.33544921875 0.0576171875 0.0546875
19 0.5126953125 0.353515625 0.056640625 0.0478515625
19 0.52587890625 0.15478515625 0.05859375 0.05859375