27 0.3671875 0.83642578125 0.2626953125 0.32421875
28 0.36376953125 0.314453125 0.28125 0.4384765625
33 0.302734375 0.15869140625 0.052734375 0.0546875
41 0.4287109375 0.14404296875 0.052734375 0.04296875
41 0.271484375 0.1181640625 0.05078125 0.033203125
18 0.45458984375 0.44921875 0.0537109375 0.046875
18 0.30078125 0.42236328125 0.0556640625 0.0556640625
22 0.32568359375 0.48486328125 0.052734375 0.05078125
33 0.27880859375 0.359375 0.0556640625 0.052734375
33 0.4345703125 0.416015625 0.046875 0.0419921875
33 0.4560546875 0.21044921875 0.0537109375 0.046875