27 0.568359375 0.4716796875 0.0986328125 0.2392578125
28 0.37841796875 0.48828125 0.150390625 0.2880859375
21 0.43115234375 0.3828125 0.017578125 0.046875
11 0.41650390625 0.419921875 0.015625 0.046875
11 0.4482421875 0.55419921875 0.01953125 0.044921875
15 0.35107421875 0.57373046875 0.021484375 0.048828125
15 0.408203125 0.537109375 0.017578125 0.046875
15 0.3232421875 0.43310546875 0.01953125 0.044921875
15 0.37939453125 0.3974609375 0.015625 0.046875
8 0.39111328125 0.38134765625 0.021484375 0.04296875
1 0.41455078125 0.49853515625 0.025390625 0.0390625
1 0.3115234375 0.46533203125 0.01953125 0.03515625
5 0.3837890625 0.61376953125 0.013671875 0.048828125