27 0.63818359375 0.46875 0.0869140625 0.22265625
28 0.46240234375 0.44921875 0.1337890625 0.302734375
35 0.52001953125 0.5029296875 0.015625 0.05078125
0 0.5087890625 0.5390625 0.015625 0.0517578125
0 0.50048828125 0.3828125 0.01953125 0.05859375
11 0.42626953125 0.59326171875 0.0205078125 0.0458984375
11 0.486328125 0.56005859375 0.017578125 0.0546875
7 0.48095703125 0.38671875 0.0185546875 0.048828125
7 0.46630859375 0.53564453125 0.0146484375 0.048828125
7 0.40576171875 0.5146484375 0.0166015625 0.046875
7 0.42041015625 0.36572265625 0.013671875 0.05078125