28 0.3876953125 0.298828125 0.287109375 0.44921875
27 0.28857421875 0.81103515625 0.244140625 0.3505859375
2 0.45849609375 0.07568359375 0.05078125 0.0546875
24 0.47119140625 0.1103515625 0.056640625 0.0439453125
52 0.47802734375 0.15771484375 0.0625 0.0546875
52 0.48876953125 0.35791015625 0.05859375 0.0390625
52 0.31884765625 0.1904296875 0.056640625 0.044921875
35 0.26416015625 0.27978515625 0.0546875 0.0654296875
35 0.42333984375 0.2197265625 0.048828125 0.05859375
46 0.41455078125 0.2705078125 0.0576171875 0.05859375
46 0.4423828125 0.47216796875 0.05859375 0.046875
46 0.28759765625 0.55029296875 0.05859375 0.056640625
46 0.25732421875 0.3466796875 0.0546875 0.0556640625