28 0.4501953125 0.5302734375 0.294921875 0.150390625
3 0.5009765625 0.4609375 0.0576171875 0.017578125
5 0.48291015625 0.48193359375 0.052734375 0.017578125
27 0.44775390625 0.3837890625 0.2451171875 0.109375
22 0.38818359375 0.5966796875 0.052734375 0.021484375
3 0.34619140625 0.46435546875 0.05078125 0.017578125
10 0.50732421875 0.578125 0.05859375 0.013671875
8 0.3681640625 0.56982421875 0.0546875 0.013671875
5 0.33251953125 0.4912109375 0.0595703125 0.013671875
8 0.52294921875 0.55419921875 0.048828125 0.015625
8 0.3525390625 0.505859375 0.0498046875 0.0146484375
8 0.50634765625 0.49365234375 0.044921875 0.009765625