28 0.45751953125 0.533203125 0.294921875 0.150390625
3 0.50537109375 0.451171875 0.0576171875 0.017578125
4 0.4658203125 0.47509765625 0.052734375 0.017578125
27 0.45263671875 0.38232421875 0.244140625 0.1005859375
22 0.38818359375 0.5966796875 0.052734375 0.021484375
3 0.35107421875 0.4638671875 0.05078125 0.017578125
10 0.53857421875 0.5654296875 0.052734375 0.013671875
10 0.384765625 0.57275390625 0.0546875 0.013671875
4 0.31640625 0.5048828125 0.0517578125 0.013671875
33 0.4609375 0.58154296875 0.048828125 0.01953125
4 0.35107421875 0.5634765625 0.0498046875 0.0146484375
33 0.52587890625 0.5283203125 0.044921875 0.021484375
33 0.39794921875 0.47900390625 0.046875 0.0224609375
33 0.33154296875 0.53125 0.048828125 0.021484375