28 0.451171875 0.54052734375 0.2802734375 0.12890625
26 0.55078125 0.4931640625 0.0498046875 0.013671875
17 0.51904296875 0.4814453125 0.052734375 0.017578125
41 0.49267578125 0.5009765625 0.048828125 0.0146484375
27 0.451171875 0.37841796875 0.224609375 0.0859375
30 0.52734375 0.5888671875 0.05078125 0.017578125
30 0.53271484375 0.5283203125 0.060546875 0.013671875
30 0.38037109375 0.58642578125 0.0498046875 0.015625
30 0.38330078125 0.52587890625 0.0498046875 0.015625
37 0.3310546875 0.55712890625 0.044921875 0.0263671875
37 0.39453125 0.50537109375 0.0546875 0.0234375