28 0.708984375 0.37353515625 0.4638671875 0.32421875
27 0.130859375 0.4296875 0.26171875 0.23046875
41 0.89013671875 0.2705078125 0.048828125 0.060546875
8 0.501953125 0.28857421875 0.0556640625 0.052734375
2 0.88330078125 0.4296875 0.0478515625 0.0546875
2 0.8388671875 0.27197265625 0.05859375 0.0546875
34 0.55517578125 0.5107421875 0.041015625 0.0537109375
44 0.81787109375 0.326171875 0.072265625 0.05859375
44 0.6396484375 0.271484375 0.0615234375 0.052734375
44 0.51171875 0.41650390625 0.072265625 0.0546875
44 0.6943359375 0.46484375 0.0791015625 0.0576171875