27 0.3779296875 0.52490234375 0.087890625 0.2236328125
28 0.5380859375 0.56689453125 0.1025390625 0.2802734375
35 0.49365234375 0.49853515625 0.01953125 0.048828125
0 0.5771484375 0.626953125 0.0126953125 0.0498046875
0 0.515625 0.62548828125 0.015625 0.05078125
0 0.515625 0.47265625 0.015625 0.052734375
0 0.578125 0.4775390625 0.015625 0.056640625
16 0.74365234375 0.56103515625 0.033203125 0.04296875
16 0.65478515625 0.603515625 0.03515625 0.0400390625
16 0.7275390625 0.68994140625 0.0380859375 0.0341796875
51 0.7841796875 0.73291015625 0.033203125 0.044921875
31 0.88818359375 0.78955078125 0.033203125 0.05859375