28 0.62646484375 0.708984375 0.32421875 0.4638671875
27 0.5703125 0.130859375 0.2314453125 0.26171875
41 0.7294921875 0.89013671875 0.060546875 0.0498046875
8 0.71142578125 0.501953125 0.052734375 0.0556640625
2 0.5703125 0.88330078125 0.0546875 0.0478515625
2 0.72802734375 0.8388671875 0.0546875 0.05859375
34 0.4892578125 0.55517578125 0.0537109375 0.041015625
44 0.673828125 0.81787109375 0.05859375 0.072265625
44 0.728515625 0.6396484375 0.052734375 0.0615234375
44 0.58349609375 0.51171875 0.0546875 0.072265625
44 0.53515625 0.6943359375 0.0576171875 0.0791015625