28 0.45947265625 0.451171875 0.12890625 0.2802734375
26 0.5068359375 0.55078125 0.013671875 0.0498046875
17 0.5185546875 0.51904296875 0.017578125 0.052734375
41 0.4990234375 0.49267578125 0.0146484375 0.048828125
27 0.62158203125 0.451171875 0.0859375 0.224609375
30 0.4111328125 0.52734375 0.017578125 0.05078125
30 0.4716796875 0.53271484375 0.013671875 0.060546875
30 0.41357421875 0.38037109375 0.015625 0.0498046875
30 0.47412109375 0.38330078125 0.015625 0.0498046875
37 0.44287109375 0.3310546875 0.0263671875 0.044921875
37 0.49462890625 0.39453125 0.0234375 0.0546875