28 0.4697265625 0.4501953125 0.150390625 0.294921875
3 0.5390625 0.5009765625 0.017578125 0.0576171875
5 0.51806640625 0.48291015625 0.017578125 0.052734375
27 0.6162109375 0.44775390625 0.109375 0.2451171875
22 0.4033203125 0.38818359375 0.021484375 0.052734375
3 0.53564453125 0.34619140625 0.017578125 0.05078125
10 0.421875 0.50732421875 0.013671875 0.05859375
8 0.43017578125 0.3681640625 0.013671875 0.0546875
5 0.5087890625 0.33251953125 0.013671875 0.0595703125
8 0.44580078125 0.52294921875 0.015625 0.048828125
8 0.494140625 0.3525390625 0.0146484375 0.0498046875
8 0.50634765625 0.50634765625 0.009765625 0.044921875