28 0.59375 0.73828125 0.3818359375 0.505859375
44 0.71142578125 0.7919921875 0.0546875 0.072265625
43 0.525390625 0.48291015625 0.056640625 0.056640625
2 0.51708984375 0.92919921875 0.05859375 0.05078125
24 0.484375 0.87109375 0.05859375 0.0498046875
24 0.64697265625 0.88330078125 0.0517578125 0.04296875
27 0.712890625 0.16162109375 0.232421875 0.2734375
54 0.62451171875 0.64794921875 0.05078125 0.0576171875
54 0.58740234375 0.8427734375 0.0537109375 0.0576171875
54 0.4384765625 0.7509765625 0.0498046875 0.0625
54 0.47265625 0.5634765625 0.052734375 0.072265625