27 0.5185546875 0.4169921875 0.23046875 0.09375
28 0.4775390625 0.56005859375 0.240234375 0.109375
47 0.4208984375 0.6064453125 0.0546875 0.015625
42 0.55810546875 0.54150390625 0.0546875 0.0185546875
42 0.388671875 0.5771484375 0.0625 0.021484375
42 0.4169921875 0.51708984375 0.056640625 0.01953125
22 0.74755859375 0.54443359375 0.068359375 0.0205078125
22 0.7421875 0.4697265625 0.0634765625 0.021484375
22 0.95068359375 0.46630859375 0.0771484375 0.021484375
34 0.80078125 0.60888671875 0.0703125 0.017578125
42 0.5302734375 0.599609375 0.05078125 0.017578125