28 0.2861328125 0.58642578125 0.505859375 0.3818359375
27 0.86376953125 0.55712890625 0.2724609375 0.236328125
44 0.21875 0.7158203125 0.072265625 0.0546875
43 0.51708984375 0.525390625 0.056640625 0.056640625
43 0.38671875 0.6630859375 0.05859375 0.05859375
2 0.07080078125 0.51708984375 0.05078125 0.05859375
25 0.3193359375 0.64306640625 0.0595703125 0.060546875
25 0.11181640625 0.615234375 0.0556640625 0.0556640625
25 0.1884765625 0.4580078125 0.052734375 0.0546875
25 0.3857421875 0.48681640625 0.0625 0.05078125
21 0.43798828125 0.49462890625 0.07421875 0.0390625