28 0.37744140625 0.501953125 0.1123046875 0.296875
30 0.34228515625 0.56396484375 0.017578125 0.044921875
16 0.3291015625 0.4072265625 0.017578125 0.046875
34 0.42529296875 0.42919921875 0.015625 0.05078125
27 0.6201171875 0.4638671875 0.0966796875 0.248046875
30 0.41259765625 0.431640625 0.015625 0.0556640625
30 0.35205078125 0.4130859375 0.015625 0.0498046875
13 0.3466796875 0.4873046875 0.0263671875 0.0771484375
13 0.37109375 0.58984375 0.0263671875 0.080078125
13 0.42626953125 0.54931640625 0.0263671875 0.0791015625
13 0.39990234375 0.44482421875 0.025390625 0.07421875