27 0.53125 0.63818359375 0.22265625 0.0869140625
28 0.55078125 0.46240234375 0.302734375 0.1337890625
35 0.4970703125 0.52001953125 0.05078125 0.015625
0 0.4609375 0.5087890625 0.0517578125 0.015625
0 0.6171875 0.50048828125 0.05859375 0.01953125
11 0.40673828125 0.42626953125 0.0458984375 0.0205078125
11 0.43994140625 0.486328125 0.0546875 0.017578125
7 0.61328125 0.48095703125 0.048828125 0.0185546875
7 0.46435546875 0.46630859375 0.048828125 0.0146484375
7 0.4853515625 0.40576171875 0.046875 0.0166015625
7 0.63427734375 0.42041015625 0.05078125 0.013671875