28 0.494140625 0.62255859375 0.296875 0.1552734375
11 0.5654296875 0.55419921875 0.052734375 0.017578125
21 0.38671875 0.56884765625 0.05078125 0.017578125
8 0.38330078125 0.60986328125 0.0498046875 0.017578125
1 0.46630859375 0.6865234375 0.044921875 0.021484375
15 0.39599609375 0.62158203125 0.0439453125 0.017578125
11 0.42236328125 0.583984375 0.0517578125 0.015625
8 0.51708984375 0.5703125 0.048828125 0.021484375
15 0.537109375 0.591796875 0.044921875 0.017578125
1 0.5048828125 0.583984375 0.041015625 0.01953125
15 0.57177734375 0.64892578125 0.05078125 0.0185546875
15 0.43310546875 0.67724609375 0.046875 0.0185546875
15 0.61474609375 0.61572265625 0.052734375 0.0146484375