28 0.26171875 0.59375 0.505859375 0.3818359375
44 0.2080078125 0.71142578125 0.072265625 0.0546875
43 0.51708984375 0.525390625 0.056640625 0.056640625
2 0.07080078125 0.51708984375 0.05078125 0.05859375
24 0.12890625 0.484375 0.0498046875 0.05859375
24 0.11669921875 0.64697265625 0.04296875 0.0517578125
27 0.83837890625 0.712890625 0.2734375 0.232421875
54 0.35205078125 0.62451171875 0.0576171875 0.05078125
54 0.1572265625 0.58740234375 0.0576171875 0.0537109375
54 0.2490234375 0.4384765625 0.0625 0.0498046875
54 0.4365234375 0.47265625 0.072265625 0.052734375