27 0.51171875 0.55712890625 0.2744140625 0.1015625
11 0.4345703125 0.44580078125 0.052734375 0.017578125
21 0.61328125 0.43115234375 0.05078125 0.017578125
8 0.61376953125 0.38818359375 0.05078125 0.015625
5 0.3857421875 0.37646484375 0.0517578125 0.0166015625
17 0.45166015625 0.349609375 0.048828125 0.015625
17 0.60107421875 0.33984375 0.0498046875 0.015625
11 0.57763671875 0.416015625 0.0517578125 0.015625
8 0.56640625 0.3349609375 0.048828125 0.015625
8 0.48291015625 0.4296875 0.048828125 0.021484375
8 0.431640625 0.37451171875 0.044921875 0.017578125