27 0.1767578125 0.1884765625 0.10546875 0.232421875
27 0.435546875 0.2080078125 0.1005859375 0.234375
27 0.3037109375 0.4814453125 0.12109375 0.255859375
27 0.4306640625 0.517578125 0.1240234375 0.240234375
27 0.65087890625 0.66015625 0.09765625 0.212890625
27 0.81591796875 0.22119140625 0.099609375 0.25
27 0.9228515625 0.212890625 0.095703125 0.216796875
27 0.8115234375 0.47314453125 0.095703125 0.2421875
27 0.921875 0.458984375 0.09375 0.2099609375
27 0.919921875 0.701171875 0.087890625 0.201171875
28 0.8056640625 0.74267578125 0.091796875 0.21484375
19 0.77978515625 0.68359375 0.0078125 0.0478515625
19 0.8408203125 0.8173828125 0.0078125 0.037109375