27 0.2236328125 0.07861328125 0.224609375 0.09765625
27 0.470703125 0.0810546875 0.212890625 0.0927734375
27 0.71044921875 0.0810546875 0.21484375 0.087890625
27 0.22119140625 0.19287109375 0.22265625 0.0927734375
27 0.4765625 0.1904296875 0.24609375 0.099609375
28 0.748046875 0.193359375 0.2236328125 0.09375
19 0.6875 0.220703125 0.04296875 0.009765625
19 0.82373046875 0.15869140625 0.044921875 0.0087890625
13 0.7041015625 0.9169921875 0.021484375 0.0107421875
13 0.72265625 0.86376953125 0.01953125 0.009765625
26 0.73388671875 0.7578125 0.0400390625 0.0078125
42 0.73779296875 0.65576171875 0.0439453125 0.009765625
22 0.77490234375 0.5634765625 0.0390625 0.0078125
24 0.7919921875 0.4658203125 0.0380859375 0.009765625
31 0.8046875 0.38037109375 0.041015625 0.0078125
41 0.81494140625 0.26318359375 0.041015625 0.0087890625
11 0.6787109375 0.8525390625 0.03515625 0.0087890625
6 0.6787109375 0.755859375 0.041015625 0.01171875
18 0.67822265625 0.65234375 0.041015625 0.009765625
40 0.71875 0.55078125 0.04296875 0.009765625
33 0.73046875 0.46044921875 0.041015625 0.009765625
15 0.7568359375 0.37744140625 0.04296875 0.009765625
35 0.75830078125 0.26123046875 0.044921875 0.009765625
7 0.6064453125 0.849609375 0.037109375 0.009765625
39 0.60595703125 0.740234375 0.041015625 0.0078125
23 0.61865234375 0.64501953125 0.041015625 0.0087890625
4 0.6552734375 0.5478515625 0.0390625 0.0078125
0 0.68212890625 0.46044921875 0.037109375 0.009765625
45 0.70703125 0.373046875 0.04296875 0.0078125
50 0.6953125 0.26513671875 0.04296875 0.009765625
20 0.53466796875 0.84765625 0.04296875 0.01171875
20 0.37744140625 0.9033203125 0.0439453125 0.0087890625
17 0.40771484375 0.8017578125 0.041015625 0.0068359375
17 0.5546875 0.73779296875 0.0390625 0.0078125
48 0.4111328125 0.7099609375 0.048828125 0.0068359375
48 0.552734375 0.64501953125 0.04296875 0.009765625
5 0.44384765625 0.60693359375 0.046875 0.0078125
5 0.591796875 0.546875 0.0390625 0.009765625
21 0.47265625 0.51171875 0.0478515625 0.0078125
21 0.6181640625 0.4541015625 0.0390625 0.009765625
8 0.48828125 0.42138671875 0.041015625 0.009765625
8 0.6376953125 0.36669921875 0.041015625 0.0078125
30 0.49365234375 0.33447265625 0.04296875 0.0087890625
30 0.6201171875 0.26513671875 0.04296875 0.01171875
28 0.20556640625 0.875 0.232421875 0.1025390625
29 0.12158203125 0.91259765625 0.044921875 0.009765625
29 0.2822265625 0.8515625 0.046875 0.0107421875
27 0.20654296875 0.564453125 0.23828125 0.1015625