13 0.439453125 0.84375 0.0673828125 0.0078125
18 0.771484375 0.1171875 0.044921875 0.0087890625
18 0.75341796875 0.1630859375 0.044921875 0.0078125
18 0.6552734375 0.10205078125 0.0390625 0.0087890625
18 0.63671875 0.1494140625 0.041015625 0.0107421875
17 0.74755859375 0.181640625 0.04296875 0.0078125
17 0.74755859375 0.22998046875 0.041015625 0.0078125
17 0.62646484375 0.2294921875 0.0390625 0.0087890625
17 0.62744140625 0.1806640625 0.0390625 0.0078125
34 0.74169921875 0.24462890625 0.0390625 0.0087890625
34 0.74169921875 0.2939453125 0.041015625 0.0078125
34 0.62548828125 0.2978515625 0.0390625 0.0078125
34 0.61865234375 0.248046875 0.0400390625 0.0078125
47 0.7255859375 0.3212890625 0.046875 0.0078125
47 0.7216796875 0.37060546875 0.0439453125 0.0087890625
47 0.6005859375 0.36767578125 0.0390625 0.009765625
47 0.60595703125 0.3193359375 0.0439453125 0.0087890625
10 0.71826171875 0.3935546875 0.0439453125 0.009765625
10 0.71484375 0.4423828125 0.0419921875 0.0087890625
10 0.59375 0.43994140625 0.044921875 0.0078125
10 0.5986328125 0.39013671875 0.04296875 0.0078125
0 0.71240234375 0.46826171875 0.04296875 0.0087890625
0 0.7041015625 0.517578125 0.04296875 0.0107421875
0 0.58203125 0.51220703125 0.04296875 0.0087890625
0 0.59130859375 0.46337890625 0.04296875 0.0078125
24 0.70263671875 0.54150390625 0.044921875 0.0087890625
24 0.7041015625 0.591796875 0.04296875 0.0078125
24 0.5830078125 0.59130859375 0.04296875 0.0087890625
24 0.58203125 0.54150390625 0.041015625 0.009765625
13 0.6513671875 0.61669921875 0.0673828125 0.0078125
54 0.6953125 0.685546875 0.0478515625 0.0087890625
54 0.69189453125 0.7373046875 0.046875 0.0068359375
54 0.56982421875 0.73388671875 0.044921875 0.009765625
54 0.57421875 0.68310546875 0.044921875 0.0078125
53 0.6884765625 0.75927734375 0.04296875 0.0087890625
53 0.5654296875 0.76611328125 0.04296875 0.009765625
53 0.69970703125 0.81005859375 0.044921875 0.01171875
53 0.57568359375 0.8173828125 0.044921875 0.009765625
9 0.701171875 0.84375 0.044921875 0.0087890625
9 0.69921875 0.89501953125 0.0419921875 0.009765625
9 0.57275390625 0.89013671875 0.044921875 0.0078125
9 0.580078125 0.83984375 0.041015625 0.0068359375
4 0.25 0.84423828125 0.0439453125 0.009765625
4 0.25830078125 0.89501953125 0.0390625 0.009765625
4 0.12646484375 0.85205078125 0.0390625 0.01171875
4 0.13525390625 0.9013671875 0.041015625 0.009765625
28 0.4111328125 0.86669921875 0.189453125 0.0693359375
28 0.185546875 0.87353515625 0.193359375 0.0791015625