5 0.853515625 0.9697265625 0.0341796875 0.009765625
5 0.8623046875 0.91845703125 0.037109375 0.009765625
30 0.8623046875 0.880859375 0.03515625 0.009765625
30 0.87548828125 0.82861328125 0.03515625 0.0107421875
52 0.869140625 0.7880859375 0.0390625 0.0078125
52 0.88232421875 0.73388671875 0.033203125 0.0078125
51 0.8857421875 0.697265625 0.0390625 0.0078125
51 0.88916015625 0.64599609375 0.037109375 0.009765625
43 0.89306640625 0.60498046875 0.0380859375 0.0078125
43 0.88916015625 0.55322265625 0.0390625 0.0078125
29 0.88720703125 0.51953125 0.03515625 0.0087890625
29 0.8837890625 0.46728515625 0.0341796875 0.009765625
41 0.876953125 0.4375 0.03125 0.009765625
41 0.89501953125 0.38427734375 0.037109375 0.009765625
26 0.88427734375 0.34765625 0.0361328125 0.009765625
26 0.89111328125 0.2958984375 0.037109375 0.009765625
10 0.8935546875 0.20947265625 0.033203125 0.009765625
10 0.90087890625 0.26318359375 0.0341796875 0.0078125
37 0.89501953125 0.1357421875 0.03125 0.0078125
37 0.89892578125 0.1875 0.037109375 0.005859375
8 0.88623046875 0.0576171875 0.037109375 0.0068359375
8 0.888671875 0.10888671875 0.033203125 0.0078125
36 0.8076171875 0.96923828125 0.03515625 0.0087890625
36 0.81396484375 0.91845703125 0.0341796875 0.0078125
33 0.80615234375 0.8759765625 0.0361328125 0.0087890625
33 0.8212890625 0.82470703125 0.03515625 0.0087890625
47 0.8271484375 0.78662109375 0.0390625 0.0078125
47 0.8271484375 0.7333984375 0.0390625 0.0078125
54 0.84423828125 0.646484375 0.03515625 0.0078125
54 0.8388671875 0.70068359375 0.0390625 0.0078125
17 0.841796875 0.55712890625 0.0380859375 0.0087890625
17 0.83984375 0.60888671875 0.0380859375 0.009765625
44 0.83544921875 0.46728515625 0.0390625 0.009765625
44 0.8349609375 0.51953125 0.0380859375 0.0078125
34 0.833984375 0.42919921875 0.037109375 0.0078125
34 0.84521484375 0.37646484375 0.037109375 0.0078125
6 0.84716796875 0.34228515625 0.03515625 0.009765625
6 0.84716796875 0.2890625 0.0380859375 0.0078125
20 0.85107421875 0.205078125 0.0390625 0.009765625
20 0.861328125 0.25830078125 0.0390625 0.009765625
25 0.85693359375 0.18359375 0.0380859375 0.0078125
25 0.85400390625 0.13134765625 0.0390625 0.0078125
53 0.8330078125 0.0478515625 0.0380859375 0.0078125
53 0.83984375 0.1015625 0.037109375 0.0078125
14 0.60693359375 0.9677734375 0.0361328125 0.009765625
14 0.611328125 0.91455078125 0.041015625 0.01171875
14 0.744140625 0.916015625 0.04296875 0.009765625
14 0.736328125 0.96826171875 0.0400390625 0.0087890625
3 0.61962890625 0.859375 0.0361328125 0.0078125
3 0.63671875 0.8076171875 0.03515625 0.009765625
3 0.75146484375 0.869140625 0.037109375 0.009765625
3 0.76611328125 0.81787109375 0.03515625 0.009765625
19 0.630859375 0.77734375 0.0419921875 0.0078125
19 0.64404296875 0.72314453125 0.0390625 0.0078125
19 0.763671875 0.7841796875 0.037109375 0.0078125
19 0.77392578125 0.73193359375 0.0400390625 0.009765625
49 0.6484375 0.69970703125 0.041015625 0.0107421875
49 0.65234375 0.64599609375 0.0419921875 0.0087890625
49 0.7783203125 0.7021484375 0.041015625 0.0087890625
49 0.78369140625 0.6484375 0.037109375 0.0078125
7 0.64111328125 0.60302734375 0.0361328125 0.005859375
7 0.64697265625 0.55078125 0.0361328125 0.0078125
7 0.7734375 0.6064453125 0.037109375 0.009765625
7 0.7783203125 0.55419921875 0.033203125 0.009765625
50 0.64794921875 0.51806640625 0.041015625 0.0078125
50 0.65185546875 0.46630859375 0.0400390625 0.0078125
50 0.78125 0.46826171875 0.0380859375 0.0068359375
50 0.7783203125 0.52001953125 0.0361328125 0.0068359375
46 0.6318359375 0.41796875 0.0390625 0.0078125
46 0.6435546875 0.365234375 0.0390625 0.0078125
46 0.76025390625 0.42822265625 0.037109375 0.0078125
46 0.77197265625 0.3759765625 0.0390625 0.0078125
45 0.65966796875 0.3447265625 0.0419921875 0.005859375
45 0.66015625 0.2919921875 0.03515625 0.0078125
45 0.79248046875 0.34423828125 0.041015625 0.0068359375
45 0.7890625 0.29150390625 0.0419921875 0.0078125
21 0.67138671875 0.27099609375 0.0390625 0.009765625
21 0.66259765625 0.21728515625 0.037109375 0.009765625
21 0.79150390625 0.2119140625 0.037109375 0.009765625
21 0.7998046875 0.26416015625 0.0390625 0.01171875
4 0.6650390625 0.18505859375 0.037109375 0.009765625
4 0.67041015625 0.1318359375 0.0390625 0.0087890625
4 0.8046875 0.13916015625 0.037109375 0.009765625
4 0.80078125 0.19140625 0.03515625 0.009765625
31 0.65087890625 0.10107421875 0.0390625 0.0078125
31 0.6455078125 0.04833984375 0.037109375 0.009765625
31 0.783203125 0.1005859375 0.0380859375 0.0078125
31 0.77880859375 0.04931640625 0.033203125 0.0068359375
32 0.35302734375 0.94287109375 0.041015625 0.009765625
32 0.369140625 0.8896484375 0.0380859375 0.0107421875
32 0.4873046875 0.953125 0.041015625 0.0107421875
32 0.50341796875 0.8994140625 0.04296875 0.009765625
13 0.4013671875 0.85205078125 0.080078125 0.009765625
13 0.52197265625 0.7978515625 0.0771484375 0.009765625
15 0.40576171875 0.7626953125 0.041015625 0.0087890625
15 0.40869140625 0.7080078125 0.04296875 0.0078125
15 0.5400390625 0.763671875 0.037109375 0.009765625
15 0.54345703125 0.70947265625 0.037109375 0.0087890625
22 0.408203125 0.67333984375 0.0400390625 0.0107421875
22 0.41943359375 0.61962890625 0.0400390625 0.0107421875
22 0.5400390625 0.68115234375 0.037109375 0.0087890625
22 0.55419921875 0.62841796875 0.0390625 0.009765625
35 0.40625 0.58935546875 0.037109375 0.0078125
35 0.416015625 0.5361328125 0.0380859375 0.0078125
35 0.54248046875 0.5947265625 0.03515625 0.0078125
35 0.55029296875 0.5419921875 0.0380859375 0.0078125
12 0.4189453125 0.5126953125 0.03515625 0.0078125
12 0.42333984375 0.4580078125 0.033203125 0.0078125
12 0.55029296875 0.51611328125 0.033203125 0.009765625
12 0.556640625 0.46240234375 0.03515625 0.0087890625
42 0.41845703125 0.435546875 0.041015625 0.009765625
42 0.41552734375 0.38134765625 0.041015625 0.009765625
42 0.5498046875 0.38037109375 0.041015625 0.009765625
42 0.55224609375 0.43408203125 0.037109375 0.009765625
0 0.43603515625 0.34912109375 0.037109375 0.0078125
0 0.4384765625 0.29541015625 0.037109375 0.009765625
0 0.572265625 0.35302734375 0.037109375 0.009765625
0 0.57470703125 0.30029296875 0.0341796875 0.0078125
13 0.4580078125 0.2724609375 0.07421875 0.0078125
13 0.56201171875 0.21240234375 0.072265625 0.009765625
39 0.443359375 0.18896484375 0.0380859375 0.0087890625
39 0.43310546875 0.1328125 0.0390625 0.0078125
39 0.56884765625 0.12939453125 0.0390625 0.0087890625
39 0.57861328125 0.1845703125 0.0380859375 0.0078125
11 0.4287109375 0.09423828125 0.037109375 0.009765625
11 0.4228515625 0.03955078125 0.03515625 0.009765625
11 0.56396484375 0.03955078125 0.037109375 0.0087890625
11 0.56884765625 0.09423828125 0.0390625 0.009765625