27 0.92138671875 0.2236328125 0.09765625 0.224609375
27 0.9189453125 0.470703125 0.0927734375 0.212890625
27 0.9189453125 0.71044921875 0.087890625 0.21484375
27 0.80712890625 0.22119140625 0.0927734375 0.22265625
27 0.8095703125 0.4765625 0.099609375 0.24609375
28 0.806640625 0.748046875 0.09375 0.2236328125
19 0.779296875 0.6875 0.009765625 0.04296875
19 0.84130859375 0.82373046875 0.0087890625 0.044921875
13 0.08642578125 0.70654296875 0.0107421875 0.021484375
13 0.13916015625 0.72021484375 0.009765625 0.01953125
26 0.2421875 0.73388671875 0.0078125 0.0400390625
42 0.34423828125 0.73779296875 0.009765625 0.0439453125
22 0.43603515625 0.7685546875 0.0078125 0.0390625
24 0.52880859375 0.7900390625 0.009765625 0.0380859375
31 0.61962890625 0.8046875 0.0078125 0.041015625
41 0.73486328125 0.81103515625 0.0087890625 0.041015625
11 0.146484375 0.67333984375 0.0087890625 0.03515625
6 0.244140625 0.6787109375 0.01171875 0.041015625
18 0.34765625 0.67822265625 0.009765625 0.041015625
40 0.44970703125 0.71337890625 0.009765625 0.04296875
33 0.53564453125 0.72998046875 0.009765625 0.041015625
15 0.62158203125 0.7568359375 0.009765625 0.04296875
35 0.73779296875 0.76171875 0.009765625 0.044921875
7 0.1484375 0.603515625 0.009765625 0.037109375
7 0.091796875 0.44873046875 0.0087890625 0.04296875
39 0.197265625 0.4541015625 0.0078125 0.044921875
39 0.25634765625 0.6064453125 0.0078125 0.041015625
23 0.28369140625 0.4794921875 0.0078125 0.041015625
23 0.3505859375 0.61865234375 0.0087890625 0.041015625
4 0.3896484375 0.5 0.0078125 0.0400390625
4 0.45166015625 0.6435546875 0.0078125 0.0390625
0 0.49169921875 0.521484375 0.009765625 0.04296875
0 0.5419921875 0.67529296875 0.009765625 0.037109375
45 0.5712890625 0.55908203125 0.0078125 0.041015625
45 0.62548828125 0.70751953125 0.0078125 0.04296875
50 0.6640625 0.5673828125 0.009765625 0.044921875
50 0.734375 0.69140625 0.009765625 0.04296875