52 0.91259765625 0.357421875 0.01171875 0.044921875
52 0.9189453125 0.24072265625 0.01171875 0.04296875
52 0.86474609375 0.3466796875 0.0107421875 0.046875
52 0.87158203125 0.22998046875 0.0078125 0.044921875
2 0.83935546875 0.34130859375 0.0078125 0.04296875
2 0.8466796875 0.22265625 0.009765625 0.041015625
2 0.79150390625 0.33251953125 0.009765625 0.041015625
2 0.79833984375 0.2119140625 0.009765625 0.0390625
4 0.76513671875 0.33154296875 0.009765625 0.041015625
4 0.716796875 0.32373046875 0.0078125 0.0400390625
4 0.72265625 0.20458984375 0.0078125 0.04296875
4 0.77099609375 0.21337890625 0.0078125 0.041015625
39 0.68408203125 0.3193359375 0.0078125 0.0419921875
39 0.6923828125 0.201171875 0.0078125 0.041015625
39 0.63525390625 0.31005859375 0.0078125 0.041015625
39 0.64404296875 0.19140625 0.0078125 0.0390625
16 0.60791015625 0.30517578125 0.0087890625 0.041015625
16 0.5595703125 0.29638671875 0.009765625 0.04296875
16 0.56591796875 0.17822265625 0.009765625 0.041015625
16 0.6142578125 0.1865234375 0.0078125 0.0390625
12 0.53369140625 0.29443359375 0.0087890625 0.041015625
12 0.53759765625 0.17578125 0.0078125 0.041015625
12 0.484375 0.29052734375 0.0068359375 0.04296875
12 0.48876953125 0.17041015625 0.0078125 0.041015625
30 0.45458984375 0.283203125 0.0068359375 0.0419921875
30 0.45849609375 0.16259765625 0.0078125 0.0390625
30 0.4052734375 0.27734375 0.0078125 0.0419921875
30 0.40966796875 0.15625 0.0087890625 0.0419921875
42 0.37744140625 0.26611328125 0.0087890625 0.0419921875
42 0.3837890625 0.1455078125 0.009765625 0.0458984375
42 0.3271484375 0.2587890625 0.0087890625 0.0439453125
42 0.3330078125 0.1376953125 0.0078125 0.0419921875
26 0.30322265625 0.25439453125 0.0087890625 0.0439453125
26 0.30810546875 0.1328125 0.0087890625 0.0419921875
26 0.25390625 0.248046875 0.0078125 0.0419921875
26 0.2587890625 0.1279296875 0.0078125 0.041015625
23 0.2275390625 0.2529296875 0.009765625 0.04296875
23 0.17724609375 0.25 0.0078125 0.0419921875
23 0.18017578125 0.130859375 0.009765625 0.037109375
23 0.22998046875 0.13134765625 0.009765625 0.041015625
19 0.1484375 0.2548828125 0.0078125 0.0458984375
19 0.14501953125 0.1357421875 0.009765625 0.0390625
19 0.0986328125 0.26318359375 0.0087890625 0.041015625
19 0.0947265625 0.14208984375 0.009765625 0.0419921875
44 0.8994140625 0.55615234375 0.009765625 0.0419921875
44 0.91259765625 0.43896484375 0.0107421875 0.044921875
44 0.8515625 0.53662109375 0.0107421875 0.0439453125
44 0.86572265625 0.41943359375 0.01171875 0.04296875
20 0.83056640625 0.541015625 0.005859375 0.04296875
20 0.78271484375 0.5302734375 0.0078125 0.0390625
20 0.837890625 0.421875 0.0078125 0.0390625
20 0.78955078125 0.4111328125 0.0078125 0.037109375
15 0.7509765625 0.5302734375 0.0078125 0.0419921875
15 0.70263671875 0.51708984375 0.009765625 0.0400390625
15 0.76025390625 0.41162109375 0.009765625 0.041015625
15 0.71240234375 0.3994140625 0.009765625 0.0390625
21 0.67578125 0.5087890625 0.0078125 0.044921875
21 0.62744140625 0.501953125 0.009765625 0.0419921875
21 0.6318359375 0.3828125 0.0078125 0.0390625
21 0.68115234375 0.3896484375 0.0078125 0.041015625
31 0.603515625 0.49267578125 0.0078125 0.0419921875
31 0.55419921875 0.490234375 0.0087890625 0.0419921875
31 0.556640625 0.3701171875 0.009765625 0.041015625
31 0.60498046875 0.3720703125 0.0078125 0.041015625
46 0.53076171875 0.486328125 0.0087890625 0.046875
46 0.48095703125 0.48388671875 0.0078125 0.044921875
46 0.48291015625 0.36279296875 0.0078125 0.0419921875
46 0.5322265625 0.365234375 0.009765625 0.037109375
33 0.45849609375 0.47998046875 0.0078125 0.04296875
33 0.4091796875 0.47607421875 0.0078125 0.0400390625
33 0.412109375 0.35498046875 0.0078125 0.0390625
33 0.46142578125 0.3583984375 0.0078125 0.041015625
32 0.38818359375 0.4755859375 0.0078125 0.0419921875
32 0.33837890625 0.474609375 0.0078125 0.0419921875
32 0.33984375 0.35205078125 0.0078125 0.041015625
32 0.3896484375 0.35302734375 0.005859375 0.0419921875
14 0.31298828125 0.4755859375 0.0078125 0.0439453125
14 0.26171875 0.46875 0.0078125 0.04296875
14 0.26904296875 0.34814453125 0.009765625 0.04296875
14 0.318359375 0.35595703125 0.0078125 0.041015625
37 0.2353515625 0.478515625 0.009765625 0.044921875
37 0.234375 0.35595703125 0.0087890625 0.0400390625
37 0.1845703125 0.4794921875 0.0078125 0.04296875
37 0.18408203125 0.35693359375 0.009765625 0.04296875
13 0.15625 0.439453125 0.0078125 0.0673828125
18 0.8828125 0.771484375 0.0087890625 0.044921875
18 0.8369140625 0.75341796875 0.0078125 0.044921875
18 0.89794921875 0.6552734375 0.0087890625 0.0390625
18 0.8505859375 0.63671875 0.0107421875 0.041015625
17 0.818359375 0.74755859375 0.0078125 0.04296875
17 0.77001953125 0.74755859375 0.0078125 0.041015625
17 0.7705078125 0.62646484375 0.0087890625 0.0390625
17 0.8193359375 0.62744140625 0.0078125 0.0390625
34 0.75048828125 0.74169921875 0.0087890625 0.0390625
34 0.701171875 0.7333984375 0.0078125 0.041015625
34 0.7080078125 0.609375 0.0078125 0.0390625
34 0.75732421875 0.62060546875 0.0078125 0.0400390625
47 0.6787109375 0.7255859375 0.0078125 0.046875
47 0.62939453125 0.7216796875 0.0087890625 0.0439453125
47 0.63232421875 0.6005859375 0.009765625 0.0390625
47 0.6806640625 0.60595703125 0.0087890625 0.0439453125
10 0.6064453125 0.71826171875 0.009765625 0.0439453125
10 0.5576171875 0.71484375 0.0087890625 0.0419921875
10 0.56005859375 0.59375 0.0078125 0.044921875
10 0.60986328125 0.5986328125 0.0078125 0.04296875
0 0.53173828125 0.71240234375 0.0087890625 0.04296875
0 0.482421875 0.7041015625 0.0107421875 0.04296875
0 0.48779296875 0.58203125 0.0087890625 0.04296875
0 0.53662109375 0.59130859375 0.0078125 0.04296875
24 0.45849609375 0.70263671875 0.0087890625 0.044921875
24 0.408203125 0.7041015625 0.0078125 0.04296875
24 0.40869140625 0.5830078125 0.0087890625 0.04296875
24 0.45849609375 0.58203125 0.009765625 0.041015625
13 0.38330078125 0.6513671875 0.0078125 0.0673828125
54 0.314453125 0.6953125 0.0087890625 0.0478515625
54 0.2626953125 0.69189453125 0.0068359375 0.046875
54 0.26611328125 0.56982421875 0.009765625 0.044921875
54 0.31689453125 0.57421875 0.0078125 0.044921875
53 0.24072265625 0.6884765625 0.0087890625 0.04296875
53 0.23388671875 0.5654296875 0.009765625 0.04296875
53 0.18994140625 0.69970703125 0.01171875 0.044921875
53 0.1826171875 0.57568359375 0.009765625 0.044921875
9 0.15625 0.701171875 0.0087890625 0.044921875
9 0.10498046875 0.69921875 0.009765625 0.0419921875
9 0.10986328125 0.57275390625 0.0078125 0.044921875
9 0.16015625 0.580078125 0.0068359375 0.041015625