5 0.96826171875 0.14599609375 0.009765625 0.0341796875
5 0.91650390625 0.1396484375 0.009765625 0.037109375
30 0.88037109375 0.1396484375 0.009765625 0.03515625
30 0.82861328125 0.12451171875 0.0107421875 0.03515625
52 0.7880859375 0.130859375 0.0078125 0.0390625
52 0.73486328125 0.125 0.0078125 0.033203125
51 0.69873046875 0.1142578125 0.0078125 0.0390625
51 0.64599609375 0.11083984375 0.009765625 0.037109375
43 0.60498046875 0.10693359375 0.0078125 0.0380859375
43 0.55322265625 0.11083984375 0.0078125 0.0390625
29 0.51806640625 0.1142578125 0.0087890625 0.03515625
29 0.46630859375 0.1171875 0.009765625 0.0341796875
41 0.43701171875 0.123046875 0.009765625 0.03125
41 0.38427734375 0.10498046875 0.009765625 0.037109375
26 0.34765625 0.11572265625 0.009765625 0.0361328125
26 0.2958984375 0.10888671875 0.009765625 0.037109375
10 0.20947265625 0.1064453125 0.009765625 0.033203125
10 0.26318359375 0.09912109375 0.0078125 0.0341796875
37 0.1357421875 0.10498046875 0.0078125 0.03125
37 0.1875 0.10107421875 0.005859375 0.037109375
8 0.0576171875 0.11376953125 0.0068359375 0.037109375
8 0.10888671875 0.111328125 0.0078125 0.033203125
36 0.9658203125 0.19287109375 0.0087890625 0.03515625
36 0.9140625 0.19140625 0.0078125 0.0341796875
36 0.97021484375 0.32470703125 0.009765625 0.0390625
36 0.91796875 0.3212890625 0.0078125 0.0390625
33 0.86474609375 0.328125 0.0078125 0.041015625
33 0.8125 0.31103515625 0.009765625 0.037109375
33 0.875 0.19775390625 0.0078125 0.0361328125
33 0.8232421875 0.18310546875 0.0087890625 0.03515625
47 0.78369140625 0.3193359375 0.0078125 0.03515625
47 0.73046875 0.31298828125 0.0078125 0.041015625
47 0.78564453125 0.18896484375 0.0078125 0.0390625
47 0.7333984375 0.18212890625 0.0078125 0.0390625
54 0.7001953125 0.29052734375 0.0078125 0.041015625
54 0.64501953125 0.283203125 0.0078125 0.0361328125
54 0.6494140625 0.15576171875 0.0078125 0.03515625
54 0.703125 0.162109375 0.0078125 0.0390625
17 0.60791015625 0.29052734375 0.0078125 0.04296875
17 0.55517578125 0.28759765625 0.0078125 0.0380859375
17 0.55712890625 0.158203125 0.0087890625 0.0380859375
17 0.60888671875 0.16015625 0.009765625 0.0380859375
44 0.521484375 0.29443359375 0.009765625 0.0390625
44 0.46875 0.2978515625 0.0087890625 0.041015625
44 0.46484375 0.17041015625 0.009765625 0.0390625
44 0.51708984375 0.1650390625 0.0078125 0.0380859375
34 0.42919921875 0.29541015625 0.009765625 0.037109375
34 0.3759765625 0.28955078125 0.009765625 0.037109375
34 0.4345703125 0.16650390625 0.0078125 0.037109375
34 0.3818359375 0.1591796875 0.0078125 0.037109375
6 0.3427734375 0.29541015625 0.0078125 0.03515625
6 0.2890625 0.29296875 0.0087890625 0.037109375
6 0.34375 0.16162109375 0.009765625 0.03515625
6 0.29150390625 0.16162109375 0.0078125 0.0380859375
20 0.265625 0.28076171875 0.0087890625 0.0390625
20 0.21240234375 0.28466796875 0.0087890625 0.04296875
20 0.2099609375 0.1552734375 0.009765625 0.0390625
20 0.26171875 0.1494140625 0.009765625 0.0390625
25 0.185546875 0.283203125 0.0087890625 0.0419921875
25 0.1328125 0.27978515625 0.0078125 0.0390625
25 0.189453125 0.15380859375 0.0087890625 0.0380859375
25 0.1376953125 0.1513671875 0.0078125 0.0390625
53 0.1064453125 0.29296875 0.0078125 0.0390625
53 0.05224609375 0.30078125 0.0107421875 0.041015625
53 0.05078125 0.16845703125 0.0078125 0.0380859375
53 0.1044921875 0.1630859375 0.0078125 0.037109375