51 0.27197265625 0.04150390625 0.0380859375 0.0068359375
51 0.25732421875 0.099609375 0.0390625 0.0068359375
45 0.251953125 0.13623046875 0.0400390625 0.0078125
45 0.24365234375 0.1953125 0.0390625 0.0078125
13 0.22021484375 0.2236328125 0.017578125 0.0078125
13 0.216796875 0.28271484375 0.0146484375 0.0078125
7 0.23095703125 0.3046875 0.0400390625 0.0078125
7 0.2294921875 0.36328125 0.0400390625 0.0078125
13 0.208984375 0.447265625 0.017578125 0.0087890625
13 0.2119140625 0.38818359375 0.017578125 0.0087890625
3 0.20458984375 0.48291015625 0.041015625 0.009765625
3 0.201171875 0.54150390625 0.041015625 0.0087890625
11 0.3134765625 0.10400390625 0.0419921875 0.0087890625
11 0.3212890625 0.0458984375 0.041015625 0.0078125
16 0.29736328125 0.19140625 0.0390625 0.009765625
16 0.31201171875 0.1318359375 0.041015625 0.009765625
17 0.2783203125 0.28173828125 0.04296875 0.009765625
17 0.279296875 0.22314453125 0.0419921875 0.0078125
12 0.28271484375 0.36376953125 0.041015625 0.009765625
12 0.28271484375 0.30419921875 0.0390625 0.009765625
34 0.26806640625 0.38818359375 0.04296875 0.0078125
34 0.2666015625 0.44677734375 0.041015625 0.0078125
44 0.2431640625 0.53857421875 0.044921875 0.0078125
44 0.25634765625 0.47998046875 0.0390625 0.009765625
48 0.37744140625 0.052734375 0.041015625 0.0087890625
48 0.37353515625 0.11181640625 0.044921875 0.0078125
48 0.5166015625 0.1103515625 0.0458984375 0.009765625
48 0.52001953125 0.05029296875 0.04296875 0.009765625
14 0.4931640625 0.13720703125 0.0419921875 0.0107421875
14 0.48828125 0.1982421875 0.0439453125 0.009765625
14 0.3466796875 0.19677734375 0.041015625 0.009765625
14 0.3525390625 0.1376953125 0.041015625 0.009765625
19 0.48974609375 0.2216796875 0.0419921875 0.0087890625
19 0.48388671875 0.28173828125 0.041015625 0.0078125
19 0.34228515625 0.27978515625 0.0419921875 0.0078125
19 0.34912109375 0.220703125 0.0390625 0.0087890625
32 0.4775390625 0.302734375 0.04296875 0.0087890625
32 0.47900390625 0.36328125 0.041015625 0.0078125
32 0.33935546875 0.3671875 0.0400390625 0.0078125
32 0.3349609375 0.30712890625 0.0419921875 0.0087890625
2 0.44970703125 0.390625 0.04296875 0.0078125
2 0.45263671875 0.4501953125 0.0419921875 0.0078125
2 0.3115234375 0.45263671875 0.0390625 0.005859375
2 0.31005859375 0.39306640625 0.0390625 0.0078125
25 0.44970703125 0.4853515625 0.044921875 0.009765625
25 0.4462890625 0.544921875 0.04296875 0.0078125
25 0.3095703125 0.4833984375 0.0419921875 0.0078125
25 0.3046875 0.5419921875 0.041015625 0.0078125
27 0.6953125 0.08447265625 0.2470703125 0.0859375
28 0.693359375 0.93701171875 0.2265625 0.0859375
18 0.76953125 0.9072265625 0.044921875 0.009765625
18 0.779296875 0.96923828125 0.046875 0.009765625
18 0.63134765625 0.97119140625 0.04296875 0.009765625
18 0.62109375 0.90966796875 0.044921875 0.009765625
27 0.43359375 0.79296875 0.2421875 0.0908203125