0 0.2001953125 0.83935546875 0.05078125 0.01171875
0 0.20361328125 0.7802734375 0.048828125 0.0107421875
0 0.35107421875 0.77978515625 0.05078125 0.013671875
0 0.3466796875 0.83837890625 0.046875 0.009765625
24 0.3427734375 0.8525390625 0.048828125 0.01171875
28 0.28369140625 0.81298828125 0.232421875 0.1025390625
40 0.22509765625 0.7392578125 0.0556640625 0.0107421875
40 0.232421875 0.6796875 0.046875 0.0087890625
40 0.37841796875 0.68310546875 0.046875 0.0078125
40 0.37060546875 0.7421875 0.048828125 0.0087890625
27 0.529296875 0.81298828125 0.2216796875 0.0947265625
43 0.47314453125 0.7333984375 0.048828125 0.01171875
43 0.61279296875 0.73291015625 0.048828125 0.0107421875
43 0.47412109375 0.67529296875 0.05078125 0.01171875
43 0.6123046875 0.67431640625 0.048828125 0.0126953125
54 0.470703125 0.62939453125 0.05078125 0.0107421875
54 0.609375 0.6357421875 0.044921875 0.009765625
54 0.48193359375 0.572265625 0.046875 0.0078125
54 0.61767578125 0.57861328125 0.0458984375 0.0078125
17 0.48486328125 0.533203125 0.046875 0.009765625
17 0.61962890625 0.5400390625 0.0439453125 0.0087890625
17 0.4921875 0.47607421875 0.044921875 0.009765625
17 0.63037109375 0.48388671875 0.0458984375 0.0078125
34 0.4853515625 0.42626953125 0.048828125 0.01171875
34 0.62451171875 0.419921875 0.048828125 0.01171875
34 0.4736328125 0.369140625 0.0458984375 0.009765625
34 0.6123046875 0.3623046875 0.046875 0.01171875
9 0.4677734375 0.298828125 0.046875 0.01171875
9 0.6103515625 0.29345703125 0.046875 0.0126953125
9 0.59912109375 0.2353515625 0.048828125 0.0146484375
9 0.458984375 0.240234375 0.046875 0.01171875
28 0.54296875 0.26904296875 0.2265625 0.099609375
27 0.52685546875 0.1591796875 0.212890625 0.0859375