51 0.2294921875 0.06787109375 0.0439453125 0.009765625
51 0.091796875 0.0751953125 0.041015625 0.0078125
51 0.22998046875 0.12646484375 0.041015625 0.0087890625
51 0.09716796875 0.1337890625 0.04296875 0.0087890625
39 0.244140625 0.15673828125 0.044921875 0.0078125
39 0.1123046875 0.150390625 0.037109375 0.009765625
39 0.22900390625 0.21533203125 0.0419921875 0.009765625
39 0.0966796875 0.2080078125 0.0390625 0.0078125
52 0.2353515625 0.25830078125 0.04296875 0.009765625
52 0.1044921875 0.23876953125 0.041015625 0.0087890625
52 0.20751953125 0.31591796875 0.041015625 0.009765625
52 0.078125 0.294921875 0.041015625 0.009765625
54 0.21728515625 0.34765625 0.041015625 0.009765625
54 0.083984375 0.33984375 0.0390625 0.0078125
54 0.20947265625 0.40625 0.0419921875 0.009765625
54 0.07177734375 0.3984375 0.0390625 0.0078125
29 0.21728515625 0.42578125 0.04296875 0.0087890625
29 0.22119140625 0.484375 0.04296875 0.009765625
29 0.07763671875 0.4326171875 0.041015625 0.009765625
29 0.083984375 0.49072265625 0.0419921875 0.01171875
46 0.22705078125 0.5224609375 0.0439453125 0.009765625
46 0.09228515625 0.5234375 0.041015625 0.0078125
46 0.23095703125 0.58056640625 0.04296875 0.009765625
46 0.09326171875 0.58154296875 0.0439453125 0.009765625
17 0.2294921875 0.6171875 0.04296875 0.0078125
17 0.09521484375 0.61279296875 0.041015625 0.0068359375
17 0.22412109375 0.67626953125 0.04296875 0.0087890625
17 0.0888671875 0.6708984375 0.0390625 0.009765625
12 0.2275390625 0.70556640625 0.041015625 0.0068359375
12 0.08740234375 0.70458984375 0.0380859375 0.0087890625
12 0.08740234375 0.7646484375 0.0390625 0.0087890625
12 0.2265625 0.76513671875 0.037109375 0.009765625
34 0.22998046875 0.7939453125 0.037109375 0.0078125
34 0.091796875 0.79296875 0.0390625 0.0078125
34 0.09375 0.85205078125 0.041015625 0.0068359375
34 0.2314453125 0.8525390625 0.041015625 0.0068359375
44 0.24853515625 0.8955078125 0.046875 0.009765625
44 0.11376953125 0.88623046875 0.04296875 0.009765625
44 0.10595703125 0.9453125 0.04296875 0.0078125
44 0.24267578125 0.9541015625 0.041015625 0.009765625
38 0.44482421875 0.068359375 0.0439453125 0.009765625
38 0.4462890625 0.12646484375 0.037109375 0.009765625
38 0.30517578125 0.1328125 0.0390625 0.0078125
38 0.30615234375 0.07470703125 0.0390625 0.0078125
9 0.46142578125 0.16015625 0.041015625 0.0078125
9 0.4580078125 0.2216796875 0.037109375 0.005859375
9 0.31787109375 0.22314453125 0.0390625 0.009765625
9 0.31982421875 0.16357421875 0.0380859375 0.0078125
53 0.44384765625 0.259765625 0.04296875 0.009765625
53 0.4384765625 0.3212890625 0.0419921875 0.0078125
53 0.30224609375 0.25732421875 0.041015625 0.005859375
53 0.296875 0.3173828125 0.0419921875 0.0087890625
25 0.4384765625 0.35009765625 0.0400390625 0.009765625
25 0.43701171875 0.41064453125 0.041015625 0.009765625
25 0.298828125 0.35009765625 0.04296875 0.009765625
25 0.29736328125 0.4091796875 0.041015625 0.0078125
2 0.44580078125 0.43017578125 0.037109375 0.0078125
2 0.44482421875 0.490234375 0.0390625 0.0078125
2 0.302734375 0.48876953125 0.0380859375 0.0078125
2 0.3056640625 0.43017578125 0.037109375 0.0087890625
31 0.45263671875 0.52294921875 0.0390625 0.0087890625
31 0.45458984375 0.58251953125 0.0400390625 0.0078125
31 0.31201171875 0.5830078125 0.0419921875 0.0078125
31 0.3115234375 0.5234375 0.04296875 0.0087890625
43 0.45751953125 0.626953125 0.04296875 0.0068359375
43 0.453125 0.6875 0.04296875 0.005859375
43 0.3125 0.68310546875 0.0439453125 0.0078125
43 0.31640625 0.623046875 0.041015625 0.0078125
40 0.4521484375 0.7158203125 0.0419921875 0.0078125
40 0.447265625 0.77685546875 0.041015625 0.0078125
40 0.3037109375 0.771484375 0.037109375 0.0078125
40 0.31103515625 0.71142578125 0.041015625 0.0078125
23 0.443359375 0.7978515625 0.0419921875 0.009765625
23 0.45654296875 0.85595703125 0.041015625 0.009765625
23 0.31689453125 0.86328125 0.0419921875 0.009765625
23 0.3046875 0.80419921875 0.044921875 0.0087890625
30 0.46728515625 0.90771484375 0.0400390625 0.005859375
30 0.47607421875 0.96826171875 0.0400390625 0.0078125
30 0.33203125 0.97021484375 0.041015625 0.0078125
30 0.326171875 0.908203125 0.0400390625 0.0078125
50 0.703125 0.060546875 0.04296875 0.0078125
50 0.69677734375 0.12158203125 0.0439453125 0.005859375
50 0.55126953125 0.1201171875 0.04296875 0.0078125
50 0.55712890625 0.06005859375 0.0419921875 0.0078125
42 0.69677734375 0.15478515625 0.044921875 0.0107421875
42 0.701171875 0.2158203125 0.0419921875 0.009765625
42 0.5537109375 0.22021484375 0.0400390625 0.0078125
42 0.55224609375 0.16064453125 0.0400390625 0.009765625
21 0.68798828125 0.255859375 0.044921875 0.0068359375
21 0.68310546875 0.3173828125 0.041015625 0.0068359375
21 0.537109375 0.31787109375 0.04296875 0.0107421875
21 0.54150390625 0.25634765625 0.04296875 0.0078125
3 0.68603515625 0.34375 0.0390625 0.0078125
3 0.6826171875 0.40478515625 0.0400390625 0.0078125
3 0.5400390625 0.34423828125 0.044921875 0.0078125
3 0.537109375 0.4033203125 0.0400390625 0.0078125
13 0.7001953125 0.4345703125 0.015625 0.0068359375
13 0.6943359375 0.49609375 0.015625 0.0078125
13 0.52294921875 0.4921875 0.0185546875 0.009765625
13 0.52783203125 0.43212890625 0.017578125 0.0087890625
45 0.701171875 0.5205078125 0.046875 0.0078125
45 0.556640625 0.52001953125 0.0439453125 0.009765625
45 0.55712890625 0.5810546875 0.04296875 0.0087890625
45 0.70263671875 0.58203125 0.04296875 0.005859375
13 0.7197265625 0.6259765625 0.01953125 0.0078125
13 0.72216796875 0.68798828125 0.01953125 0.009765625
13 0.54833984375 0.6875 0.01953125 0.009765625
13 0.54736328125 0.62548828125 0.017578125 0.009765625
7 0.70068359375 0.71923828125 0.044921875 0.0078125
7 0.70361328125 0.78125 0.044921875 0.0078125
7 0.55712890625 0.78173828125 0.04296875 0.0068359375
7 0.55224609375 0.7197265625 0.0458984375 0.0087890625
5 0.69775390625 0.8056640625 0.0439453125 0.0078125
5 0.697265625 0.86669921875 0.044921875 0.0078125
5 0.5498046875 0.80224609375 0.04296875 0.0078125
5 0.55029296875 0.86376953125 0.0439453125 0.009765625
33 0.71044921875 0.90625 0.0419921875 0.0078125
33 0.72412109375 0.96875 0.046875 0.009765625
33 0.57568359375 0.97412109375 0.0390625 0.009765625
33 0.5654296875 0.91259765625 0.0439453125 0.0107421875
27 0.87890625 0.94287109375 0.2265625 0.0947265625
22 0.95751953125 0.05908203125 0.0478515625 0.0078125
22 0.9521484375 0.12109375 0.044921875 0.005859375
22 0.80029296875 0.12109375 0.04296875 0.0068359375
22 0.8046875 0.06005859375 0.04296875 0.0087890625
37 0.95068359375 0.1474609375 0.044921875 0.009765625
37 0.94580078125 0.21044921875 0.04296875 0.0068359375
37 0.79296875 0.2109375 0.0390625 0.0078125
37 0.798828125 0.1484375 0.04296875 0.0078125
8 0.9384765625 0.24560546875 0.0458984375 0.0078125
8 0.9326171875 0.3076171875 0.04296875 0.0078125
8 0.77880859375 0.3056640625 0.044921875 0.0078125
8 0.7841796875 0.24365234375 0.0439453125 0.0078125
10 0.92919921875 0.33935546875 0.044921875 0.0078125
10 0.92529296875 0.40087890625 0.044921875 0.0087890625
10 0.77099609375 0.3984375 0.0419921875 0.0078125
10 0.77685546875 0.3369140625 0.04296875 0.0078125
41 0.9140625 0.43603515625 0.046875 0.0087890625
41 0.90185546875 0.498046875 0.0458984375 0.0078125
41 0.7509765625 0.49169921875 0.044921875 0.0078125
41 0.76171875 0.43017578125 0.0439453125 0.009765625
47 0.95166015625 0.5185546875 0.048828125 0.0087890625
47 0.94287109375 0.580078125 0.05078125 0.0087890625
47 0.79833984375 0.51220703125 0.046875 0.0078125
47 0.79345703125 0.57421875 0.044921875 0.0078125
0 0.962890625 0.6201171875 0.048828125 0.009765625
0 0.81103515625 0.6123046875 0.044921875 0.0078125
0 0.95458984375 0.6826171875 0.0478515625 0.0087890625
0 0.80126953125 0.6748046875 0.04296875 0.0087890625
26 0.9482421875 0.7080078125 0.05078125 0.0087890625
26 0.79736328125 0.7060546875 0.0419921875 0.0078125
26 0.9482421875 0.7705078125 0.046875 0.0078125
26 0.7958984375 0.76806640625 0.0419921875 0.0078125
35 0.94384765625 0.8037109375 0.0458984375 0.009765625
35 0.9482421875 0.8662109375 0.0458984375 0.009765625
35 0.7890625 0.8056640625 0.046875 0.0087890625
35 0.79736328125 0.8681640625 0.044921875 0.0078125