51 0.06787109375 0.7705078125 0.009765625 0.0439453125
51 0.0751953125 0.90771484375 0.0078125 0.041015625
51 0.12646484375 0.77001953125 0.0087890625 0.041015625
51 0.1337890625 0.90478515625 0.0087890625 0.04296875
39 0.15673828125 0.755859375 0.0078125 0.044921875
39 0.150390625 0.8876953125 0.009765625 0.037109375
39 0.21533203125 0.77099609375 0.009765625 0.0419921875
39 0.2080078125 0.9033203125 0.0078125 0.0390625
52 0.25830078125 0.7646484375 0.009765625 0.04296875
52 0.23876953125 0.8955078125 0.0087890625 0.041015625
52 0.31591796875 0.79248046875 0.009765625 0.041015625
52 0.294921875 0.921875 0.009765625 0.041015625
54 0.34765625 0.78271484375 0.009765625 0.041015625
54 0.33984375 0.916015625 0.0078125 0.0390625
54 0.40625 0.79052734375 0.009765625 0.0419921875
54 0.3984375 0.92822265625 0.0078125 0.0390625
29 0.42578125 0.78271484375 0.0087890625 0.04296875
29 0.484375 0.77880859375 0.009765625 0.04296875
29 0.4326171875 0.92236328125 0.009765625 0.041015625
29 0.49072265625 0.916015625 0.01171875 0.0419921875
46 0.5224609375 0.77294921875 0.009765625 0.0439453125
46 0.5234375 0.90771484375 0.0078125 0.041015625
46 0.58056640625 0.76904296875 0.009765625 0.04296875
46 0.58154296875 0.90673828125 0.009765625 0.0439453125
17 0.6171875 0.7705078125 0.0078125 0.04296875
17 0.61279296875 0.90478515625 0.0068359375 0.041015625
17 0.67626953125 0.77587890625 0.0087890625 0.04296875
17 0.6708984375 0.9111328125 0.009765625 0.0390625
12 0.70556640625 0.7724609375 0.0068359375 0.041015625
12 0.70458984375 0.91259765625 0.0087890625 0.0380859375
12 0.7646484375 0.91259765625 0.0087890625 0.0390625
12 0.76513671875 0.7734375 0.009765625 0.037109375
34 0.7939453125 0.77001953125 0.0078125 0.037109375
34 0.79296875 0.908203125 0.0078125 0.0390625
34 0.85205078125 0.90625 0.0068359375 0.041015625
34 0.8525390625 0.7685546875 0.0068359375 0.041015625
44 0.8955078125 0.75146484375 0.009765625 0.046875
44 0.88623046875 0.88623046875 0.009765625 0.04296875
44 0.9453125 0.89404296875 0.0078125 0.04296875
44 0.9541015625 0.75732421875 0.009765625 0.041015625
38 0.068359375 0.55517578125 0.009765625 0.0439453125
38 0.12646484375 0.5537109375 0.009765625 0.037109375
38 0.1328125 0.69482421875 0.0078125 0.0390625
38 0.07470703125 0.69384765625 0.0078125 0.0390625
9 0.16015625 0.53857421875 0.0078125 0.041015625
9 0.2216796875 0.5419921875 0.005859375 0.037109375
9 0.22314453125 0.68212890625 0.009765625 0.0390625
9 0.16357421875 0.68017578125 0.0078125 0.0380859375
53 0.259765625 0.55615234375 0.009765625 0.04296875
53 0.3212890625 0.5615234375 0.0078125 0.0419921875
53 0.25732421875 0.69775390625 0.005859375 0.041015625
53 0.3173828125 0.703125 0.0087890625 0.0419921875
25 0.35302734375 0.56005859375 0.009765625 0.0400390625
25 0.41455078125 0.5673828125 0.009765625 0.041015625
25 0.35009765625 0.701171875 0.009765625 0.04296875
25 0.40966796875 0.70751953125 0.0078125 0.041015625
2 0.43017578125 0.56201171875 0.0078125 0.037109375
2 0.490234375 0.56396484375 0.0078125 0.0390625
2 0.48876953125 0.697265625 0.0078125 0.0380859375
2 0.43017578125 0.7021484375 0.0087890625 0.037109375
31 0.52294921875 0.54736328125 0.0087890625 0.0390625
31 0.58251953125 0.54541015625 0.0078125 0.0400390625
31 0.5830078125 0.68798828125 0.0078125 0.0419921875
31 0.5234375 0.6884765625 0.0087890625 0.04296875
43 0.626953125 0.54248046875 0.0068359375 0.04296875
43 0.6875 0.546875 0.005859375 0.04296875
43 0.68310546875 0.6875 0.0078125 0.0439453125
43 0.623046875 0.68359375 0.0078125 0.041015625
40 0.7158203125 0.5478515625 0.0078125 0.0419921875
40 0.77685546875 0.55224609375 0.0078125 0.041015625
40 0.771484375 0.6962890625 0.0078125 0.037109375
40 0.71142578125 0.68896484375 0.0078125 0.041015625
23 0.7978515625 0.556640625 0.009765625 0.0419921875
23 0.85595703125 0.54345703125 0.009765625 0.041015625
23 0.86328125 0.68310546875 0.009765625 0.0419921875
23 0.80419921875 0.6953125 0.0087890625 0.044921875
30 0.90771484375 0.53271484375 0.005859375 0.0400390625
30 0.96826171875 0.52392578125 0.0078125 0.0400390625
30 0.97021484375 0.66796875 0.0078125 0.041015625
30 0.908203125 0.673828125 0.0078125 0.0400390625
27 0.95458984375 0.111328125 0.0908203125 0.22265625
27 0.095703125 0.384765625 0.083984375 0.220703125
27 0.55419921875 0.3818359375 0.0791015625 0.220703125