42 0.8505859375 0.78564453125 0.033203125 0.0078125
42 0.84326171875 0.84228515625 0.029296875 0.0087890625
11 0.837890625 0.74951171875 0.0283203125 0.0078125
11 0.8408203125 0.69775390625 0.029296875 0.0078125
7 0.84033203125 0.67333984375 0.033203125 0.0078125
7 0.85107421875 0.615234375 0.029296875 0.0078125
25 0.857421875 0.58447265625 0.03125 0.0078125
25 0.8623046875 0.53271484375 0.03125 0.0078125
19 0.8701171875 0.4970703125 0.033203125 0.0078125
19 0.86962890625 0.4404296875 0.0341796875 0.0078125
8 0.86767578125 0.41845703125 0.0341796875 0.0078125
8 0.8740234375 0.361328125 0.0302734375 0.0078125
30 0.8623046875 0.3359375 0.03125 0.0087890625
30 0.87158203125 0.2783203125 0.03515625 0.0078125
33 0.85791015625 0.189453125 0.0361328125 0.0078125
33 0.85546875 0.24609375 0.03125 0.005859375
12 0.84765625 0.10400390625 0.02734375 0.0087890625
12 0.8583984375 0.15478515625 0.0263671875 0.01171875
3 0.65625 0.8359375 0.03125 0.005859375
3 0.66259765625 0.77880859375 0.029296875 0.0068359375
3 0.80078125 0.8369140625 0.03125 0.0068359375
3 0.80517578125 0.7802734375 0.0283203125 0.0078125
51 0.65234375 0.74609375 0.0390625 0.009765625
51 0.65869140625 0.69140625 0.037109375 0.009765625
51 0.78955078125 0.74853515625 0.0380859375 0.0087890625
51 0.79443359375 0.69482421875 0.037109375 0.009765625
1 0.65283203125 0.662109375 0.033203125 0.005859375
1 0.669921875 0.6044921875 0.0302734375 0.0078125
1 0.794921875 0.67529296875 0.029296875 0.0078125
1 0.81201171875 0.6181640625 0.029296875 0.0078125
4 0.66796875 0.58349609375 0.03125 0.0078125
4 0.8095703125 0.5888671875 0.03515625 0.0078125
4 0.81787109375 0.53173828125 0.03125 0.005859375
4 0.6748046875 0.52587890625 0.029296875 0.005859375
48 0.67431640625 0.5 0.0341796875 0.0087890625
48 0.67724609375 0.4423828125 0.03515625 0.0078125
48 0.81884765625 0.44482421875 0.033203125 0.0078125
48 0.81494140625 0.50146484375 0.037109375 0.0078125
40 0.67626953125 0.4111328125 0.03125 0.009765625
40 0.6767578125 0.35888671875 0.0341796875 0.0078125
40 0.80859375 0.412109375 0.0361328125 0.0078125
40 0.81005859375 0.359375 0.0341796875 0.0068359375
20 0.66015625 0.31787109375 0.03515625 0.0078125
20 0.673828125 0.26025390625 0.03515625 0.0068359375
20 0.80029296875 0.33154296875 0.0341796875 0.0078125
20 0.81494140625 0.2724609375 0.03515625 0.0078125
47 0.65283203125 0.23876953125 0.03515625 0.0068359375
47 0.66357421875 0.18115234375 0.03515625 0.0078125
47 0.79541015625 0.24755859375 0.037109375 0.005859375
47 0.8037109375 0.189453125 0.029296875 0.0068359375
45 0.666015625 0.16162109375 0.03125 0.0078125
45 0.658203125 0.10302734375 0.03125 0.0078125
45 0.8076171875 0.1591796875 0.03125 0.0078125
45 0.80029296875 0.1015625 0.0302734375 0.005859375