28 0.365234375 0.119140625 0.189453125 0.076171875
9 0.29931640625 0.140625 0.0361328125 0.009765625
9 0.30615234375 0.09033203125 0.0380859375 0.0078125
9 0.4296875 0.09814453125 0.04296875 0.0078125
9 0.42041015625 0.14794921875 0.041015625 0.0078125
13 0.5634765625 0.16064453125 0.0654296875 0.005859375
4 0.75 0.1572265625 0.041015625 0.009765625
4 0.740234375 0.10693359375 0.041015625 0.009765625
4 0.8623046875 0.10009765625 0.0400390625 0.009765625
4 0.873046875 0.150390625 0.041015625 0.0078125
28 0.81298828125 0.12646484375 0.189453125 0.0771484375
28 0.58837890625 0.1357421875 0.1943359375 0.0712890625
28 0.37109375 0.23681640625 0.1953125 0.0703125
1 0.30712890625 0.26416015625 0.041015625 0.009765625
1 0.3037109375 0.2138671875 0.0439453125 0.009765625
1 0.42578125 0.21044921875 0.046875 0.0078125
1 0.43017578125 0.26123046875 0.0400390625 0.009765625
28 0.59228515625 0.232421875 0.1875 0.076171875
49 0.5341796875 0.25927734375 0.044921875 0.009765625
49 0.52734375 0.20751953125 0.0419921875 0.0087890625
49 0.64990234375 0.203125 0.041015625 0.0087890625
49 0.654296875 0.25390625 0.041015625 0.009765625
28 0.81103515625 0.23828125 0.1875 0.068359375
8 0.7421875 0.26025390625 0.04296875 0.0078125
8 0.86328125 0.2646484375 0.04296875 0.0078125
8 0.87060546875 0.21435546875 0.04296875 0.0078125
8 0.748046875 0.20947265625 0.046875 0.0087890625