27 0.92138671875 0.2236328125 0.09765625 0.224609375
27 0.9189453125 0.470703125 0.0927734375 0.212890625
27 0.9189453125 0.71044921875 0.087890625 0.21484375
27 0.80712890625 0.22119140625 0.0927734375 0.22265625
27 0.8095703125 0.4765625 0.099609375 0.24609375
28 0.806640625 0.748046875 0.09375 0.2236328125
19 0.779296875 0.6875 0.009765625 0.04296875
19 0.84130859375 0.82373046875 0.0087890625 0.044921875
13 0.09619140625 0.54931640625 0.009765625 0.0234375
13 0.15087890625 0.56640625 0.009765625 0.021484375
13 0.087890625 0.697265625 0.0107421875 0.021484375
13 0.14208984375 0.7138671875 0.009765625 0.01953125
26 0.1845703125 0.578125 0.0087890625 0.04296875
26 0.24169921875 0.73193359375 0.0078125 0.0400390625
42 0.2783203125 0.59521484375 0.009765625 0.044921875
42 0.34423828125 0.7314453125 0.009765625 0.0439453125
22 0.3779296875 0.615234375 0.0078125 0.041015625
22 0.43310546875 0.7626953125 0.0078125 0.0390625
24 0.47509765625 0.63037109375 0.009765625 0.041015625
24 0.52783203125 0.783203125 0.009765625 0.0380859375
31 0.56494140625 0.64892578125 0.0078125 0.04296875
31 0.62451171875 0.79150390625 0.0078125 0.041015625
41 0.66259765625 0.66796875 0.0078125 0.0439453125
41 0.72412109375 0.80859375 0.0087890625 0.041015625