27 0.7763671875 0.92138671875 0.224609375 0.0986328125
27 0.529296875 0.9189453125 0.212890625 0.0927734375
27 0.28955078125 0.9189453125 0.21484375 0.087890625
27 0.77880859375 0.80712890625 0.22265625 0.0927734375
27 0.5234375 0.8095703125 0.24609375 0.099609375
28 0.251953125 0.806640625 0.2236328125 0.09375
19 0.3125 0.779296875 0.04296875 0.009765625
19 0.17626953125 0.84130859375 0.044921875 0.0087890625
13 0.29345703125 0.08642578125 0.021484375 0.0107421875
13 0.27978515625 0.13916015625 0.01953125 0.009765625
26 0.26611328125 0.2421875 0.0400390625 0.0078125
42 0.26220703125 0.34423828125 0.0439453125 0.009765625
22 0.2314453125 0.43603515625 0.0390625 0.0078125
24 0.2099609375 0.52880859375 0.0380859375 0.009765625
31 0.1953125 0.61962890625 0.041015625 0.0078125
41 0.18896484375 0.73486328125 0.041015625 0.0087890625
11 0.32666015625 0.146484375 0.03515625 0.0087890625
6 0.3212890625 0.244140625 0.041015625 0.01171875
18 0.32177734375 0.34765625 0.041015625 0.009765625
40 0.28662109375 0.44970703125 0.04296875 0.009765625
33 0.27001953125 0.53564453125 0.041015625 0.009765625
15 0.2431640625 0.62158203125 0.04296875 0.009765625
35 0.23828125 0.73779296875 0.044921875 0.009765625
7 0.396484375 0.1484375 0.037109375 0.009765625
7 0.55126953125 0.091796875 0.04296875 0.0087890625
39 0.5458984375 0.197265625 0.044921875 0.0078125
39 0.3935546875 0.25634765625 0.041015625 0.0078125
23 0.5205078125 0.28369140625 0.041015625 0.0078125
23 0.38134765625 0.3505859375 0.041015625 0.0087890625
4 0.5 0.3896484375 0.0400390625 0.0078125
4 0.3564453125 0.45166015625 0.0390625 0.0078125
0 0.478515625 0.49169921875 0.04296875 0.009765625
0 0.32470703125 0.5419921875 0.037109375 0.009765625
45 0.44091796875 0.5712890625 0.041015625 0.0078125
45 0.29248046875 0.62548828125 0.04296875 0.0078125
50 0.4326171875 0.6640625 0.044921875 0.009765625
50 0.30859375 0.734375 0.04296875 0.009765625