32 0.056640625 0.7685546875 0.0078125 0.0390625
32 0.10888671875 0.7705078125 0.0068359375 0.03515625
32 0.06005859375 0.8994140625 0.0078125 0.03515625
32 0.111328125 0.900390625 0.0078125 0.03515625
16 0.14306640625 0.7744140625 0.0078125 0.037109375
16 0.14111328125 0.900390625 0.0078125 0.033203125
16 0.1953125 0.77978515625 0.0068359375 0.037109375
16 0.19287109375 0.908203125 0.0078125 0.0400390625
38 0.23095703125 0.77490234375 0.005859375 0.0380859375
38 0.28369140625 0.78076171875 0.005859375 0.041015625
38 0.2294921875 0.904296875 0.005859375 0.033203125
38 0.28173828125 0.9091796875 0.0078125 0.037109375
9 0.3232421875 0.78125 0.0078125 0.041015625
9 0.375 0.787109375 0.0078125 0.037109375
9 0.31982421875 0.91015625 0.0068359375 0.0322265625
9 0.37158203125 0.916015625 0.0068359375 0.03515625
23 0.40234375 0.79052734375 0.0087890625 0.0390625
23 0.4541015625 0.791015625 0.0078125 0.037109375
23 0.40185546875 0.91796875 0.0087890625 0.03515625
23 0.453125 0.91845703125 0.009765625 0.0361328125
1 0.48291015625 0.783203125 0.0087890625 0.037109375
1 0.53515625 0.78857421875 0.0078125 0.037109375
1 0.47900390625 0.91259765625 0.0078125 0.037109375
1 0.5302734375 0.91943359375 0.0078125 0.03515625
43 0.568359375 0.794921875 0.009765625 0.041015625
43 0.62109375 0.79833984375 0.0078125 0.041015625
43 0.5654296875 0.9228515625 0.009765625 0.037109375
43 0.6181640625 0.9267578125 0.009765625 0.03515625
26 0.65380859375 0.7939453125 0.0078125 0.0419921875
26 0.70654296875 0.80126953125 0.009765625 0.037109375
26 0.64794921875 0.9208984375 0.009765625 0.0380859375
26 0.7001953125 0.92724609375 0.0078125 0.03515625
52 0.74267578125 0.7919921875 0.009765625 0.0380859375
52 0.796875 0.79248046875 0.0078125 0.0390625
52 0.740234375 0.92236328125 0.0078125 0.037109375
52 0.79345703125 0.9208984375 0.0078125 0.03515625
10 0.8232421875 0.78369140625 0.0087890625 0.0361328125
10 0.8779296875 0.7861328125 0.0078125 0.037109375
10 0.8203125 0.916015625 0.0078125 0.0361328125
10 0.8740234375 0.9169921875 0.0078125 0.0361328125
2 0.91064453125 0.783203125 0.0078125 0.03515625
2 0.96240234375 0.78173828125 0.0087890625 0.037109375
2 0.90673828125 0.91357421875 0.009765625 0.037109375
2 0.95751953125 0.91259765625 0.0087890625 0.03515625
38 0.0517578125 0.54150390625 0.0078125 0.0390625
38 0.1044921875 0.54345703125 0.0078125 0.03515625
38 0.05517578125 0.6845703125 0.009765625 0.03515625
38 0.1083984375 0.6865234375 0.0068359375 0.03515625
13 0.14111328125 0.57421875 0.009765625 0.0751953125
13 0.20068359375 0.6796875 0.009765625 0.0712890625
35 0.228515625 0.5615234375 0.009765625 0.0390625
35 0.2822265625 0.5654296875 0.0087890625 0.0390625
35 0.22900390625 0.69580078125 0.0078125 0.0390625
35 0.2822265625 0.69873046875 0.0078125 0.0390625
12 0.326171875 0.56884765625 0.0078125 0.0400390625
12 0.37890625 0.5810546875 0.0078125 0.037109375
12 0.318359375 0.7021484375 0.009765625 0.0361328125
12 0.37158203125 0.7119140625 0.0087890625 0.0390625
22 0.41015625 0.5615234375 0.009765625 0.0400390625
22 0.462890625 0.57275390625 0.009765625 0.037109375
22 0.4033203125 0.69140625 0.0087890625 0.0390625
22 0.4560546875 0.70068359375 0.009765625 0.037109375
15 0.48291015625 0.57568359375 0.0078125 0.037109375
15 0.53564453125 0.57275390625 0.009765625 0.0400390625
15 0.5380859375 0.703125 0.0078125 0.0400390625
15 0.48583984375 0.7080078125 0.0107421875 0.03515625
30 0.57666015625 0.56787109375 0.005859375 0.0390625
30 0.62939453125 0.57373046875 0.0078125 0.0390625
30 0.5693359375 0.69775390625 0.0078125 0.0361328125
30 0.62158203125 0.7080078125 0.0078125 0.0380859375
37 0.65869140625 0.57080078125 0.0087890625 0.0390625
37 0.712890625 0.5732421875 0.0078125 0.037109375
37 0.65478515625 0.703125 0.0078125 0.03515625
37 0.7080078125 0.7080078125 0.0068359375 0.03515625
8 0.744140625 0.5869140625 0.0078125 0.0390625
8 0.7978515625 0.59130859375 0.0078125 0.037109375
8 0.73779296875 0.7197265625 0.0078125 0.033203125
8 0.79150390625 0.7255859375 0.0078125 0.033203125
54 0.8232421875 0.58154296875 0.0078125 0.0390625
54 0.8779296875 0.57958984375 0.0068359375 0.0390625
54 0.82177734375 0.71337890625 0.0068359375 0.03515625
54 0.8759765625 0.71240234375 0.0078125 0.037109375
51 0.91650390625 0.5712890625 0.0078125 0.0390625
51 0.9189453125 0.70263671875 0.0078125 0.037109375
51 0.9716796875 0.6953125 0.009765625 0.0390625
51 0.97021484375 0.56298828125 0.0087890625 0.04296875
21 0.052734375 0.310546875 0.009765625 0.04296875
21 0.05322265625 0.44970703125 0.009765625 0.041015625
21 0.1083984375 0.31884765625 0.0078125 0.04296875
21 0.107421875 0.4541015625 0.009765625 0.0390625
47 0.14892578125 0.31787109375 0.009765625 0.0439453125
47 0.14501953125 0.455078125 0.009765625 0.041015625
47 0.2041015625 0.32763671875 0.009765625 0.041015625
47 0.19921875 0.46630859375 0.01171875 0.0390625
45 0.244140625 0.3388671875 0.0087890625 0.0439453125
45 0.2392578125 0.47509765625 0.009765625 0.0380859375
45 0.2978515625 0.34765625 0.0078125 0.044921875
45 0.29248046875 0.4833984375 0.009765625 0.0390625
50 0.34033203125 0.33740234375 0.009765625 0.044921875
50 0.328125 0.4716796875 0.01171875 0.0400390625
50 0.3935546875 0.35595703125 0.0087890625 0.041015625
50 0.38134765625 0.49072265625 0.0087890625 0.0390625
46 0.41552734375 0.34423828125 0.0087890625 0.0380859375
46 0.47021484375 0.3544921875 0.009765625 0.0419921875
46 0.41015625 0.48046875 0.009765625 0.037109375
46 0.46337890625 0.48828125 0.0078125 0.0419921875
42 0.4970703125 0.3525390625 0.009765625 0.041015625
42 0.55078125 0.3662109375 0.0087890625 0.041015625
42 0.486328125 0.48828125 0.009765625 0.0400390625
42 0.5400390625 0.50146484375 0.013671875 0.0419921875
0 0.5751953125 0.3583984375 0.009765625 0.0400390625
0 0.62939453125 0.353515625 0.0126953125 0.04296875
0 0.62939453125 0.4951171875 0.0087890625 0.03515625
0 0.576171875 0.4951171875 0.0087890625 0.03515625
4 0.66259765625 0.35400390625 0.0068359375 0.0419921875
4 0.7177734375 0.3525390625 0.0078125 0.037109375
4 0.662109375 0.49267578125 0.009765625 0.03515625
4 0.7158203125 0.49169921875 0.009765625 0.0390625
33 0.74462890625 0.3701171875 0.0087890625 0.0390625
33 0.74267578125 0.50830078125 0.0078125 0.0380859375
33 0.80029296875 0.36962890625 0.0078125 0.041015625
33 0.796875 0.5078125 0.0078125 0.037109375
31 0.82958984375 0.35888671875 0.009765625 0.0380859375
31 0.884765625 0.35888671875 0.0087890625 0.0390625
31 0.8251953125 0.49609375 0.009765625 0.037109375
31 0.87890625 0.498046875 0.009765625 0.0390625
36 0.9091796875 0.35595703125 0.0078125 0.0400390625
36 0.96435546875 0.3466796875 0.0078125 0.041015625
36 0.91259765625 0.4921875 0.009765625 0.0390625
36 0.9677734375 0.482421875 0.0078125 0.0390625
27 0.9423828125 0.1689453125 0.0791015625 0.22265625