13 0.19189453125 0.08837890625 0.080078125 0.0078125
12 0.35009765625 0.1005859375 0.0498046875 0.0087890625
12 0.35986328125 0.0439453125 0.048828125 0.01171875
48 0.41650390625 0.10693359375 0.05078125 0.009765625
48 0.42822265625 0.048828125 0.05078125 0.009765625
45 0.15234375 0.203125 0.048828125 0.009765625
45 0.14599609375 0.142578125 0.048828125 0.009765625
45 0.2919921875 0.142578125 0.0478515625 0.009765625
45 0.298828125 0.2021484375 0.0478515625 0.0078125
36 0.36376953125 0.203125 0.05078125 0.009765625
36 0.365234375 0.1435546875 0.0478515625 0.0087890625
1 0.43115234375 0.20263671875 0.046875 0.01171875
1 0.43603515625 0.14453125 0.0478515625 0.009765625
44 0.16552734375 0.31884765625 0.05078125 0.01171875
44 0.16015625 0.2587890625 0.048828125 0.009765625
44 0.306640625 0.25927734375 0.048828125 0.01171875
44 0.31201171875 0.318359375 0.05078125 0.01171875
46 0.36376953125 0.318359375 0.046875 0.009765625
46 0.361328125 0.25927734375 0.0498046875 0.0087890625
51 0.419921875 0.25927734375 0.0498046875 0.0107421875
51 0.41943359375 0.31787109375 0.048828125 0.009765625
3 0.1552734375 0.42822265625 0.05078125 0.009765625
3 0.15185546875 0.369140625 0.05078125 0.0107421875
3 0.296875 0.3681640625 0.046875 0.0107421875
3 0.3017578125 0.4267578125 0.046875 0.0107421875
15 0.353515625 0.42626953125 0.046875 0.0107421875
15 0.35400390625 0.3681640625 0.048828125 0.009765625
21 0.4140625 0.3671875 0.044921875 0.01171875
21 0.423828125 0.42431640625 0.0458984375 0.01171875
43 0.1748046875 0.5224609375 0.052734375 0.0087890625
43 0.18017578125 0.46337890625 0.0537109375 0.0107421875
43 0.31884765625 0.52783203125 0.0458984375 0.01171875
43 0.3251953125 0.4697265625 0.048828125 0.01171875
40 0.3779296875 0.52685546875 0.046875 0.009765625
40 0.38330078125 0.46875 0.048828125 0.0087890625
6 0.43017578125 0.53125 0.0498046875 0.009765625
6 0.443359375 0.474609375 0.052734375 0.01171875
33 0.1767578125 0.6123046875 0.05078125 0.0107421875
33 0.189453125 0.5537109375 0.048828125 0.0107421875
33 0.32568359375 0.62109375 0.048828125 0.009765625
33 0.33984375 0.5625 0.0458984375 0.01171875
32 0.37353515625 0.62353515625 0.0458984375 0.009765625
32 0.38671875 0.56591796875 0.044921875 0.009765625
49 0.4267578125 0.62841796875 0.048828125 0.009765625
49 0.443359375 0.572265625 0.0478515625 0.009765625
26 0.158203125 0.70849609375 0.052734375 0.0107421875
26 0.1650390625 0.64990234375 0.048828125 0.0078125
26 0.310546875 0.65478515625 0.046875 0.0107421875
26 0.30078125 0.7119140625 0.046875 0.0087890625
30 0.35107421875 0.7158203125 0.0439453125 0.009765625
30 0.36669921875 0.65771484375 0.05078125 0.0107421875
37 0.4033203125 0.71630859375 0.044921875 0.009765625
37 0.4228515625 0.65869140625 0.046875 0.0107421875
52 0.12890625 0.8076171875 0.05078125 0.01171875
52 0.146484375 0.74853515625 0.048828125 0.009765625
52 0.291015625 0.76025390625 0.048828125 0.01171875
52 0.27197265625 0.81787109375 0.0498046875 0.01171875
16 0.34130859375 0.81689453125 0.048828125 0.01171875
16 0.34423828125 0.75927734375 0.046875 0.009765625
2 0.39599609375 0.7607421875 0.044921875 0.009765625
42 0.0986328125 0.91552734375 0.0478515625 0.0126953125
42 0.0986328125 0.85693359375 0.046875 0.01171875
42 0.24609375 0.853515625 0.0498046875 0.01171875
42 0.2451171875 0.912109375 0.046875 0.01171875
14 0.306640625 0.912109375 0.046875 0.009765625
14 0.31298828125 0.853515625 0.0537109375 0.009765625
39 0.36572265625 0.91259765625 0.0478515625 0.009765625
39 0.3740234375 0.8544921875 0.0517578125 0.009765625