28 0.12158203125 0.63427734375 0.076171875 0.189453125
9 0.14111328125 0.6982421875 0.009765625 0.041015625
9 0.09033203125 0.69384765625 0.0078125 0.0380859375
9 0.09814453125 0.5703125 0.0078125 0.04296875
9 0.14794921875 0.57958984375 0.0078125 0.041015625
13 0.16064453125 0.4365234375 0.005859375 0.0654296875
4 0.1572265625 0.25 0.009765625 0.041015625
4 0.10693359375 0.259765625 0.009765625 0.041015625
4 0.10009765625 0.1376953125 0.009765625 0.0400390625
4 0.150390625 0.126953125 0.0078125 0.041015625
28 0.13818359375 0.41064453125 0.07421875 0.193359375
28 0.12890625 0.18994140625 0.078125 0.19140625