51 0.2294921875 0.06787109375 0.0439453125 0.009765625
51 0.09228515625 0.0751953125 0.041015625 0.0078125
51 0.22998046875 0.12646484375 0.041015625 0.0087890625
51 0.09521484375 0.1337890625 0.04296875 0.0087890625
39 0.244140625 0.15673828125 0.044921875 0.0078125
39 0.1123046875 0.150390625 0.037109375 0.009765625
39 0.22900390625 0.21533203125 0.0419921875 0.009765625
39 0.0966796875 0.2080078125 0.0390625 0.0078125
52 0.2353515625 0.25830078125 0.04296875 0.009765625
52 0.1044921875 0.23876953125 0.041015625 0.0087890625
52 0.20751953125 0.31591796875 0.041015625 0.009765625
52 0.078125 0.294921875 0.041015625 0.009765625
54 0.21728515625 0.34765625 0.041015625 0.009765625
54 0.083984375 0.33984375 0.0390625 0.0078125
54 0.20947265625 0.40625 0.0419921875 0.009765625
54 0.07177734375 0.3984375 0.0390625 0.0078125
29 0.21728515625 0.42578125 0.04296875 0.0087890625
29 0.22119140625 0.484375 0.04296875 0.009765625
29 0.07763671875 0.4326171875 0.041015625 0.009765625
29 0.083984375 0.49072265625 0.0419921875 0.01171875
46 0.22705078125 0.5224609375 0.0439453125 0.009765625
46 0.09228515625 0.5234375 0.041015625 0.0078125
46 0.23095703125 0.58056640625 0.04296875 0.009765625
46 0.09326171875 0.58154296875 0.0439453125 0.009765625
17 0.2294921875 0.6171875 0.04296875 0.0078125
17 0.09521484375 0.61279296875 0.041015625 0.0068359375
17 0.22412109375 0.67626953125 0.04296875 0.0087890625
17 0.0888671875 0.6708984375 0.0390625 0.009765625
12 0.2275390625 0.70556640625 0.041015625 0.0068359375
12 0.08740234375 0.70458984375 0.0380859375 0.0087890625
12 0.08740234375 0.7646484375 0.0390625 0.0087890625
12 0.2265625 0.76513671875 0.037109375 0.009765625
34 0.22998046875 0.7939453125 0.037109375 0.0078125
34 0.091796875 0.79296875 0.0390625 0.0078125
34 0.09375 0.85205078125 0.041015625 0.0068359375
34 0.2314453125 0.8525390625 0.041015625 0.0068359375
44 0.24853515625 0.8955078125 0.046875 0.009765625
44 0.11376953125 0.88623046875 0.04296875 0.009765625
44 0.10595703125 0.9453125 0.04296875 0.0078125
44 0.24267578125 0.9541015625 0.041015625 0.009765625
38 0.44482421875 0.068359375 0.0439453125 0.009765625
38 0.4462890625 0.12646484375 0.037109375 0.009765625
38 0.30517578125 0.1328125 0.0390625 0.0078125
38 0.30615234375 0.07470703125 0.0390625 0.0078125
9 0.46142578125 0.16015625 0.041015625 0.0078125
9 0.4580078125 0.2216796875 0.037109375 0.005859375
9 0.31787109375 0.22314453125 0.0390625 0.009765625
9 0.31982421875 0.16357421875 0.0380859375 0.0078125
53 0.44384765625 0.259765625 0.04296875 0.009765625
53 0.4384765625 0.3212890625 0.0419921875 0.0078125
53 0.30224609375 0.25732421875 0.041015625 0.005859375
53 0.296875 0.3173828125 0.0419921875 0.0087890625
25 0.43994140625 0.35302734375 0.0400390625 0.009765625
25 0.4326171875 0.41455078125 0.041015625 0.009765625
25 0.298828125 0.35009765625 0.04296875 0.009765625
25 0.29248046875 0.40966796875 0.041015625 0.0078125
2 0.43798828125 0.43017578125 0.037109375 0.0078125
2 0.43603515625 0.490234375 0.0390625 0.0078125
2 0.302734375 0.48876953125 0.0380859375 0.0078125
2 0.2978515625 0.43017578125 0.037109375 0.0087890625
31 0.45263671875 0.52294921875 0.0390625 0.0087890625
31 0.45458984375 0.58251953125 0.0400390625 0.0078125
31 0.31201171875 0.5830078125 0.0419921875 0.0078125
31 0.3115234375 0.5234375 0.04296875 0.0087890625
43 0.45751953125 0.626953125 0.04296875 0.0068359375
43 0.453125 0.6875 0.04296875 0.005859375
43 0.3125 0.68310546875 0.0439453125 0.0078125
43 0.31640625 0.623046875 0.041015625 0.0078125
40 0.4521484375 0.7158203125 0.0419921875 0.0078125
40 0.44775390625 0.77685546875 0.041015625 0.0078125
40 0.3037109375 0.771484375 0.037109375 0.0078125
40 0.31103515625 0.71142578125 0.041015625 0.0078125
23 0.443359375 0.7978515625 0.0419921875 0.009765625
23 0.45654296875 0.85595703125 0.041015625 0.009765625
23 0.31689453125 0.86328125 0.0419921875 0.009765625
23 0.3046875 0.80419921875 0.044921875 0.0087890625
30 0.46728515625 0.90771484375 0.0400390625 0.005859375
30 0.47607421875 0.96826171875 0.0400390625 0.0078125
30 0.33203125 0.97021484375 0.041015625 0.0078125
30 0.326171875 0.908203125 0.0400390625 0.0078125
27 0.888671875 0.95458984375 0.22265625 0.0908203125
27 0.615234375 0.095703125 0.220703125 0.083984375
27 0.6181640625 0.55419921875 0.220703125 0.0791015625