28 0.119140625 0.634765625 0.076171875 0.189453125
9 0.140625 0.70068359375 0.009765625 0.0361328125
9 0.09033203125 0.69384765625 0.0078125 0.0380859375
9 0.09814453125 0.5703125 0.0078125 0.04296875
9 0.14794921875 0.57958984375 0.0078125 0.041015625
13 0.16064453125 0.4365234375 0.005859375 0.0654296875
4 0.1572265625 0.25 0.009765625 0.041015625
4 0.10693359375 0.259765625 0.009765625 0.041015625
4 0.10009765625 0.1376953125 0.009765625 0.0400390625
4 0.150390625 0.126953125 0.0078125 0.041015625
28 0.12646484375 0.18701171875 0.0771484375 0.189453125
28 0.1357421875 0.41162109375 0.0712890625 0.1943359375
28 0.23681640625 0.62890625 0.0703125 0.1953125
1 0.26416015625 0.69287109375 0.009765625 0.041015625
1 0.2138671875 0.6962890625 0.009765625 0.0439453125
1 0.21044921875 0.57421875 0.0078125 0.046875
1 0.26123046875 0.56982421875 0.009765625 0.0400390625
28 0.232421875 0.40771484375 0.076171875 0.1875
49 0.25927734375 0.4658203125 0.009765625 0.044921875
49 0.20751953125 0.47265625 0.0087890625 0.0419921875
49 0.203125 0.35009765625 0.0087890625 0.041015625
49 0.25390625 0.345703125 0.009765625 0.041015625
28 0.23828125 0.18896484375 0.068359375 0.1875
8 0.26025390625 0.2578125 0.0087890625 0.04296875
8 0.2646484375 0.13671875 0.0078125 0.04296875
8 0.21435546875 0.12939453125 0.0078125 0.04296875
8 0.20947265625 0.251953125 0.0087890625 0.046875