0 0.83935546875 0.7998046875 0.01171875 0.05078125
0 0.7802734375 0.79638671875 0.0107421875 0.048828125
0 0.77978515625 0.64892578125 0.013671875 0.05078125
0 0.83837890625 0.6533203125 0.009765625 0.046875
24 0.8525390625 0.6572265625 0.01171875 0.048828125
28 0.81298828125 0.71630859375 0.1015625 0.232421875
40 0.7392578125 0.77490234375 0.0107421875 0.0556640625
40 0.6796875 0.767578125 0.0087890625 0.046875
40 0.68310546875 0.62158203125 0.0078125 0.046875
40 0.7421875 0.62939453125 0.0087890625 0.048828125
27 0.59716796875 0.6904296875 0.09375 0.21875
27 0.49072265625 0.69091796875 0.087890625 0.220703125
39 0.41259765625 0.78466796875 0.0107421875 0.052734375
39 0.35302734375 0.7763671875 0.01171875 0.048828125
39 0.42138671875 0.64111328125 0.0107421875 0.046875
39 0.36376953125 0.63330078125 0.009765625 0.048828125
28 0.38427734375 0.70556640625 0.09765625 0.23046875
42 0.2880859375 0.7998046875 0.0107421875 0.048828125
42 0.228515625 0.80078125 0.0107421875 0.05078125
42 0.28955078125 0.654296875 0.01171875 0.048828125
42 0.23046875 0.654296875 0.0126953125 0.048828125
27 0.81298828125 0.470703125 0.0947265625 0.2216796875
43 0.7333984375 0.52685546875 0.01171875 0.048828125
43 0.73291015625 0.38720703125 0.0107421875 0.048828125
43 0.67529296875 0.52587890625 0.01171875 0.05078125
43 0.67431640625 0.3876953125 0.0126953125 0.048828125
54 0.62939453125 0.529296875 0.0107421875 0.05078125
54 0.6357421875 0.390625 0.009765625 0.044921875
54 0.572265625 0.51806640625 0.0078125 0.046875
54 0.57861328125 0.38232421875 0.0078125 0.0458984375
17 0.533203125 0.51513671875 0.009765625 0.046875
17 0.5400390625 0.38037109375 0.0087890625 0.0439453125
17 0.47607421875 0.5078125 0.009765625 0.044921875
17 0.48388671875 0.36962890625 0.0078125 0.0458984375
34 0.42626953125 0.5146484375 0.01171875 0.048828125
34 0.419921875 0.37548828125 0.01171875 0.048828125
34 0.369140625 0.5263671875 0.009765625 0.0458984375
34 0.3623046875 0.3876953125 0.01171875 0.046875
9 0.298828125 0.5322265625 0.01171875 0.046875
9 0.29345703125 0.3896484375 0.0126953125 0.046875
9 0.2353515625 0.40087890625 0.0146484375 0.048828125
9 0.240234375 0.541015625 0.01171875 0.046875
28 0.26904296875 0.45703125 0.1005859375 0.2265625
27 0.1591796875 0.47314453125 0.0869140625 0.212890625