1 0.3330078125 0.06689453125 0.03125 0.005859375
1 0.3212890625 0.125 0.03125 0.0078125
1 0.18896484375 0.06396484375 0.03125 0.0078125
1 0.18017578125 0.12158203125 0.033203125 0.005859375
53 0.3134765625 0.1513671875 0.03515625 0.0078125
53 0.3076171875 0.20263671875 0.033203125 0.0078125
53 0.1845703125 0.1484375 0.029296875 0.0078125
53 0.17626953125 0.20068359375 0.03515625 0.0068359375
51 0.30419921875 0.23681640625 0.0380859375 0.0087890625
51 0.2998046875 0.291015625 0.037109375 0.0087890625
51 0.166015625 0.23583984375 0.037109375 0.009765625
51 0.1630859375 0.28955078125 0.03515625 0.0078125
41 0.29736328125 0.314453125 0.0322265625 0.005859375
41 0.28955078125 0.36669921875 0.0302734375 0.0068359375
41 0.16455078125 0.310546875 0.03125 0.00390625
41 0.15869140625 0.36328125 0.029296875 0.0078125
3 0.28955078125 0.39990234375 0.0302734375 0.0078125
3 0.28564453125 0.45751953125 0.029296875 0.0078125
3 0.14697265625 0.3974609375 0.03125 0.0078125
3 0.142578125 0.455078125 0.03125 0.005859375
4 0.27880859375 0.4833984375 0.033203125 0.0068359375
4 0.2783203125 0.541015625 0.033203125 0.0068359375
4 0.1357421875 0.4833984375 0.0283203125 0.0078125
4 0.13525390625 0.54052734375 0.0302734375 0.0068359375
13 0.2529296875 0.5693359375 0.05859375 0.005859375
13 0.13916015625 0.5654296875 0.056640625 0.005859375
13 0.13134765625 0.61865234375 0.0595703125 0.005859375
13 0.24560546875 0.62353515625 0.060546875 0.0078125
16 0.2666015625 0.658203125 0.0361328125 0.0078125
16 0.26416015625 0.716796875 0.033203125 0.0087890625
16 0.12255859375 0.7119140625 0.033203125 0.009765625
16 0.12548828125 0.65478515625 0.0341796875 0.009765625
37 0.27197265625 0.744140625 0.03515625 0.0078125
37 0.27099609375 0.802734375 0.033203125 0.0068359375
37 0.1298828125 0.7412109375 0.0322265625 0.0068359375
37 0.12841796875 0.79833984375 0.0322265625 0.0078125
36 0.27587890625 0.83056640625 0.033203125 0.0068359375
36 0.13427734375 0.830078125 0.0322265625 0.0078125
36 0.1376953125 0.88720703125 0.0322265625 0.0078125
36 0.28076171875 0.8876953125 0.033203125 0.0068359375
2 0.28173828125 0.91943359375 0.033203125 0.0078125
2 0.13720703125 0.9169921875 0.03125 0.0087890625
2 0.1396484375 0.97509765625 0.029296875 0.0087890625
2 0.28466796875 0.9775390625 0.0302734375 0.005859375