42 0.1494140625 0.21435546875 0.033203125 0.0078125
42 0.15673828125 0.15771484375 0.029296875 0.0087890625
11 0.162109375 0.25048828125 0.0283203125 0.0078125
11 0.1591796875 0.30224609375 0.029296875 0.0078125
7 0.15966796875 0.32666015625 0.033203125 0.0078125
7 0.14892578125 0.384765625 0.029296875 0.0078125
25 0.142578125 0.41552734375 0.03125 0.0078125
25 0.1376953125 0.46728515625 0.03125 0.0078125
19 0.1298828125 0.5029296875 0.033203125 0.0078125
19 0.13037109375 0.5595703125 0.0341796875 0.0078125
8 0.13232421875 0.58154296875 0.0341796875 0.0078125
8 0.1259765625 0.638671875 0.0302734375 0.0078125
30 0.1376953125 0.6640625 0.03125 0.0087890625
30 0.12841796875 0.7216796875 0.03515625 0.0078125
33 0.14208984375 0.810546875 0.0361328125 0.0078125
33 0.14453125 0.75390625 0.03125 0.005859375
12 0.15234375 0.89599609375 0.02734375 0.0087890625
12 0.1416015625 0.84521484375 0.0263671875 0.01171875
3 0.34375 0.1640625 0.03125 0.005859375
3 0.33740234375 0.22119140625 0.029296875 0.0068359375
3 0.19921875 0.1630859375 0.03125 0.0068359375
3 0.19482421875 0.2197265625 0.0283203125 0.0078125
51 0.34765625 0.25390625 0.0390625 0.009765625
51 0.34130859375 0.30859375 0.037109375 0.009765625
51 0.21044921875 0.25146484375 0.0380859375 0.0087890625
51 0.20556640625 0.30517578125 0.037109375 0.009765625
1 0.34716796875 0.337890625 0.033203125 0.005859375
1 0.330078125 0.3955078125 0.0302734375 0.0078125
1 0.205078125 0.32470703125 0.029296875 0.0078125
1 0.18798828125 0.3818359375 0.029296875 0.0078125
4 0.33203125 0.41650390625 0.03125 0.0078125
4 0.1904296875 0.4111328125 0.03515625 0.0078125
4 0.18212890625 0.46826171875 0.03125 0.005859375
4 0.3251953125 0.47412109375 0.029296875 0.005859375
48 0.32568359375 0.5 0.0341796875 0.0087890625
48 0.32275390625 0.5576171875 0.03515625 0.0078125
48 0.18115234375 0.55517578125 0.033203125 0.0078125
48 0.18505859375 0.49853515625 0.037109375 0.0078125
40 0.32373046875 0.5888671875 0.03125 0.009765625
40 0.3232421875 0.64111328125 0.0341796875 0.0078125
40 0.19140625 0.587890625 0.0361328125 0.0078125
40 0.18994140625 0.640625 0.0341796875 0.0068359375
20 0.33984375 0.68212890625 0.03515625 0.0078125
20 0.326171875 0.73974609375 0.03515625 0.0068359375
20 0.19970703125 0.66845703125 0.0341796875 0.0078125
20 0.18505859375 0.7275390625 0.03515625 0.0078125
47 0.34716796875 0.76123046875 0.03515625 0.0068359375
47 0.33642578125 0.81884765625 0.03515625 0.0078125
47 0.20458984375 0.75244140625 0.037109375 0.005859375
47 0.1962890625 0.810546875 0.029296875 0.0068359375
45 0.333984375 0.83837890625 0.03125 0.0078125
45 0.341796875 0.89697265625 0.03125 0.0078125
45 0.1923828125 0.8408203125 0.03125 0.0078125
45 0.19970703125 0.8984375 0.0302734375 0.005859375
16 0.41845703125 0.21533203125 0.033203125 0.005859375
16 0.43017578125 0.15625 0.033203125 0.0068359375
24 0.41943359375 0.25 0.0302734375 0.0078125
24 0.41259765625 0.302734375 0.03515625 0.0078125
23 0.40283203125 0.33935546875 0.037109375 0.009765625
23 0.404296875 0.39404296875 0.0361328125 0.009765625
34 0.40380859375 0.40771484375 0.0341796875 0.0078125
34 0.39404296875 0.46630859375 0.033203125 0.0087890625
0 0.40380859375 0.56201171875 0.03125 0.0087890625
0 0.388671875 0.505859375 0.0302734375 0.0078125
26 0.42138671875 0.64453125 0.03515625 0.0078125
26 0.4267578125 0.59228515625 0.03515625 0.009765625
21 0.40966796875 0.68310546875 0.0380859375 0.0078125
21 0.40625 0.74169921875 0.03515625 0.0068359375
52 0.4130859375 0.7646484375 0.033203125 0.0068359375
52 0.4130859375 0.81982421875 0.033203125 0.005859375
53 0.40771484375 0.8505859375 0.0283203125 0.0087890625
53 0.4130859375 0.90478515625 0.033203125 0.0078125
15 0.63037109375 0.1650390625 0.037109375 0.0078125
15 0.48388671875 0.15771484375 0.033203125 0.0078125
15 0.47021484375 0.21728515625 0.033203125 0.0078125
15 0.61962890625 0.224609375 0.033203125 0.0087890625
5 0.62353515625 0.25732421875 0.03515625 0.0078125
5 0.61279296875 0.31640625 0.029296875 0.005859375
5 0.47314453125 0.24951171875 0.029296875 0.0078125
5 0.4638671875 0.3095703125 0.0283203125 0.005859375
29 0.61083984375 0.3369140625 0.0361328125 0.0078125
29 0.46240234375 0.3349609375 0.033203125 0.005859375
29 0.458984375 0.3935546875 0.033203125 0.0078125
29 0.60693359375 0.3955078125 0.03515625 0.0078125
41 0.59423828125 0.4140625 0.033203125 0.005859375
41 0.58984375 0.46875 0.033203125 0.0048828125
41 0.45166015625 0.46435546875 0.0302734375 0.005859375
41 0.45654296875 0.4111328125 0.033203125 0.0078125
50 0.59765625 0.49951171875 0.03515625 0.005859375
50 0.60107421875 0.55859375 0.03515625 0.0078125
50 0.45361328125 0.55859375 0.029296875 0.0068359375
50 0.455078125 0.5009765625 0.03515625 0.0078125
43 0.62060546875 0.59814453125 0.037109375 0.0068359375
43 0.61083984375 0.6572265625 0.037109375 0.0078125
43 0.46533203125 0.64794921875 0.03515625 0.005859375
43 0.47509765625 0.58984375 0.03515625 0.0068359375
38 0.60888671875 0.6962890625 0.0361328125 0.0078125
38 0.6015625 0.751953125 0.0390625 0.009765625
38 0.47216796875 0.68798828125 0.04296875 0.009765625
38 0.4619140625 0.744140625 0.037109375 0.0078125
54 0.60498046875 0.77392578125 0.03515625 0.005859375
54 0.60205078125 0.82861328125 0.041015625 0.005859375
54 0.4677734375 0.77099609375 0.041015625 0.0087890625
54 0.46337890625 0.82568359375 0.03515625 0.0087890625
14 0.4560546875 0.845703125 0.0361328125 0.0087890625
14 0.45654296875 0.90478515625 0.0361328125 0.0087890625
14 0.60595703125 0.90673828125 0.037109375 0.0087890625
14 0.60302734375 0.84814453125 0.033203125 0.0078125
31 0.69921875 0.2177734375 0.03515625 0.0078125
31 0.703125 0.15771484375 0.03515625 0.0068359375
22 0.7060546875 0.24560546875 0.03515625 0.0078125
22 0.69384765625 0.3056640625 0.03515625 0.005859375
35 0.68896484375 0.333984375 0.03515625 0.0078125
35 0.67626953125 0.39453125 0.0390625 0.0078125
17 0.68310546875 0.4169921875 0.0390625 0.0078125
17 0.6826171875 0.47705078125 0.0361328125 0.0068359375
36 0.6826171875 0.509765625 0.03515625 0.0087890625
36 0.68017578125 0.56884765625 0.037109375 0.0068359375
2 0.6865234375 0.60595703125 0.03515625 0.0087890625
2 0.67626953125 0.666015625 0.03515625 0.0068359375
18 0.666015625 0.779296875 0.0390625 0.009765625
18 0.6728515625 0.841796875 0.037109375 0.0078125
44 0.68212890625 0.91650390625 0.0380859375 0.009765625
44 0.6748046875 0.85693359375 0.0390625 0.0078125
2 0.669921875 0.6962890625 0.025390625 0.005859375
2 0.6689453125 0.75341796875 0.025390625 0.005859375
10 0.90380859375 0.16162109375 0.033203125 0.0087890625
10 0.75830078125 0.16552734375 0.03515625 0.009765625
10 0.75732421875 0.2197265625 0.03125 0.0087890625
10 0.90283203125 0.21728515625 0.037109375 0.0087890625
49 0.9111328125 0.24853515625 0.04296875 0.0087890625
49 0.90478515625 0.310546875 0.041015625 0.0087890625
49 0.74951171875 0.30712890625 0.0361328125 0.0087890625
49 0.755859375 0.24609375 0.0361328125 0.0078125
13 0.88134765625 0.33984375 0.0654296875 0.0068359375
13 0.75439453125 0.34033203125 0.06640625 0.005859375
13 0.751953125 0.396484375 0.0654296875 0.0068359375
13 0.87841796875 0.396484375 0.068359375 0.009765625
32 0.90771484375 0.4287109375 0.0400390625 0.009765625
32 0.75390625 0.41845703125 0.03515625 0.0078125
32 0.74169921875 0.4775390625 0.0341796875 0.005859375
32 0.89501953125 0.48779296875 0.0361328125 0.0078125
9 0.89892578125 0.52197265625 0.0390625 0.0078125
9 0.892578125 0.5771484375 0.0419921875 0.009765625
9 0.7470703125 0.51513671875 0.0400390625 0.009765625
9 0.7421875 0.5703125 0.041015625 0.0107421875
46 0.890625 0.61865234375 0.041015625 0.0078125
46 0.8828125 0.67822265625 0.0400390625 0.0078125
46 0.7314453125 0.61181640625 0.03515625 0.0078125
46 0.72900390625 0.671875 0.0390625 0.0068359375
37 0.87451171875 0.69482421875 0.0390625 0.0087890625
37 0.7216796875 0.693359375 0.0380859375 0.0078125
37 0.7216796875 0.75390625 0.03515625 0.005859375
39 0.8740234375 0.77978515625 0.033203125 0.0087890625
39 0.87646484375 0.83447265625 0.037109375 0.005859375
39 0.72802734375 0.779296875 0.0341796875 0.0107421875
39 0.73291015625 0.83544921875 0.03515625 0.0078125
6 0.89306640625 0.861328125 0.037109375 0.005859375
6 0.89208984375 0.92236328125 0.0390625 0.0068359375
6 0.73486328125 0.8564453125 0.0361328125 0.0068359375
6 0.73486328125 0.9169921875 0.0341796875 0.0078125