54 0.470703125 0.62939453125 0.05078125 0.0107421875
54 0.609375 0.6357421875 0.044921875 0.009765625
54 0.48193359375 0.572265625 0.046875 0.0078125
54 0.61767578125 0.57861328125 0.0458984375 0.0078125
17 0.48486328125 0.533203125 0.046875 0.009765625
17 0.61962890625 0.5400390625 0.0439453125 0.0087890625
17 0.4921875 0.47607421875 0.044921875 0.009765625
17 0.63037109375 0.48388671875 0.0458984375 0.0078125
34 0.4853515625 0.42626953125 0.048828125 0.01171875
34 0.62451171875 0.419921875 0.048828125 0.01171875
34 0.4736328125 0.369140625 0.0458984375 0.009765625
34 0.6123046875 0.3623046875 0.046875 0.01171875
9 0.4677734375 0.298828125 0.046875 0.01171875
9 0.6103515625 0.29345703125 0.046875 0.0126953125
9 0.59912109375 0.2353515625 0.048828125 0.0146484375
9 0.458984375 0.240234375 0.046875 0.01171875
28 0.54296875 0.26904296875 0.2265625 0.099609375
27 0.52685546875 0.1591796875 0.212890625 0.0859375