1 0.6669921875 0.93310546875 0.03125 0.005859375
1 0.6787109375 0.875 0.03125 0.0068359375
1 0.81103515625 0.93603515625 0.03125 0.0068359375
1 0.81982421875 0.87841796875 0.033203125 0.005859375
53 0.6865234375 0.8486328125 0.03515625 0.0078125
53 0.6923828125 0.79736328125 0.033203125 0.0078125
53 0.8154296875 0.8515625 0.029296875 0.0078125
53 0.82373046875 0.79931640625 0.03515625 0.0068359375
51 0.69580078125 0.76318359375 0.0380859375 0.0087890625
51 0.7001953125 0.708984375 0.037109375 0.0087890625
51 0.833984375 0.76416015625 0.037109375 0.009765625
51 0.8369140625 0.71044921875 0.03515625 0.0078125
41 0.70263671875 0.685546875 0.0322265625 0.005859375
41 0.71044921875 0.63330078125 0.0302734375 0.0068359375
41 0.83544921875 0.689453125 0.03125 0.00390625
41 0.84130859375 0.63671875 0.029296875 0.0078125
3 0.71044921875 0.60009765625 0.0302734375 0.0078125
3 0.71435546875 0.54248046875 0.029296875 0.0078125
3 0.85302734375 0.6025390625 0.03125 0.0078125
3 0.857421875 0.544921875 0.03125 0.005859375
4 0.72119140625 0.5166015625 0.033203125 0.0068359375
4 0.7216796875 0.458984375 0.033203125 0.0068359375
4 0.8642578125 0.5166015625 0.0283203125 0.0078125
4 0.86474609375 0.45947265625 0.0302734375 0.0068359375
13 0.7470703125 0.4306640625 0.05859375 0.005859375
13 0.86083984375 0.4345703125 0.056640625 0.005859375
13 0.86865234375 0.38134765625 0.0595703125 0.005859375
13 0.75439453125 0.37646484375 0.060546875 0.0078125
16 0.7333984375 0.341796875 0.0361328125 0.0078125
16 0.73583984375 0.283203125 0.033203125 0.0087890625
16 0.87744140625 0.2880859375 0.033203125 0.009765625
16 0.87451171875 0.34521484375 0.0341796875 0.009765625
37 0.72802734375 0.255859375 0.03515625 0.0078125
37 0.72900390625 0.197265625 0.033203125 0.005859375
37 0.8701171875 0.2587890625 0.0322265625 0.0068359375
37 0.87158203125 0.20166015625 0.0322265625 0.0078125
36 0.72412109375 0.16943359375 0.033203125 0.0068359375
36 0.86572265625 0.169921875 0.0322265625 0.0078125
36 0.8623046875 0.11279296875 0.0322265625 0.0078125
36 0.71923828125 0.1123046875 0.033203125 0.0068359375
2 0.71826171875 0.08056640625 0.033203125 0.0078125
2 0.86279296875 0.0830078125 0.03125 0.0087890625
2 0.8603515625 0.02490234375 0.029296875 0.0087890625
2 0.71533203125 0.0224609375 0.0302734375 0.005859375
27 0.1103515625 0.80078125 0.220703125 0.09375
27 0.35009765625 0.55322265625 0.2216796875 0.09765625
11 0.17138671875 0.37255859375 0.033203125 0.009765625
11 0.17138671875 0.31640625 0.033203125 0.0078125
11 0.31640625 0.375 0.033203125 0.0087890625
11 0.31787109375 0.31982421875 0.0322265625 0.0078125
28 0.25244140625 0.3515625 0.2421875 0.08984375
27 0.54296875 0.33349609375 0.21484375 0.091796875