51 0.93212890625 0.2294921875 0.009765625 0.0439453125
51 0.9267578125 0.09228515625 0.0078125 0.041015625
51 0.87353515625 0.22998046875 0.0087890625 0.041015625
51 0.86865234375 0.09521484375 0.0087890625 0.04296875
39 0.84326171875 0.244140625 0.0078125 0.044921875
39 0.849609375 0.1123046875 0.009765625 0.037109375
39 0.78466796875 0.22900390625 0.009765625 0.0419921875
39 0.7919921875 0.0966796875 0.0078125 0.0390625
52 0.74169921875 0.2353515625 0.009765625 0.04296875
52 0.76123046875 0.1044921875 0.0087890625 0.041015625
52 0.68408203125 0.20751953125 0.009765625 0.041015625
52 0.705078125 0.078125 0.009765625 0.041015625
54 0.65234375 0.21728515625 0.009765625 0.041015625
54 0.66015625 0.083984375 0.0078125 0.0390625
54 0.59375 0.20947265625 0.009765625 0.0419921875
54 0.6015625 0.07177734375 0.0078125 0.0390625
29 0.57421875 0.21728515625 0.0087890625 0.04296875
29 0.515625 0.22119140625 0.009765625 0.04296875
29 0.5673828125 0.07763671875 0.009765625 0.041015625
29 0.50927734375 0.083984375 0.01171875 0.0419921875
46 0.4833984375 0.22509765625 0.009765625 0.0439453125
46 0.47607421875 0.0888671875 0.0078125 0.041015625
46 0.423828125 0.23291015625 0.009765625 0.04296875
46 0.41748046875 0.09326171875 0.009765625 0.0439453125
17 0.3828125 0.2294921875 0.0078125 0.04296875
17 0.38720703125 0.09521484375 0.0068359375 0.041015625
17 0.32373046875 0.22412109375 0.0087890625 0.04296875
17 0.3291015625 0.0888671875 0.009765625 0.0390625
12 0.29443359375 0.2275390625 0.0068359375 0.041015625
12 0.29541015625 0.08740234375 0.0087890625 0.0380859375
12 0.2353515625 0.08740234375 0.0087890625 0.0390625
12 0.23486328125 0.2265625 0.009765625 0.037109375
34 0.2060546875 0.22998046875 0.0078125 0.037109375
34 0.20703125 0.091796875 0.0078125 0.0390625
34 0.14794921875 0.09375 0.0068359375 0.041015625
34 0.1474609375 0.2314453125 0.0068359375 0.041015625
44 0.1044921875 0.24853515625 0.009765625 0.046875
44 0.11376953125 0.11376953125 0.009765625 0.04296875
44 0.0546875 0.10595703125 0.0078125 0.04296875
44 0.0458984375 0.24267578125 0.009765625 0.041015625
27 0.046875 0.88818359375 0.0869140625 0.22265625
27 0.87744140625 0.61083984375 0.1376953125 0.23046875
27 0.4462890625 0.6396484375 0.09375 0.232421875