27 0.7763671875 0.92138671875 0.224609375 0.0986328125
27 0.529296875 0.9189453125 0.212890625 0.0927734375
27 0.28955078125 0.9189453125 0.21484375 0.087890625
29 0.4296875 0.0703125 0.041015625 0.0087890625
29 0.2880859375 0.13525390625 0.0400390625 0.0078125
49 0.4130859375 0.16845703125 0.041015625 0.009765625
49 0.26025390625 0.22119140625 0.0400390625 0.009765625
2 0.41162109375 0.26171875 0.0390625 0.0078125
2 0.275390625 0.32958984375 0.041015625 0.0087890625
51 0.3828125 0.36376953125 0.037109375 0.0068359375
51 0.2490234375 0.41943359375 0.0400390625 0.0068359375
7 0.3701171875 0.46044921875 0.037109375 0.0078125
7 0.2333984375 0.5244140625 0.037109375 0.0068359375
18 0.36962890625 0.5634765625 0.041015625 0.0078125
18 0.22802734375 0.62353515625 0.0390625 0.0078125
47 0.36669921875 0.66552734375 0.041015625 0.0078125
47 0.2333984375 0.72998046875 0.041015625 0.0078125
34 0.35888671875 0.77197265625 0.04296875 0.0078125
34 0.220703125 0.8330078125 0.0390625 0.0078125
50 0.19873046875 0.07421875 0.041015625 0.0087890625
50 0.06982421875 0.142578125 0.041015625 0.009765625
19 0.19677734375 0.154296875 0.041015625 0.0087890625
19 0.06396484375 0.22021484375 0.0390625 0.0078125
15 0.1845703125 0.2509765625 0.0390625 0.0078125
15 0.04541015625 0.30908203125 0.03515625 0.0078125
6 0.18310546875 0.33447265625 0.037109375 0.009765625
6 0.05615234375 0.404296875 0.037109375 0.0078125
27 0.77880859375 0.80712890625 0.22265625 0.0927734375
27 0.57421875 0.26806640625 0.2265625 0.09765625