17 0.533203125 0.51513671875 0.009765625 0.046875
17 0.5400390625 0.38037109375 0.0087890625 0.0439453125
17 0.47607421875 0.5078125 0.009765625 0.044921875
17 0.48388671875 0.36962890625 0.0078125 0.0458984375
34 0.42626953125 0.5146484375 0.01171875 0.048828125
34 0.419921875 0.37548828125 0.01171875 0.048828125
34 0.369140625 0.5263671875 0.009765625 0.0458984375
34 0.3623046875 0.3876953125 0.01171875 0.046875
9 0.298828125 0.5322265625 0.01171875 0.046875
9 0.29345703125 0.3896484375 0.0126953125 0.046875
9 0.2353515625 0.40087890625 0.0146484375 0.048828125
9 0.240234375 0.541015625 0.01171875 0.046875
28 0.26904296875 0.45703125 0.1005859375 0.2265625
27 0.1591796875 0.47314453125 0.0869140625 0.212890625