47 0.18310546875 0.14794921875 0.037109375 0.0068359375
47 0.17724609375 0.19873046875 0.037109375 0.0068359375
29 0.16357421875 0.22216796875 0.03515625 0.0107421875
29 0.16015625 0.2734375 0.03515625 0.009765625
37 0.14599609375 0.376953125 0.0322265625 0.0078125
37 0.13671875 0.42822265625 0.033203125 0.0078125
44 0.13525390625 0.44970703125 0.037109375 0.0078125
44 0.12451171875 0.50146484375 0.0341796875 0.0068359375
12 0.2236328125 0.14697265625 0.03515625 0.0087890625
12 0.21826171875 0.19921875 0.03515625 0.0078125
1 0.2109375 0.22119140625 0.0341796875 0.0087890625
1 0.20556640625 0.2734375 0.0341796875 0.0078125
54 0.1865234375 0.298828125 0.033203125 0.009765625
54 0.1865234375 0.35107421875 0.0341796875 0.009765625
21 0.18798828125 0.38134765625 0.03515625 0.0078125
21 0.1826171875 0.43359375 0.0322265625 0.0078125
8 0.17919921875 0.4560546875 0.037109375 0.0078125
8 0.169921875 0.5078125 0.03125 0.0078125
0 0.14599609375 0.5283203125 0.0341796875 0.009765625
0 0.1357421875 0.580078125 0.03515625 0.009765625
17 0.26953125 0.1435546875 0.0361328125 0.0078125
17 0.26171875 0.19580078125 0.0361328125 0.0087890625
17 0.41162109375 0.14697265625 0.037109375 0.0078125
17 0.40234375 0.20068359375 0.03515625 0.009765625
51 0.39990234375 0.2275390625 0.03515625 0.0078125
51 0.390625 0.28076171875 0.033203125 0.0078125
51 0.24951171875 0.27392578125 0.03515625 0.0078125
51 0.25830078125 0.2216796875 0.0322265625 0.0078125
41 0.37255859375 0.29736328125 0.033203125 0.0078125
41 0.22802734375 0.29736328125 0.0322265625 0.0078125
41 0.22705078125 0.35009765625 0.033203125 0.0078125
41 0.37158203125 0.3505859375 0.03515625 0.0078125
16 0.36669921875 0.38623046875 0.0380859375 0.0078125
16 0.36376953125 0.4384765625 0.0380859375 0.0087890625
16 0.22509765625 0.38427734375 0.03515625 0.0078125
16 0.22265625 0.4365234375 0.037109375 0.0078125
6 0.35888671875 0.46875 0.037109375 0.0078125
6 0.3505859375 0.521484375 0.03515625 0.0068359375
6 0.21728515625 0.46044921875 0.033203125 0.0078125
6 0.20947265625 0.51171875 0.037109375 0.0068359375
34 0.34130859375 0.537109375 0.037109375 0.0087890625
34 0.33544921875 0.58740234375 0.03515625 0.0078125
34 0.203125 0.53125 0.033203125 0.0078125
34 0.19287109375 0.58251953125 0.03515625 0.0068359375
28 0.69580078125 0.3828125 0.2373046875 0.111328125
18 0.78759765625 0.36181640625 0.0400390625 0.009765625
18 0.75732421875 0.41455078125 0.0380859375 0.009765625
18 0.640625 0.33984375 0.037109375 0.009765625
18 0.6123046875 0.39111328125 0.0390625 0.009765625
27 0.59619140625 0.58251953125 0.228515625 0.109375
27 0.3427734375 0.732421875 0.224609375 0.109375