53 0.9658203125 0.22900390625 0.009765625 0.0380859375
53 0.91357421875 0.23095703125 0.009765625 0.0341796875
53 0.95654296875 0.08935546875 0.009765625 0.0322265625
53 0.9052734375 0.0947265625 0.009765625 0.03515625
50 0.88671875 0.23583984375 0.0078125 0.03515625
50 0.8349609375 0.2412109375 0.0087890625 0.037109375
50 0.87744140625 0.09619140625 0.009765625 0.0361328125
50 0.8251953125 0.10107421875 0.009765625 0.033203125
0 0.8037109375 0.24365234375 0.009765625 0.0341796875
0 0.75146484375 0.248046875 0.009765625 0.03515625
0 0.79541015625 0.10205078125 0.0087890625 0.03125
0 0.74462890625 0.10595703125 0.009765625 0.03125
8 0.72021484375 0.24951171875 0.005859375 0.0302734375
8 0.66748046875 0.251953125 0.005859375 0.03125
8 0.7158203125 0.10888671875 0.0078125 0.0302734375
8 0.66357421875 0.11083984375 0.005859375 0.0302734375
25 0.64453125 0.25390625 0.0087890625 0.0341796875
25 0.59228515625 0.2568359375 0.0078125 0.0341796875
25 0.58837890625 0.1181640625 0.0078125 0.0341796875
25 0.640625 0.11376953125 0.0087890625 0.0322265625
54 0.56298828125 0.25537109375 0.0078125 0.03515625
54 0.51171875 0.259765625 0.0068359375 0.033203125
54 0.55810546875 0.115234375 0.0078125 0.033203125
54 0.50634765625 0.119140625 0.0078125 0.03515625
10 0.4775390625 0.25537109375 0.0087890625 0.033203125
10 0.42431640625 0.2578125 0.0068359375 0.0322265625
10 0.47314453125 0.11376953125 0.0087890625 0.03125
10 0.42138671875 0.11669921875 0.0078125 0.03125
26 0.396484375 0.25927734375 0.0087890625 0.0341796875
26 0.34326171875 0.26220703125 0.0087890625 0.033203125
26 0.3955078125 0.12060546875 0.0078125 0.033203125
26 0.3427734375 0.12158203125 0.0078125 0.033203125
12 0.3154296875 0.267578125 0.009765625 0.0322265625
12 0.2626953125 0.27001953125 0.0078125 0.033203125
12 0.3154296875 0.126953125 0.0068359375 0.033203125
12 0.26318359375 0.12646484375 0.0078125 0.03125
1 0.23681640625 0.27685546875 0.0068359375 0.03515625
1 0.1845703125 0.27978515625 0.0078125 0.0341796875
1 0.23779296875 0.13330078125 0.0078125 0.033203125
1 0.18603515625 0.13525390625 0.005859375 0.0302734375
21 0.15673828125 0.2763671875 0.0078125 0.0361328125
21 0.10400390625 0.27197265625 0.0068359375 0.03515625
21 0.162109375 0.134765625 0.0078125 0.033203125
21 0.109375 0.1318359375 0.0078125 0.03515625
15 0.07470703125 0.275390625 0.0078125 0.0380859375
15 0.021484375 0.27294921875 0.0087890625 0.037109375
15 0.08203125 0.134765625 0.0078125 0.037109375
15 0.0283203125 0.1318359375 0.0087890625 0.0361328125
47 0.97705078125 0.4365234375 0.009765625 0.0380859375
47 0.9716796875 0.2939453125 0.0087890625 0.03515625
47 0.9189453125 0.29296875 0.0087890625 0.037109375
47 0.923828125 0.43359375 0.0087890625 0.0390625
19 0.89697265625 0.44921875 0.009765625 0.0380859375
19 0.84375 0.451171875 0.009765625 0.03515625
19 0.88916015625 0.30615234375 0.009765625 0.0341796875
19 0.83740234375 0.30859375 0.0087890625 0.033203125
46 0.81298828125 0.4658203125 0.0068359375 0.037109375
46 0.75830078125 0.46533203125 0.0068359375 0.0380859375
46 0.8095703125 0.32080078125 0.0087890625 0.0361328125
46 0.7568359375 0.3203125 0.0078125 0.0390625
44 0.732421875 0.46875 0.009765625 0.03515625
44 0.67919921875 0.47119140625 0.0078125 0.037109375
44 0.72705078125 0.32275390625 0.009765625 0.0390625
44 0.67431640625 0.32666015625 0.0087890625 0.037109375
9 0.64501953125 0.47802734375 0.0078125 0.033203125
9 0.591796875 0.47705078125 0.0078125 0.03125
9 0.64404296875 0.33154296875 0.0087890625 0.033203125
9 0.59033203125 0.33349609375 0.0078125 0.033203125
20 0.56494140625 0.49072265625 0.0078125 0.0380859375
20 0.51123046875 0.49169921875 0.0068359375 0.0390625
20 0.564453125 0.3486328125 0.0078125 0.03515625
20 0.5126953125 0.3466796875 0.005859375 0.03515625
22 0.47705078125 0.48681640625 0.0078125 0.03515625
22 0.4248046875 0.48193359375 0.0087890625 0.0361328125
22 0.48193359375 0.34521484375 0.0087890625 0.03515625
22 0.42919921875 0.33935546875 0.009765625 0.03515625
37 0.39306640625 0.48095703125 0.0078125 0.037109375
37 0.34033203125 0.47705078125 0.0078125 0.03515625
37 0.34375 0.333984375 0.0078125 0.03515625
37 0.39697265625 0.33740234375 0.0078125 0.033203125
29 0.3154296875 0.49169921875 0.0078125 0.037109375
29 0.26171875 0.49072265625 0.0087890625 0.033203125
29 0.265625 0.34521484375 0.0078125 0.03515625
29 0.318359375 0.3466796875 0.0078125 0.0341796875
30 0.22998046875 0.4951171875 0.0078125 0.0361328125
30 0.17578125 0.4990234375 0.0078125 0.037109375
30 0.1767578125 0.35302734375 0.0068359375 0.03515625
30 0.22998046875 0.35009765625 0.0078125 0.0361328125
7 0.14306640625 0.5029296875 0.0078125 0.0380859375
7 0.09033203125 0.5068359375 0.0087890625 0.0361328125
7 0.0927734375 0.35791015625 0.0087890625 0.0322265625
7 0.1455078125 0.35546875 0.0078125 0.0341796875
14 0.06103515625 0.494140625 0.0107421875 0.0400390625
14 0.00634765625 0.48779296875 0.009765625 0.041015625
14 0.07080078125 0.349609375 0.009765625 0.037109375
14 0.01708984375 0.34423828125 0.009765625 0.03515625
16 0.990234375 0.66015625 0.0107421875 0.0380859375
16 0.98046875 0.51220703125 0.01171875 0.041015625
16 0.9296875 0.5166015625 0.01171875 0.0419921875
16 0.9375 0.66357421875 0.0107421875 0.037109375
41 0.90576171875 0.6748046875 0.0078125 0.033203125
41 0.8515625 0.6728515625 0.0078125 0.03515625
41 0.9033203125 0.52490234375 0.009765625 0.037109375
41 0.85009765625 0.5234375 0.0078125 0.037109375
51 0.810546875 0.6884765625 0.0078125 0.041015625
51 0.7568359375 0.68701171875 0.0087890625 0.0380859375
51 0.80859375 0.5419921875 0.0078125 0.037109375
51 0.75537109375 0.53955078125 0.0087890625 0.0380859375
17 0.72412109375 0.70361328125 0.009765625 0.0390625
17 0.66943359375 0.69677734375 0.0078125 0.0390625
17 0.67333984375 0.54833984375 0.0078125 0.037109375
17 0.72705078125 0.55517578125 0.009765625 0.03515625
34 0.6396484375 0.70361328125 0.009765625 0.0390625
34 0.5859375 0.6953125 0.0078125 0.041015625
34 0.64453125 0.55615234375 0.0078125 0.0390625
34 0.5908203125 0.54736328125 0.009765625 0.037109375
6 0.55419921875 0.712890625 0.0078125 0.03515625
6 0.49951171875 0.70263671875 0.0068359375 0.0361328125
6 0.56005859375 0.564453125 0.0078125 0.037109375
6 0.5068359375 0.56005859375 0.0078125 0.03515625
4 0.47607421875 0.71533203125 0.0087890625 0.037109375
4 0.47607421875 0.56298828125 0.005859375 0.0322265625
4 0.42236328125 0.71337890625 0.0068359375 0.0361328125
4 0.4228515625 0.564453125 0.005859375 0.0322265625
5 0.39404296875 0.69873046875 0.0087890625 0.0380859375
5 0.3388671875 0.69970703125 0.005859375 0.0361328125
5 0.39404296875 0.54833984375 0.0087890625 0.0322265625
5 0.33984375 0.55029296875 0.0078125 0.0341796875
23 0.3095703125 0.71435546875 0.0087890625 0.0390625
23 0.25537109375 0.71630859375 0.0087890625 0.037109375
23 0.3115234375 0.56787109375 0.0078125 0.037109375
23 0.2568359375 0.56689453125 0.0068359375 0.041015625
39 0.22998046875 0.71484375 0.0068359375 0.0390625
39 0.22998046875 0.5654296875 0.0078125 0.03515625
39 0.1748046875 0.56982421875 0.0078125 0.03515625
39 0.17431640625 0.7197265625 0.0068359375 0.0341796875
36 0.13671875 0.71826171875 0.005859375 0.04296875
36 0.08154296875 0.720703125 0.005859375 0.0361328125
36 0.13818359375 0.5703125 0.005859375 0.037109375
36 0.083984375 0.5712890625 0.0068359375 0.037109375
52 0.044921875 0.71435546875 0.0078125 0.0390625
52 0.0546875 0.56640625 0.0078125 0.037109375
27 0.09765625 0.87255859375 0.08984375 0.2236328125
18 0.67822265625 0.95263671875 0.0087890625 0.0400390625
18 0.6220703125 0.94921875 0.0087890625 0.0390625
18 0.67822265625 0.7978515625 0.0078125 0.0400390625
18 0.62255859375 0.79345703125 0.0078125 0.037109375
24 0.58935546875 0.93896484375 0.0087890625 0.041015625
24 0.58544921875 0.7880859375 0.009765625 0.037109375
24 0.5302734375 0.79052734375 0.0078125 0.03515625
24 0.53369140625 0.9453125 0.0087890625 0.03515625
40 0.49365234375 0.9541015625 0.009765625 0.037109375
40 0.50146484375 0.7978515625 0.0078125 0.037109375
40 0.44677734375 0.7880859375 0.0107421875 0.037109375
40 0.43701171875 0.9443359375 0.009765625 0.037109375
13 0.41357421875 0.96337890625 0.0107421875 0.017578125
13 0.3583984375 0.9638671875 0.009765625 0.01953125
13 0.4150390625 0.78955078125 0.0107421875 0.0205078125
13 0.36083984375 0.7900390625 0.0087890625 0.01953125
38 0.32470703125 0.93896484375 0.0087890625 0.0390625
38 0.2685546875 0.93603515625 0.0087890625 0.03515625
38 0.32958984375 0.78466796875 0.009765625 0.0390625
38 0.27392578125 0.78125 0.0087890625 0.037109375
43 0.23388671875 0.935546875 0.0087890625 0.0400390625
43 0.177734375 0.9365234375 0.0087890625 0.041015625
43 0.2353515625 0.77978515625 0.0078125 0.0400390625
43 0.1796875 0.7822265625 0.0087890625 0.037109375