1 0.06689453125 0.6669921875 0.005859375 0.03125
1 0.125 0.6787109375 0.0078125 0.03125
1 0.06396484375 0.81103515625 0.0078125 0.03125
1 0.12158203125 0.81982421875 0.005859375 0.033203125
53 0.1513671875 0.6865234375 0.0078125 0.03515625
53 0.20263671875 0.6923828125 0.0078125 0.033203125
53 0.1484375 0.8154296875 0.0078125 0.029296875
53 0.20068359375 0.82373046875 0.0068359375 0.03515625
51 0.23681640625 0.69580078125 0.0087890625 0.0380859375
51 0.291015625 0.7001953125 0.0087890625 0.037109375
51 0.23583984375 0.833984375 0.009765625 0.037109375
51 0.28955078125 0.8369140625 0.0078125 0.03515625
41 0.314453125 0.70263671875 0.005859375 0.0322265625
41 0.36669921875 0.71044921875 0.0068359375 0.0302734375
41 0.310546875 0.83544921875 0.00390625 0.03125
41 0.36328125 0.84130859375 0.0078125 0.029296875
3 0.39990234375 0.71044921875 0.0078125 0.0302734375
3 0.45751953125 0.71435546875 0.0078125 0.029296875
3 0.3974609375 0.85302734375 0.0078125 0.03125
3 0.455078125 0.857421875 0.005859375 0.03125
4 0.4833984375 0.72119140625 0.0068359375 0.033203125
4 0.541015625 0.7216796875 0.0068359375 0.033203125
4 0.4833984375 0.8642578125 0.0078125 0.0283203125
4 0.54052734375 0.86474609375 0.0068359375 0.0302734375
13 0.5693359375 0.7470703125 0.005859375 0.05859375
13 0.5654296875 0.86083984375 0.005859375 0.056640625
13 0.61865234375 0.86865234375 0.005859375 0.0595703125
13 0.62353515625 0.75439453125 0.0078125 0.060546875
16 0.658203125 0.7333984375 0.0078125 0.0361328125
16 0.716796875 0.73583984375 0.0087890625 0.033203125
16 0.7119140625 0.87744140625 0.009765625 0.033203125
16 0.65478515625 0.87451171875 0.009765625 0.0341796875
37 0.744140625 0.72802734375 0.0078125 0.03515625
37 0.802734375 0.72900390625 0.005859375 0.033203125
37 0.7412109375 0.8701171875 0.0068359375 0.0322265625
37 0.79833984375 0.87158203125 0.0078125 0.0322265625
36 0.83056640625 0.72412109375 0.0068359375 0.033203125
36 0.830078125 0.86572265625 0.0078125 0.0322265625
36 0.88720703125 0.8623046875 0.0078125 0.0322265625
36 0.8876953125 0.71923828125 0.0068359375 0.033203125
2 0.91943359375 0.71826171875 0.0078125 0.033203125
2 0.9169921875 0.86279296875 0.0087890625 0.03125
2 0.97509765625 0.8603515625 0.0087890625 0.029296875
2 0.9775390625 0.71533203125 0.005859375 0.0302734375
23 0.07275390625 0.45068359375 0.009765625 0.0380859375
23 0.1259765625 0.458984375 0.0087890625 0.037109375
23 0.12548828125 0.6005859375 0.009765625 0.037109375
23 0.07275390625 0.5927734375 0.009765625 0.0390625
35 0.15283203125 0.466796875 0.0078125 0.03515625
35 0.212890625 0.466796875 0.0068359375 0.03515625
35 0.21435546875 0.61572265625 0.0068359375 0.03515625
35 0.15478515625 0.615234375 0.0087890625 0.0322265625
6 0.23583984375 0.46630859375 0.0068359375 0.0361328125
6 0.294921875 0.4736328125 0.0068359375 0.0322265625
6 0.291015625 0.6220703125 0.005859375 0.03125
6 0.232421875 0.61328125 0.0078125 0.03515625
14 0.31201171875 0.48046875 0.0078125 0.03515625
14 0.37109375 0.47998046875 0.0078125 0.03515625
14 0.31396484375 0.625 0.0078125 0.0322265625
14 0.37255859375 0.6240234375 0.0078125 0.03515625
9 0.408203125 0.48193359375 0.0078125 0.0361328125
9 0.46240234375 0.482421875 0.009765625 0.037109375
9 0.462890625 0.62353515625 0.0087890625 0.037109375
9 0.408203125 0.62353515625 0.0087890625 0.03515625
20 0.4873046875 0.4892578125 0.0078125 0.03515625
20 0.54541015625 0.49462890625 0.009765625 0.0390625
20 0.4833984375 0.63427734375 0.0087890625 0.037109375
20 0.54150390625 0.638671875 0.0078125 0.0341796875
26 0.587890625 0.50048828125 0.0068359375 0.037109375
26 0.64013671875 0.501953125 0.0078125 0.03515625
26 0.583984375 0.6357421875 0.0078125 0.037109375
26 0.63671875 0.6376953125 0.0068359375 0.033203125
21 0.66162109375 0.498046875 0.0078125 0.03515625
21 0.66015625 0.64453125 0.0068359375 0.0322265625
21 0.71923828125 0.64501953125 0.0078125 0.03515625
21 0.720703125 0.4990234375 0.0078125 0.03515625
17 0.74951171875 0.49853515625 0.0068359375 0.03515625
17 0.80908203125 0.49951171875 0.0068359375 0.03515625
17 0.74609375 0.64453125 0.0078125 0.0322265625
17 0.8046875 0.6455078125 0.0078125 0.033203125
54 0.83984375 0.50927734375 0.0078125 0.0341796875
54 0.89404296875 0.51171875 0.0068359375 0.03515625
54 0.8349609375 0.64501953125 0.0078125 0.0322265625
54 0.88818359375 0.64892578125 0.0068359375 0.03125
52 0.923828125 0.50830078125 0.005859375 0.033203125
52 0.978515625 0.5078125 0.0068359375 0.03515625
52 0.9189453125 0.6435546875 0.005859375 0.037109375
52 0.97314453125 0.6435546875 0.0078125 0.03125
38 0.07470703125 0.23046875 0.01171875 0.041015625
38 0.13134765625 0.24365234375 0.0087890625 0.04296875
38 0.07080078125 0.3740234375 0.009765625 0.0390625
38 0.12646484375 0.3857421875 0.0107421875 0.0439453125
48 0.15771484375 0.24609375 0.009765625 0.037109375
48 0.21728515625 0.26123046875 0.0087890625 0.0400390625
48 0.14990234375 0.39501953125 0.009765625 0.0380859375
48 0.20849609375 0.41015625 0.0087890625 0.0390625
32 0.23876953125 0.2529296875 0.0078125 0.041015625
32 0.29931640625 0.25244140625 0.005859375 0.03515625
32 0.24267578125 0.40478515625 0.0078125 0.03515625
32 0.3017578125 0.40576171875 0.0078125 0.03515625
49 0.32275390625 0.24951171875 0.0068359375 0.03515625
49 0.38232421875 0.25390625 0.0068359375 0.0390625
49 0.322265625 0.40087890625 0.0078125 0.0341796875
49 0.38134765625 0.404296875 0.0078125 0.03515625
43 0.4130859375 0.25146484375 0.0078125 0.037109375
43 0.47216796875 0.26171875 0.0068359375 0.03515625
43 0.4052734375 0.400390625 0.0078125 0.037109375
43 0.46435546875 0.4091796875 0.0068359375 0.0361328125
50 0.50048828125 0.2646484375 0.0078125 0.0380859375
50 0.560546875 0.27490234375 0.0087890625 0.03515625
50 0.552734375 0.423828125 0.0087890625 0.033203125
50 0.494140625 0.41552734375 0.0078125 0.03515625
47 0.59326171875 0.26806640625 0.005859375 0.03515625
47 0.58984375 0.4189453125 0.0078125 0.037109375
47 0.64990234375 0.421875 0.0078125 0.037109375
47 0.65380859375 0.27099609375 0.0078125 0.041015625
46 0.67822265625 0.27734375 0.009765625 0.0390625
46 0.66943359375 0.4296875 0.0078125 0.0361328125
46 0.728515625 0.435546875 0.009765625 0.037109375
46 0.7373046875 0.28515625 0.0087890625 0.0400390625
34 0.75732421875 0.28369140625 0.0068359375 0.033203125
34 0.81640625 0.2861328125 0.0078125 0.03515625
34 0.7509765625 0.4345703125 0.0068359375 0.03515625
34 0.81005859375 0.43896484375 0.0078125 0.033203125
31 0.84033203125 0.28759765625 0.0078125 0.033203125
31 0.900390625 0.283203125 0.0078125 0.03515625
31 0.83935546875 0.44091796875 0.0078125 0.033203125
31 0.8994140625 0.4375 0.0078125 0.033203125
22 0.93017578125 0.2861328125 0.0078125 0.037109375
22 0.99072265625 0.283203125 0.0078125 0.03515625
22 0.98828125 0.43359375 0.0068359375 0.0322265625
22 0.9287109375 0.43603515625 0.0068359375 0.0341796875
27 0.19921875 0.1103515625 0.09375 0.220703125
33 0.2587890625 0.02587890625 0.0087890625 0.0390625
33 0.32080078125 0.04345703125 0.009765625 0.041015625
33 0.24951171875 0.18408203125 0.0078125 0.04296875
33 0.310546875 0.1982421875 0.0087890625 0.037109375
11 0.34814453125 0.033203125 0.0087890625 0.0380859375
11 0.4033203125 0.04541015625 0.009765625 0.033203125
11 0.3408203125 0.18115234375 0.0078125 0.0341796875
11 0.3955078125 0.19140625 0.0068359375 0.0322265625
12 0.4296875 0.0390625 0.0078125 0.0390625
12 0.423828125 0.1884765625 0.005859375 0.033203125
12 0.4765625 0.1962890625 0.0087890625 0.03125
12 0.48388671875 0.04931640625 0.0078125 0.03515625
10 0.52587890625 0.0341796875 0.005859375 0.03125
10 0.580078125 0.04638671875 0.009765625 0.0341796875
10 0.51513671875 0.1796875 0.005859375 0.0361328125
10 0.56884765625 0.19482421875 0.005859375 0.0322265625
0 0.603515625 0.04443359375 0.0078125 0.03515625
0 0.66455078125 0.04931640625 0.0068359375 0.03125
0 0.59814453125 0.20263671875 0.0078125 0.033203125
0 0.65869140625 0.20654296875 0.0078125 0.0322265625
42 0.68603515625 0.05859375 0.0078125 0.0380859375
42 0.7470703125 0.05126953125 0.009765625 0.03515625
42 0.689453125 0.21337890625 0.0087890625 0.037109375
42 0.75 0.21044921875 0.009765625 0.037109375
40 0.76904296875 0.0771484375 0.0068359375 0.033203125
40 0.82373046875 0.0693359375 0.0078125 0.0341796875
40 0.7724609375 0.22412109375 0.0078125 0.033203125
40 0.8291015625 0.21484375 0.009765625 0.037109375
13 0.85595703125 0.08740234375 0.0078125 0.0634765625
13 0.91162109375 0.07861328125 0.0078125 0.064453125
13 0.9140625 0.2041015625 0.0078125 0.064453125
13 0.857421875 0.2109375 0.0078125 0.064453125