47 0.14794921875 0.81689453125 0.0068359375 0.037109375
47 0.19873046875 0.82275390625 0.0068359375 0.037109375
29 0.22216796875 0.83642578125 0.0107421875 0.03515625
29 0.2734375 0.83984375 0.009765625 0.03515625
37 0.376953125 0.85400390625 0.0078125 0.0322265625
37 0.42822265625 0.86328125 0.0078125 0.033203125
44 0.44970703125 0.86474609375 0.0078125 0.037109375
44 0.50146484375 0.87548828125 0.0068359375 0.0341796875
22 0.6513671875 0.8955078125 0.0087890625 0.033203125
20 0.67724609375 0.89794921875 0.0087890625 0.03515625
20 0.728515625 0.90576171875 0.0078125 0.0390625
9 0.76611328125 0.9072265625 0.0087890625 0.0302734375
9 0.8203125 0.9013671875 0.0087890625 0.0302734375
7 0.84765625 0.89501953125 0.0078125 0.033203125
7 0.89990234375 0.89697265625 0.009765625 0.0341796875
12 0.14697265625 0.7763671875 0.0087890625 0.03515625
12 0.19921875 0.78173828125 0.0078125 0.03515625
1 0.22119140625 0.7890625 0.0087890625 0.0341796875
1 0.2734375 0.79443359375 0.0078125 0.0341796875
54 0.298828125 0.8134765625 0.009765625 0.033203125
54 0.35107421875 0.8134765625 0.009765625 0.0341796875
21 0.38134765625 0.81201171875 0.0078125 0.03515625
21 0.43359375 0.8173828125 0.0078125 0.0322265625
8 0.4560546875 0.82080078125 0.0078125 0.037109375
8 0.5078125 0.830078125 0.0078125 0.03125
0 0.5283203125 0.84814453125 0.009765625 0.0341796875
0 0.5810546875 0.86279296875 0.009765625 0.03515625
15 0.6015625 0.85498046875 0.009765625 0.033203125
15 0.65380859375 0.86083984375 0.0087890625 0.0341796875
25 0.6806640625 0.85986328125 0.009765625 0.033203125
25 0.73291015625 0.8701171875 0.009765625 0.03125
14 0.8173828125 0.85205078125 0.0087890625 0.033203125
14 0.767578125 0.8564453125 0.009765625 0.037109375
19 0.85107421875 0.84375 0.0078125 0.0390625
19 0.9033203125 0.84716796875 0.0078125 0.037109375
17 0.1435546875 0.73046875 0.0078125 0.0361328125
17 0.19580078125 0.73828125 0.0087890625 0.0361328125
17 0.14697265625 0.58837890625 0.0078125 0.037109375
17 0.20068359375 0.59765625 0.009765625 0.03515625
51 0.2275390625 0.60009765625 0.0078125 0.03515625
51 0.28076171875 0.609375 0.0078125 0.033203125
51 0.27392578125 0.75048828125 0.0078125 0.03515625
51 0.2216796875 0.74169921875 0.0078125 0.0322265625
41 0.29736328125 0.62744140625 0.0078125 0.033203125
41 0.29736328125 0.77197265625 0.0078125 0.0322265625
41 0.35009765625 0.77294921875 0.0078125 0.033203125
41 0.3505859375 0.62841796875 0.0078125 0.03515625
16 0.38623046875 0.63330078125 0.0078125 0.0380859375
16 0.4384765625 0.63623046875 0.0087890625 0.0380859375
16 0.38427734375 0.77490234375 0.0078125 0.03515625
16 0.4365234375 0.77734375 0.0078125 0.037109375
6 0.470703125 0.64208984375 0.0078125 0.037109375
6 0.52294921875 0.65087890625 0.0068359375 0.03515625
6 0.46142578125 0.78271484375 0.0078125 0.033203125
6 0.51318359375 0.79150390625 0.0068359375 0.037109375
34 0.54052734375 0.65869140625 0.0087890625 0.037109375
34 0.59326171875 0.66845703125 0.0078125 0.03515625
34 0.533203125 0.7998046875 0.0078125 0.033203125
34 0.58544921875 0.80859375 0.0068359375 0.03515625
26 0.6123046875 0.6650390625 0.0078125 0.033203125
26 0.6650390625 0.6748046875 0.0078125 0.0361328125
26 0.60400390625 0.8056640625 0.0078125 0.03515625
26 0.65673828125 0.8154296875 0.0087890625 0.033203125
10 0.69287109375 0.67236328125 0.0078125 0.033203125
10 0.74560546875 0.68359375 0.0078125 0.03515625
10 0.6806640625 0.814453125 0.009765625 0.029296875
10 0.73291015625 0.826171875 0.0078125 0.0322265625
50 0.76611328125 0.6640625 0.0078125 0.03515625
50 0.81884765625 0.66748046875 0.005859375 0.037109375
50 0.76025390625 0.80517578125 0.0087890625 0.037109375
50 0.8125 0.810546875 0.0078125 0.0341796875
53 0.859375 0.6630859375 0.0078125 0.037109375
53 0.912109375 0.662109375 0.0087890625 0.033203125
53 0.85693359375 0.802734375 0.0087890625 0.03515625
53 0.9091796875 0.802734375 0.009765625 0.03125
28 0.3828125 0.30419921875 0.111328125 0.2373046875
18 0.36181640625 0.21240234375 0.009765625 0.0400390625
18 0.41455078125 0.24267578125 0.009765625 0.0380859375
18 0.33984375 0.359375 0.009765625 0.037109375
18 0.39111328125 0.3876953125 0.009765625 0.0390625
27 0.58251953125 0.40380859375 0.109375 0.228515625