53 0.77099609375 0.9658203125 0.0380859375 0.0107421875
53 0.76904296875 0.91357421875 0.0341796875 0.009765625
53 0.91064453125 0.95654296875 0.0322265625 0.009765625
53 0.9052734375 0.9052734375 0.03515625 0.009765625
50 0.76123046875 0.88134765625 0.03515625 0.0078125
50 0.7626953125 0.830078125 0.037109375 0.0087890625
50 0.8974609375 0.88037109375 0.0361328125 0.009765625
50 0.8994140625 0.82958984375 0.033203125 0.009765625
0 0.76123046875 0.80029296875 0.0341796875 0.009765625
0 0.75830078125 0.7490234375 0.03515625 0.0087890625
0 0.89990234375 0.7978515625 0.03125 0.0087890625
0 0.9013671875 0.74658203125 0.03125 0.009765625
8 0.76123046875 0.72021484375 0.0302734375 0.005859375
8 0.76123046875 0.66650390625 0.03125 0.005859375
8 0.9033203125 0.71484375 0.0302734375 0.0078125
8 0.8984375 0.66455078125 0.0302734375 0.005859375
25 0.75 0.64453125 0.0341796875 0.0087890625
25 0.7431640625 0.59228515625 0.0341796875 0.0078125
25 0.8818359375 0.58837890625 0.0341796875 0.0078125
25 0.88623046875 0.640625 0.0322265625 0.0087890625
54 0.74462890625 0.56298828125 0.03515625 0.0078125
54 0.740234375 0.51171875 0.033203125 0.0068359375
54 0.884765625 0.55810546875 0.033203125 0.0078125
54 0.880859375 0.50634765625 0.03515625 0.0078125
10 0.74462890625 0.4775390625 0.033203125 0.0087890625
10 0.7421875 0.42431640625 0.0322265625 0.0068359375
10 0.88623046875 0.47314453125 0.03125 0.0087890625
10 0.88330078125 0.42138671875 0.03125 0.0078125
26 0.74072265625 0.396484375 0.0341796875 0.0078125
26 0.73779296875 0.34326171875 0.033203125 0.0087890625
26 0.87939453125 0.3955078125 0.033203125 0.0078125
26 0.87841796875 0.3427734375 0.033203125 0.0078125
12 0.732421875 0.3154296875 0.0322265625 0.009765625
12 0.72998046875 0.2626953125 0.033203125 0.0078125
12 0.873046875 0.3154296875 0.033203125 0.0068359375
12 0.87353515625 0.26318359375 0.03125 0.0078125
1 0.72314453125 0.23681640625 0.03515625 0.0068359375
1 0.72021484375 0.1845703125 0.0341796875 0.0078125
1 0.86669921875 0.23779296875 0.033203125 0.0078125
1 0.86474609375 0.18603515625 0.0302734375 0.005859375
21 0.7236328125 0.15673828125 0.0361328125 0.0078125
21 0.72802734375 0.10400390625 0.03515625 0.0068359375
21 0.865234375 0.162109375 0.033203125 0.0078125
21 0.8681640625 0.109375 0.03515625 0.0078125
15 0.724609375 0.07470703125 0.0380859375 0.0078125
15 0.72705078125 0.021484375 0.037109375 0.0078125
15 0.865234375 0.08203125 0.037109375 0.0078125
15 0.8681640625 0.0283203125 0.0361328125 0.0078125
27 0.12744140625 0.09765625 0.2236328125 0.08984375
28 0.12939453125 0.20361328125 0.22265625 0.0888671875
38 0.05224609375 0.2265625 0.0361328125 0.009765625
38 0.060546875 0.1708984375 0.0361328125 0.0087890625
38 0.20654296875 0.23681640625 0.037109375 0.009765625
38 0.21484375 0.18115234375 0.0341796875 0.009765625
27 0.36279296875 0.212890625 0.216796875 0.099609375
27 0.32958984375 0.345703125 0.220703125 0.09375