13 0.08837890625 0.80810546875 0.0078125 0.080078125
12 0.1005859375 0.64990234375 0.0087890625 0.0498046875
12 0.0439453125 0.64013671875 0.01171875 0.048828125
48 0.10693359375 0.58349609375 0.009765625 0.05078125
48 0.048828125 0.57177734375 0.009765625 0.05078125
45 0.203125 0.84765625 0.009765625 0.048828125
45 0.142578125 0.85400390625 0.009765625 0.048828125
45 0.142578125 0.7080078125 0.009765625 0.0478515625
45 0.2021484375 0.701171875 0.0078125 0.0478515625
36 0.203125 0.63623046875 0.0107421875 0.05078125
36 0.1435546875 0.634765625 0.0087890625 0.0478515625
1 0.20263671875 0.56884765625 0.01171875 0.046875
1 0.14453125 0.56396484375 0.009765625 0.0478515625
44 0.31884765625 0.83447265625 0.01171875 0.05078125
44 0.2587890625 0.83984375 0.009765625 0.048828125
44 0.25927734375 0.693359375 0.01171875 0.048828125
44 0.318359375 0.68798828125 0.01171875 0.05078125
46 0.318359375 0.63623046875 0.009765625 0.046875
46 0.25927734375 0.638671875 0.0087890625 0.0498046875
51 0.25927734375 0.580078125 0.0107421875 0.0498046875
51 0.31787109375 0.58056640625 0.009765625 0.048828125
3 0.42822265625 0.8447265625 0.009765625 0.05078125
3 0.369140625 0.84814453125 0.0107421875 0.05078125
3 0.3681640625 0.703125 0.0107421875 0.046875
3 0.4267578125 0.6982421875 0.0107421875 0.046875
15 0.42626953125 0.646484375 0.0107421875 0.046875
15 0.3681640625 0.64599609375 0.009765625 0.048828125
21 0.3671875 0.5859375 0.01171875 0.044921875
21 0.42431640625 0.576171875 0.01171875 0.0458984375
43 0.5224609375 0.8251953125 0.0087890625 0.052734375
43 0.46337890625 0.81982421875 0.0107421875 0.0537109375
43 0.52783203125 0.68115234375 0.01171875 0.0458984375
43 0.4697265625 0.6748046875 0.01171875 0.048828125
40 0.52685546875 0.6220703125 0.009765625 0.046875
40 0.46875 0.61669921875 0.0087890625 0.048828125
6 0.53125 0.56982421875 0.009765625 0.0498046875
6 0.474609375 0.556640625 0.01171875 0.052734375
33 0.6123046875 0.8232421875 0.0107421875 0.05078125
33 0.5537109375 0.810546875 0.0107421875 0.048828125
33 0.62109375 0.67431640625 0.009765625 0.048828125
33 0.5625 0.66015625 0.01171875 0.0458984375
32 0.62353515625 0.62646484375 0.009765625 0.0458984375
32 0.56591796875 0.61328125 0.009765625 0.044921875
49 0.62841796875 0.5732421875 0.009765625 0.048828125
49 0.572265625 0.556640625 0.009765625 0.0478515625
26 0.70849609375 0.841796875 0.0107421875 0.052734375
26 0.64990234375 0.8349609375 0.0078125 0.048828125
26 0.65478515625 0.689453125 0.0107421875 0.046875
26 0.7119140625 0.69921875 0.0087890625 0.046875
30 0.7158203125 0.64892578125 0.009765625 0.0439453125
30 0.65771484375 0.63330078125 0.0107421875 0.05078125
37 0.71630859375 0.5966796875 0.009765625 0.044921875
37 0.65869140625 0.5771484375 0.0107421875 0.046875
52 0.8076171875 0.87109375 0.01171875 0.05078125
52 0.74853515625 0.853515625 0.009765625 0.048828125
52 0.76025390625 0.708984375 0.01171875 0.048828125
52 0.81787109375 0.72802734375 0.01171875 0.0498046875
16 0.81689453125 0.65869140625 0.01171875 0.048828125
16 0.75927734375 0.65576171875 0.009765625 0.046875
2 0.7607421875 0.60400390625 0.009765625 0.044921875
42 0.91552734375 0.9013671875 0.0126953125 0.0478515625
42 0.85693359375 0.9013671875 0.01171875 0.046875
42 0.853515625 0.75390625 0.01171875 0.0498046875
42 0.912109375 0.7548828125 0.01171875 0.046875
14 0.912109375 0.693359375 0.009765625 0.046875
14 0.853515625 0.68701171875 0.009765625 0.0537109375
39 0.91259765625 0.63427734375 0.009765625 0.0478515625
39 0.8544921875 0.6259765625 0.009765625 0.0517578125