51 0.72802734375 0.95849609375 0.0380859375 0.0068359375
51 0.74267578125 0.900390625 0.0390625 0.0068359375
45 0.748046875 0.86376953125 0.0400390625 0.0078125
45 0.75634765625 0.8046875 0.0390625 0.0078125
13 0.77978515625 0.7763671875 0.017578125 0.0078125
13 0.783203125 0.71728515625 0.0146484375 0.0078125
7 0.76904296875 0.6953125 0.0400390625 0.0078125
7 0.7705078125 0.63671875 0.0400390625 0.0078125
13 0.791015625 0.552734375 0.017578125 0.0087890625
13 0.7880859375 0.61181640625 0.017578125 0.0087890625
3 0.79541015625 0.51708984375 0.041015625 0.009765625
3 0.798828125 0.45849609375 0.041015625 0.0087890625
21 0.78271484375 0.36962890625 0.04296875 0.0078125
21 0.77978515625 0.42822265625 0.0439453125 0.0087890625
42 0.791015625 0.27880859375 0.04296875 0.009765625
42 0.79541015625 0.337890625 0.041015625 0.009765625
50 0.78125 0.1962890625 0.041015625 0.0078125
50 0.78271484375 0.2548828125 0.0390625 0.009765625
5 0.76171875 0.11083984375 0.04296875 0.0087890625
5 0.76611328125 0.17138671875 0.0380859375 0.009765625
33 0.76904296875 0.0263671875 0.04296875 0.0078125
33 0.77099609375 0.0869140625 0.0390625 0.0087890625
11 0.6865234375 0.89599609375 0.0419921875 0.0087890625
11 0.6787109375 0.9541015625 0.0419921875 0.0087890625
16 0.70263671875 0.80859375 0.0390625 0.009765625
16 0.68798828125 0.8681640625 0.041015625 0.009765625
17 0.7216796875 0.71826171875 0.04296875 0.009765625
17 0.720703125 0.77685546875 0.0419921875 0.0078125
12 0.71728515625 0.63623046875 0.041015625 0.009765625
12 0.71728515625 0.69580078125 0.0390625 0.009765625
34 0.73193359375 0.61181640625 0.04296875 0.0078125
34 0.7333984375 0.55322265625 0.041015625 0.0078125
44 0.7568359375 0.46142578125 0.044921875 0.0078125
44 0.74365234375 0.52001953125 0.0390625 0.009765625
46 0.72607421875 0.4267578125 0.0458984375 0.0078125
46 0.7255859375 0.36767578125 0.0439453125 0.009765625
29 0.73828125 0.28076171875 0.0390625 0.0087890625
29 0.74072265625 0.33984375 0.041015625 0.009765625
54 0.7265625 0.19482421875 0.044921875 0.009765625
54 0.724609375 0.25439453125 0.0419921875 0.0087890625
52 0.7119140625 0.16357421875 0.0419921875 0.0078125
52 0.701171875 0.10498046875 0.04296875 0.0087890625
39 0.71484375 0.01953125 0.0390625 0.0078125
39 0.7236328125 0.080078125 0.041015625 0.0087890625
48 0.62255859375 0.947265625 0.041015625 0.0087890625
48 0.62646484375 0.88818359375 0.044921875 0.0087890625
48 0.4833984375 0.8896484375 0.0458984375 0.009765625
48 0.47998046875 0.94970703125 0.04296875 0.009765625
14 0.5068359375 0.86279296875 0.0419921875 0.0107421875
14 0.51171875 0.8017578125 0.0439453125 0.009765625
14 0.6533203125 0.80322265625 0.041015625 0.009765625
14 0.6474609375 0.8623046875 0.041015625 0.009765625
19 0.51025390625 0.7783203125 0.0419921875 0.0087890625
19 0.51611328125 0.71826171875 0.041015625 0.0078125
19 0.65771484375 0.72021484375 0.0419921875 0.0078125
19 0.65087890625 0.779296875 0.0390625 0.0087890625
32 0.5224609375 0.697265625 0.04296875 0.0087890625
32 0.52099609375 0.63671875 0.041015625 0.0078125
32 0.66064453125 0.6328125 0.0400390625 0.0078125
32 0.6650390625 0.69287109375 0.0419921875 0.0087890625
2 0.55029296875 0.609375 0.04296875 0.0078125
2 0.54736328125 0.5498046875 0.0419921875 0.0078125
2 0.6884765625 0.54736328125 0.0390625 0.005859375
2 0.68994140625 0.60693359375 0.0390625 0.0078125
25 0.55029296875 0.5146484375 0.044921875 0.009765625
25 0.5537109375 0.455078125 0.04296875 0.0078125
25 0.6904296875 0.5166015625 0.0419921875 0.0078125
25 0.6953125 0.4580078125 0.041015625 0.0078125
53 0.53271484375 0.4267578125 0.04296875 0.009765625
53 0.53125 0.36669921875 0.044921875 0.0087890625
53 0.67431640625 0.3662109375 0.04296875 0.0087890625
53 0.673828125 0.42578125 0.04296875 0.0078125
9 0.54052734375 0.3359375 0.0390625 0.0078125
9 0.5439453125 0.27587890625 0.0390625 0.0078125
9 0.685546875 0.28125 0.037109375 0.0078125
9 0.68115234375 0.34130859375 0.0390625 0.0078125
38 0.53564453125 0.24853515625 0.041015625 0.0078125
38 0.53515625 0.18798828125 0.041015625 0.0078125
38 0.6767578125 0.1904296875 0.041015625 0.0078125
38 0.6787109375 0.25 0.041015625 0.005859375
31 0.5205078125 0.169921875 0.044921875 0.0078125
31 0.5126953125 0.109375 0.0390625 0.0078125
31 0.65380859375 0.107421875 0.041015625 0.0078125
31 0.66259765625 0.1669921875 0.0390625 0.0078125
43 0.517578125 0.08740234375 0.04296875 0.0078125
43 0.5068359375 0.02587890625 0.04296875 0.0078125
43 0.64794921875 0.0234375 0.04296875 0.0078125
43 0.65673828125 0.08447265625 0.04296875 0.0078125