27 0.07861328125 0.7763671875 0.0986328125 0.2255859375
27 0.0810546875 0.529296875 0.0927734375 0.212890625
27 0.0810546875 0.28955078125 0.087890625 0.21484375
26 0.9287109375 0.66552734375 0.009765625 0.0419921875
26 0.8671875 0.51123046875 0.009765625 0.04296875
24 0.83349609375 0.6494140625 0.0087890625 0.044921875
24 0.7763671875 0.49072265625 0.009765625 0.0400390625
40 0.748046875 0.6318359375 0.0078125 0.044921875
40 0.685546875 0.47900390625 0.0078125 0.041015625
53 0.65478515625 0.61767578125 0.009765625 0.044921875
53 0.58349609375 0.48095703125 0.009765625 0.04296875
32 0.55029296875 0.6123046875 0.0078125 0.044921875
32 0.48291015625 0.4755859375 0.0087890625 0.041015625
17 0.44140625 0.60546875 0.0087890625 0.0439453125
17 0.37255859375 0.47314453125 0.009765625 0.0419921875
1 0.3349609375 0.60791015625 0.0068359375 0.041015625
1 0.27099609375 0.466796875 0.0078125 0.041015625
54 0.21826171875 0.60400390625 0.0107421875 0.0439453125
54 0.14599609375 0.47412109375 0.009765625 0.041015625
29 0.9296875 0.4296875 0.0087890625 0.041015625
29 0.86474609375 0.2880859375 0.0078125 0.0400390625
49 0.83154296875 0.4130859375 0.009765625 0.041015625
49 0.77880859375 0.26025390625 0.009765625 0.0400390625
2 0.73828125 0.41162109375 0.0078125 0.0390625
2 0.67041015625 0.275390625 0.0087890625 0.041015625
51 0.63623046875 0.3828125 0.0068359375 0.037109375
51 0.58056640625 0.2490234375 0.0068359375 0.0400390625
7 0.53955078125 0.3701171875 0.0078125 0.037109375
7 0.4755859375 0.2333984375 0.0068359375 0.037109375
18 0.4365234375 0.36962890625 0.0078125 0.041015625
18 0.37646484375 0.22802734375 0.0078125 0.0390625
47 0.33447265625 0.36669921875 0.0078125 0.041015625
47 0.27001953125 0.2333984375 0.0078125 0.041015625
34 0.22802734375 0.35888671875 0.0078125 0.04296875
34 0.1669921875 0.220703125 0.0078125 0.0390625
50 0.92578125 0.19873046875 0.0087890625 0.041015625
50 0.857421875 0.06982421875 0.009765625 0.041015625
19 0.845703125 0.19677734375 0.0087890625 0.041015625
19 0.77978515625 0.06396484375 0.0087890625 0.0390625
15 0.7490234375 0.1845703125 0.0078125 0.0390625
15 0.69091796875 0.04541015625 0.0087890625 0.03515625
6 0.66552734375 0.18310546875 0.009765625 0.037109375
6 0.595703125 0.05615234375 0.0087890625 0.037109375
27 0.19287109375 0.77880859375 0.0927734375 0.22265625