13 0.84375 0.560546875 0.0078125 0.0673828125
18 0.1171875 0.228515625 0.0087890625 0.044921875
18 0.1630859375 0.24658203125 0.0078125 0.044921875
18 0.10205078125 0.3447265625 0.0087890625 0.0390625
18 0.1494140625 0.36328125 0.0107421875 0.041015625
17 0.181640625 0.25244140625 0.0078125 0.04296875
17 0.22998046875 0.25244140625 0.0078125 0.041015625
17 0.2294921875 0.37353515625 0.0087890625 0.0390625
17 0.1806640625 0.37255859375 0.0078125 0.0390625
34 0.24462890625 0.25830078125 0.0087890625 0.0390625
34 0.2939453125 0.25830078125 0.0078125 0.041015625
34 0.2978515625 0.37451171875 0.0078125 0.0390625
34 0.248046875 0.38134765625 0.0078125 0.0400390625
47 0.3212890625 0.2744140625 0.0078125 0.046875
47 0.37060546875 0.2783203125 0.0087890625 0.0439453125
47 0.36767578125 0.3994140625 0.009765625 0.0390625
47 0.3193359375 0.39404296875 0.0087890625 0.0439453125
10 0.3935546875 0.28173828125 0.009765625 0.0439453125
10 0.4423828125 0.28515625 0.0087890625 0.0419921875
10 0.43994140625 0.40625 0.0078125 0.044921875
10 0.39013671875 0.4013671875 0.0078125 0.04296875
0 0.46826171875 0.28759765625 0.0087890625 0.04296875
0 0.517578125 0.2958984375 0.0107421875 0.04296875
0 0.51220703125 0.41796875 0.0087890625 0.04296875
0 0.46337890625 0.40869140625 0.0078125 0.04296875
24 0.54150390625 0.29736328125 0.0087890625 0.044921875
24 0.591796875 0.2958984375 0.0078125 0.04296875
24 0.59130859375 0.4169921875 0.0087890625 0.04296875
24 0.54150390625 0.41796875 0.009765625 0.041015625
13 0.61669921875 0.3486328125 0.0078125 0.0673828125
54 0.685546875 0.3046875 0.0087890625 0.0478515625
54 0.7373046875 0.30810546875 0.0068359375 0.046875
54 0.73388671875 0.43017578125 0.009765625 0.044921875
54 0.68310546875 0.42578125 0.0078125 0.044921875
53 0.75927734375 0.3115234375 0.0087890625 0.04296875
53 0.76611328125 0.4345703125 0.009765625 0.04296875
53 0.81005859375 0.30029296875 0.01171875 0.044921875
53 0.8173828125 0.42431640625 0.009765625 0.044921875
9 0.84375 0.298828125 0.0087890625 0.044921875
9 0.89501953125 0.30078125 0.009765625 0.0419921875
9 0.89013671875 0.42724609375 0.0078125 0.044921875
9 0.83984375 0.419921875 0.0068359375 0.041015625
4 0.84423828125 0.75 0.009765625 0.0439453125
4 0.89501953125 0.74169921875 0.009765625 0.0390625
4 0.85205078125 0.87353515625 0.01171875 0.0390625
4 0.9013671875 0.86474609375 0.009765625 0.041015625
28 0.86669921875 0.5888671875 0.0693359375 0.189453125
28 0.87353515625 0.814453125 0.078125 0.193359375