5 0.05126953125 0.28369140625 0.009765625 0.041015625
5 0.09912109375 0.45361328125 0.009765625 0.0390625
21 0.17041015625 0.34326171875 0.0087890625 0.04296875
21 0.2236328125 0.50439453125 0.009765625 0.041015625
0 0.25537109375 0.3623046875 0.0078125 0.041015625
0 0.31396484375 0.5185546875 0.009765625 0.0390625
9 0.3583984375 0.39599609375 0.0078125 0.041015625
9 0.421875 0.54248046875 0.0087890625 0.041015625
23 0.462890625 0.4111328125 0.0078125 0.04296875
23 0.52734375 0.55029296875 0.009765625 0.041015625
3 0.57666015625 0.431640625 0.0078125 0.0439453125
3 0.6435546875 0.5712890625 0.0078125 0.041015625
30 0.68017578125 0.4384765625 0.0078125 0.04296875
30 0.7509765625 0.568359375 0.009765625 0.041015625
13 0.79296875 0.42578125 0.009765625 0.01953125
13 0.849609375 0.4169921875 0.0107421875 0.01953125
13 0.79833984375 0.580078125 0.0107421875 0.01953125
13 0.85400390625 0.572265625 0.01171875 0.0205078125
42 0.888671875 0.42431640625 0.01171875 0.04296875
42 0.9658203125 0.53759765625 0.01171875 0.0419921875
12 0.04150390625 0.53125 0.0078125 0.041015625
12 0.0966796875 0.68994140625 0.0078125 0.0380859375
52 0.15087890625 0.5693359375 0.0078125 0.044921875
52 0.20263671875 0.72705078125 0.0087890625 0.037109375
22 0.248046875 0.623046875 0.009765625 0.04296875
22 0.30712890625 0.76806640625 0.0078125 0.0390625
38 0.361328125 0.63037109375 0.005859375 0.0390625
38 0.423828125 0.77099609375 0.005859375 0.041015625
45 0.4736328125 0.64111328125 0.0078125 0.04296875
45 0.53125 0.78466796875 0.0087890625 0.04296875
33 0.57373046875 0.6611328125 0.0078125 0.0419921875
33 0.63623046875 0.798828125 0.0078125 0.041015625
35 0.68994140625 0.69873046875 0.009765625 0.041015625
35 0.76513671875 0.814453125 0.0087890625 0.041015625
13 0.78955078125 0.67919921875 0.0107421875 0.01953125
13 0.8447265625 0.67529296875 0.009765625 0.0185546875
13 0.78955078125 0.82763671875 0.009765625 0.01953125
13 0.84326171875 0.82421875 0.01171875 0.021484375
44 0.8828125 0.65234375 0.009765625 0.044921875
44 0.951171875 0.77734375 0.0087890625 0.044921875
27 0.92236328125 0.22314453125 0.0927734375 0.2265625