8 0.28125 0.35205078125 0.009765625 0.046875
8 0.23046875 0.3486328125 0.009765625 0.04296875
50 0.275390625 0.4013671875 0.0087890625 0.0419921875
50 0.22412109375 0.39697265625 0.009765625 0.0419921875
25 0.27294921875 0.447265625 0.0087890625 0.04296875
25 0.22314453125 0.44287109375 0.0087890625 0.0390625
25 0.2177734375 0.5654296875 0.0078125 0.04296875
25 0.26904296875 0.56884765625 0.0087890625 0.0400390625
35 0.37646484375 0.5712890625 0.009765625 0.0419921875
35 0.326171875 0.56396484375 0.0078125 0.0400390625
35 0.3330078125 0.43994140625 0.0078125 0.041015625
35 0.3828125 0.44970703125 0.0078125 0.0400390625
22 0.3818359375 0.39990234375 0.0078125 0.0400390625
22 0.3330078125 0.3916015625 0.0087890625 0.0390625
11 0.33984375 0.3427734375 0.0068359375 0.041015625
11 0.388671875 0.35498046875 0.0078125 0.0390625
7 0.43017578125 0.5732421875 0.0078125 0.0390625
7 0.4794921875 0.583984375 0.0087890625 0.041015625
7 0.4873046875 0.46533203125 0.0078125 0.0380859375
7 0.43896484375 0.45361328125 0.0078125 0.0390625
38 0.4951171875 0.412109375 0.0078125 0.0390625
38 0.44677734375 0.40234375 0.0078125 0.0390625
29 0.49755859375 0.36328125 0.0078125 0.041015625
29 0.4482421875 0.35302734375 0.0078125 0.041015625
23 0.587890625 0.5869140625 0.009765625 0.04296875
23 0.53857421875 0.58056640625 0.0078125 0.0400390625
23 0.54345703125 0.46337890625 0.0087890625 0.0390625
23 0.591796875 0.47021484375 0.0078125 0.0380859375
19 0.59228515625 0.4189453125 0.0087890625 0.0400390625
19 0.54296875 0.41259765625 0.0078125 0.0400390625
4 0.5986328125 0.3720703125 0.0078125 0.0390625
4 0.55029296875 0.3623046875 0.0087890625 0.0390625
26 0.67822265625 0.61962890625 0.0078125 0.0390625
26 0.62890625 0.60791015625 0.0078125 0.0390625
26 0.68603515625 0.5009765625 0.009765625 0.037109375
26 0.63720703125 0.49072265625 0.0087890625 0.0400390625
39 0.689453125 0.44384765625 0.0078125 0.0390625
39 0.64013671875 0.43505859375 0.0068359375 0.0390625
42 0.6943359375 0.3896484375 0.0078125 0.0390625
42 0.64501953125 0.38134765625 0.0078125 0.041015625