52 0.91259765625 0.357421875 0.01171875 0.044921875
52 0.9189453125 0.24072265625 0.01171875 0.04296875
52 0.86474609375 0.3466796875 0.0107421875 0.046875
52 0.87158203125 0.22998046875 0.0078125 0.044921875
2 0.83935546875 0.34130859375 0.0078125 0.04296875
2 0.8466796875 0.22265625 0.009765625 0.041015625
2 0.79150390625 0.33251953125 0.009765625 0.041015625
2 0.79833984375 0.2119140625 0.009765625 0.0390625
4 0.76513671875 0.33154296875 0.009765625 0.041015625
4 0.716796875 0.32373046875 0.0078125 0.0400390625
4 0.72265625 0.20458984375 0.0078125 0.04296875
4 0.77099609375 0.21337890625 0.0078125 0.041015625
39 0.68408203125 0.3193359375 0.0078125 0.0419921875
39 0.6923828125 0.201171875 0.0078125 0.041015625
39 0.63525390625 0.31005859375 0.0078125 0.041015625
39 0.64404296875 0.19140625 0.0078125 0.0390625
16 0.60791015625 0.30517578125 0.0087890625 0.041015625
16 0.5595703125 0.29638671875 0.009765625 0.04296875
16 0.56591796875 0.17822265625 0.009765625 0.041015625
16 0.6142578125 0.1865234375 0.0078125 0.0390625
12 0.53369140625 0.29443359375 0.0087890625 0.041015625
12 0.53759765625 0.17578125 0.0078125 0.041015625
12 0.484375 0.29052734375 0.0068359375 0.04296875
12 0.48876953125 0.17041015625 0.0078125 0.041015625
30 0.45458984375 0.283203125 0.0068359375 0.0419921875
30 0.45849609375 0.16259765625 0.0078125 0.0390625
30 0.4052734375 0.27734375 0.0078125 0.0419921875
30 0.40966796875 0.15625 0.0087890625 0.0419921875
42 0.37744140625 0.26611328125 0.0087890625 0.0419921875
42 0.3837890625 0.1455078125 0.009765625 0.0458984375
42 0.3271484375 0.2587890625 0.0087890625 0.0439453125
42 0.3330078125 0.1376953125 0.0078125 0.0419921875
26 0.30322265625 0.25439453125 0.0087890625 0.0439453125
26 0.30810546875 0.1328125 0.0087890625 0.0419921875
26 0.25390625 0.248046875 0.0078125 0.0419921875
26 0.2587890625 0.1279296875 0.0078125 0.041015625
23 0.2275390625 0.2529296875 0.009765625 0.04296875
23 0.17724609375 0.25 0.0078125 0.0419921875
23 0.18017578125 0.130859375 0.009765625 0.037109375
23 0.22998046875 0.13134765625 0.009765625 0.041015625
19 0.1484375 0.2548828125 0.0078125 0.0458984375
19 0.14501953125 0.1357421875 0.009765625 0.0390625
19 0.0986328125 0.26318359375 0.0087890625 0.041015625
19 0.0947265625 0.14208984375 0.009765625 0.0419921875