42 0.8505859375 0.78564453125 0.033203125 0.0078125
42 0.84326171875 0.84228515625 0.029296875 0.0087890625
11 0.837890625 0.74951171875 0.0283203125 0.0078125
11 0.8408203125 0.69775390625 0.029296875 0.0078125
7 0.84033203125 0.67333984375 0.033203125 0.0078125
7 0.85107421875 0.615234375 0.029296875 0.0078125
25 0.857421875 0.58447265625 0.03125 0.0078125
25 0.8623046875 0.53271484375 0.03125 0.0078125
19 0.8701171875 0.4970703125 0.033203125 0.0078125
19 0.86962890625 0.4404296875 0.0341796875 0.0078125
8 0.86767578125 0.41845703125 0.0341796875 0.0078125
8 0.8740234375 0.361328125 0.0302734375 0.0078125
30 0.8623046875 0.3359375 0.03125 0.0087890625
30 0.87158203125 0.2783203125 0.03515625 0.0078125
33 0.85791015625 0.189453125 0.0361328125 0.0078125
33 0.85546875 0.24609375 0.03125 0.005859375
12 0.84765625 0.10400390625 0.02734375 0.0087890625
12 0.8583984375 0.15478515625 0.0263671875 0.01171875
3 0.65625 0.8359375 0.03125 0.005859375
3 0.66259765625 0.77880859375 0.029296875 0.0068359375
3 0.80078125 0.8369140625 0.03125 0.0068359375
3 0.80517578125 0.7802734375 0.0283203125 0.0078125
51 0.65234375 0.74609375 0.0390625 0.009765625
51 0.65869140625 0.69140625 0.037109375 0.009765625
51 0.78955078125 0.74853515625 0.0380859375 0.0087890625
51 0.79443359375 0.69482421875 0.037109375 0.009765625
1 0.65283203125 0.662109375 0.033203125 0.005859375
1 0.669921875 0.6044921875 0.0302734375 0.0078125
1 0.794921875 0.67529296875 0.029296875 0.0078125
1 0.81201171875 0.6181640625 0.029296875 0.0078125
4 0.66796875 0.58349609375 0.03125 0.0078125
4 0.8095703125 0.5888671875 0.03515625 0.0078125
4 0.81787109375 0.53173828125 0.03125 0.005859375
4 0.6748046875 0.52587890625 0.029296875 0.005859375
48 0.67431640625 0.5 0.0341796875 0.0087890625
48 0.67724609375 0.4423828125 0.03515625 0.0078125
48 0.81884765625 0.44482421875 0.033203125 0.0078125
48 0.81494140625 0.50146484375 0.037109375 0.0078125
40 0.67626953125 0.4111328125 0.03125 0.009765625
40 0.6767578125 0.35888671875 0.0341796875 0.0078125
40 0.80859375 0.412109375 0.0361328125 0.0078125
40 0.81005859375 0.359375 0.0341796875 0.0068359375
20 0.66015625 0.31787109375 0.03515625 0.0078125
20 0.673828125 0.26025390625 0.03515625 0.0068359375
20 0.80029296875 0.33154296875 0.0341796875 0.0078125
20 0.81494140625 0.2724609375 0.03515625 0.0078125
47 0.65283203125 0.23876953125 0.03515625 0.0068359375
47 0.66357421875 0.18115234375 0.03515625 0.0078125
47 0.79541015625 0.24755859375 0.037109375 0.005859375
47 0.8037109375 0.189453125 0.029296875 0.0068359375
45 0.666015625 0.16162109375 0.03125 0.0078125
45 0.658203125 0.10302734375 0.03125 0.0078125
45 0.8076171875 0.1591796875 0.03125 0.0078125
45 0.80029296875 0.1015625 0.0302734375 0.005859375
16 0.58154296875 0.78466796875 0.033203125 0.005859375
16 0.56982421875 0.84375 0.033203125 0.0068359375
24 0.58056640625 0.75 0.0302734375 0.0078125
24 0.58740234375 0.697265625 0.03515625 0.0078125
23 0.59716796875 0.66064453125 0.037109375 0.009765625
23 0.595703125 0.60595703125 0.0361328125 0.009765625
34 0.59619140625 0.59228515625 0.0341796875 0.0078125
34 0.60595703125 0.53369140625 0.033203125 0.0087890625
0 0.59619140625 0.43798828125 0.03125 0.0087890625
0 0.611328125 0.494140625 0.0302734375 0.0078125
26 0.57861328125 0.35546875 0.03515625 0.0078125
26 0.5732421875 0.40771484375 0.03515625 0.009765625
21 0.59033203125 0.31689453125 0.0380859375 0.0078125
21 0.59375 0.25830078125 0.03515625 0.0068359375
52 0.5869140625 0.2353515625 0.033203125 0.0068359375
52 0.5869140625 0.18017578125 0.033203125 0.005859375
53 0.59228515625 0.1494140625 0.0283203125 0.0087890625
53 0.5869140625 0.09521484375 0.033203125 0.0078125
15 0.36962890625 0.8349609375 0.037109375 0.0078125
15 0.51611328125 0.84228515625 0.033203125 0.0078125
15 0.52978515625 0.78271484375 0.033203125 0.0078125
15 0.38037109375 0.775390625 0.033203125 0.0087890625
5 0.37646484375 0.74267578125 0.03515625 0.0078125
5 0.38720703125 0.68359375 0.029296875 0.005859375
5 0.52685546875 0.75048828125 0.029296875 0.0078125
5 0.5361328125 0.6904296875 0.0283203125 0.005859375
29 0.38916015625 0.6630859375 0.0361328125 0.0078125
29 0.53759765625 0.6650390625 0.033203125 0.005859375
29 0.541015625 0.6064453125 0.033203125 0.0078125
29 0.39306640625 0.6044921875 0.03515625 0.0078125
41 0.40576171875 0.5859375 0.033203125 0.005859375
41 0.41015625 0.53125 0.033203125 0.0048828125
41 0.54833984375 0.53564453125 0.0302734375 0.005859375
41 0.54345703125 0.5888671875 0.033203125 0.0078125
50 0.40234375 0.50048828125 0.03515625 0.005859375
50 0.39892578125 0.44140625 0.03515625 0.0078125
50 0.54638671875 0.44140625 0.029296875 0.0068359375
50 0.544921875 0.4990234375 0.03515625 0.0078125
43 0.37939453125 0.40185546875 0.037109375 0.0068359375
43 0.38916015625 0.3427734375 0.037109375 0.0078125
43 0.53466796875 0.35205078125 0.03515625 0.005859375
43 0.52490234375 0.41015625 0.03515625 0.0068359375
38 0.39111328125 0.3037109375 0.0361328125 0.0078125
38 0.3984375 0.248046875 0.0390625 0.009765625
38 0.52783203125 0.31201171875 0.04296875 0.009765625
38 0.5380859375 0.255859375 0.037109375 0.0078125
54 0.39501953125 0.22607421875 0.03515625 0.005859375
54 0.39794921875 0.17138671875 0.041015625 0.005859375
54 0.5322265625 0.22900390625 0.041015625 0.0087890625
54 0.53662109375 0.17431640625 0.03515625 0.0087890625
14 0.5439453125 0.154296875 0.0361328125 0.0087890625
14 0.54345703125 0.09521484375 0.0361328125 0.0087890625
14 0.39404296875 0.09326171875 0.037109375 0.0087890625
14 0.39697265625 0.15185546875 0.033203125 0.0078125
27 0.19775390625 0.19580078125 0.22265625 0.08984375