5 0.14599609375 0.03173828125 0.0341796875 0.009765625
5 0.1396484375 0.08349609375 0.037109375 0.009765625
30 0.1396484375 0.11962890625 0.03515625 0.009765625
30 0.12451171875 0.17138671875 0.03515625 0.0107421875
52 0.130859375 0.2119140625 0.0390625 0.0078125
52 0.125 0.26513671875 0.033203125 0.0078125
51 0.1142578125 0.30126953125 0.0390625 0.0078125
51 0.11083984375 0.35400390625 0.037109375 0.009765625
43 0.10693359375 0.39501953125 0.0380859375 0.0078125
43 0.11083984375 0.44677734375 0.0390625 0.0078125
29 0.1142578125 0.48193359375 0.03515625 0.0087890625
29 0.1171875 0.53369140625 0.0341796875 0.009765625
41 0.123046875 0.56298828125 0.03125 0.009765625
41 0.10498046875 0.61572265625 0.037109375 0.009765625
26 0.11572265625 0.65234375 0.0361328125 0.009765625
26 0.10888671875 0.7041015625 0.037109375 0.009765625
10 0.1064453125 0.79052734375 0.033203125 0.009765625
10 0.09912109375 0.73681640625 0.0341796875 0.0078125
37 0.10498046875 0.8642578125 0.03125 0.0078125
37 0.10107421875 0.8125 0.037109375 0.005859375
8 0.11376953125 0.9423828125 0.037109375 0.0068359375
8 0.111328125 0.89111328125 0.033203125 0.0078125
36 0.19287109375 0.0341796875 0.03515625 0.0087890625
36 0.19140625 0.0859375 0.0341796875 0.0078125
36 0.32470703125 0.02978515625 0.0390625 0.009765625
36 0.3212890625 0.08203125 0.0390625 0.0078125
33 0.328125 0.13525390625 0.041015625 0.0078125
33 0.31103515625 0.1875 0.037109375 0.009765625
33 0.19775390625 0.125 0.0361328125 0.0078125
33 0.18310546875 0.1767578125 0.03515625 0.0087890625
47 0.3193359375 0.21630859375 0.03515625 0.0078125
47 0.31298828125 0.26953125 0.041015625 0.0078125
47 0.18896484375 0.21435546875 0.0390625 0.0078125
47 0.18212890625 0.2666015625 0.0390625 0.0078125
54 0.29052734375 0.2998046875 0.041015625 0.0078125
54 0.283203125 0.35498046875 0.0361328125 0.0078125
54 0.15576171875 0.3505859375 0.03515625 0.0078125
54 0.162109375 0.296875 0.0390625 0.0078125
17 0.29052734375 0.39208984375 0.04296875 0.0078125
17 0.28759765625 0.44482421875 0.0380859375 0.0078125
17 0.158203125 0.44287109375 0.0380859375 0.0087890625
17 0.16015625 0.39111328125 0.0380859375 0.009765625
44 0.29443359375 0.478515625 0.0390625 0.009765625
44 0.2978515625 0.53125 0.041015625 0.0087890625
44 0.17041015625 0.53515625 0.0390625 0.009765625
44 0.1650390625 0.48291015625 0.0380859375 0.0078125
34 0.29541015625 0.57080078125 0.037109375 0.009765625
34 0.28955078125 0.6240234375 0.037109375 0.009765625
34 0.16650390625 0.5654296875 0.037109375 0.0078125
34 0.1591796875 0.6181640625 0.037109375 0.0078125
6 0.29541015625 0.6572265625 0.03515625 0.0078125
6 0.29296875 0.7109375 0.037109375 0.0087890625
6 0.16162109375 0.65625 0.03515625 0.009765625
6 0.16162109375 0.70849609375 0.0380859375 0.0078125
20 0.28076171875 0.734375 0.0390625 0.0078125
20 0.28466796875 0.78759765625 0.04296875 0.0087890625
20 0.1552734375 0.7900390625 0.0390625 0.009765625
20 0.1494140625 0.73828125 0.0390625 0.009765625
25 0.283203125 0.814453125 0.0419921875 0.0087890625
25 0.27978515625 0.8671875 0.0390625 0.0087890625
25 0.15380859375 0.810546875 0.0380859375 0.0078125
25 0.1513671875 0.8623046875 0.0390625 0.0078125
53 0.29296875 0.8935546875 0.0390625 0.0078125
53 0.30078125 0.94775390625 0.041015625 0.009765625
53 0.16845703125 0.94921875 0.0380859375 0.0078125
53 0.1630859375 0.8955078125 0.037109375 0.0078125