28 0.365234375 0.119140625 0.189453125 0.076171875
9 0.3017578125 0.13916015625 0.041015625 0.005859375
9 0.30712890625 0.08837890625 0.0380859375 0.0078125
9 0.4287109375 0.09619140625 0.04296875 0.0078125
9 0.42041015625 0.14697265625 0.041015625 0.0078125
13 0.5634765625 0.16064453125 0.0654296875 0.005859375
4 0.75 0.1572265625 0.041015625 0.009765625
4 0.740234375 0.10693359375 0.041015625 0.009765625
4 0.8623046875 0.10009765625 0.0400390625 0.009765625
4 0.873046875 0.150390625 0.041015625 0.0078125
7 0.67626953125 0.86376953125 0.04296875 0.0078125
7 0.69873046875 0.81689453125 0.041015625 0.009765625
7 0.79248046875 0.87890625 0.04296875 0.01171875
7 0.8134765625 0.83154296875 0.04296875 0.009765625
38 0.697265625 0.77734375 0.0478515625 0.0068359375
38 0.70947265625 0.72998046875 0.04296875 0.009765625
38 0.8115234375 0.78759765625 0.0400390625 0.0078125
38 0.82568359375 0.740234375 0.0390625 0.0068359375
8 0.71337890625 0.70458984375 0.04296875 0.0087890625
8 0.72802734375 0.65576171875 0.04296875 0.005859375
8 0.845703125 0.66650390625 0.0390625 0.009765625
8 0.83154296875 0.71435546875 0.0390625 0.0078125
29 0.72412109375 0.63232421875 0.0390625 0.005859375
29 0.7236328125 0.583984375 0.0419921875 0.0078125
29 0.8447265625 0.58447265625 0.0400390625 0.0078125
29 0.84326171875 0.6328125 0.04296875 0.0078125
35 0.720703125 0.56005859375 0.0390625 0.0068359375
35 0.7236328125 0.51123046875 0.0390625 0.0078125
35 0.84521484375 0.51318359375 0.041015625 0.0078125
35 0.84130859375 0.56201171875 0.04296875 0.0078125
50 0.72314453125 0.4794921875 0.041015625 0.0078125
50 0.7265625 0.43017578125 0.04296875 0.0078125
50 0.84619140625 0.431640625 0.0419921875 0.0078125
50 0.841796875 0.4814453125 0.0419921875 0.009765625
22 0.73876953125 0.4052734375 0.0419921875 0.0068359375
22 0.7470703125 0.35595703125 0.041015625 0.005859375
22 0.86669921875 0.36181640625 0.0390625 0.0078125
22 0.857421875 0.4111328125 0.0390625 0.0087890625
28 0.81298828125 0.12646484375 0.189453125 0.0771484375
28 0.58837890625 0.1357421875 0.1943359375 0.0712890625
25 0.74755859375 0.33740234375 0.0400390625 0.009765625
25 0.75439453125 0.287109375 0.04296875 0.0078125
25 0.87548828125 0.29345703125 0.041015625 0.0087890625
25 0.86572265625 0.3427734375 0.04296875 0.009765625
11 0.75 0.26025390625 0.041015625 0.009765625
11 0.75048828125 0.2099609375 0.0439453125 0.009765625
11 0.873046875 0.2099609375 0.0419921875 0.0087890625
11 0.87255859375 0.259765625 0.041015625 0.009765625
51 0.470703125 0.84423828125 0.04296875 0.009765625
51 0.486328125 0.79638671875 0.0390625 0.009765625
51 0.587890625 0.85546875 0.037109375 0.009765625
51 0.6025390625 0.80810546875 0.0419921875 0.009765625
49 0.48779296875 0.7724609375 0.0419921875 0.0078125
49 0.49951171875 0.72412109375 0.04296875 0.0087890625
49 0.60595703125 0.78271484375 0.0439453125 0.0078125
49 0.61865234375 0.73388671875 0.04296875 0.009765625
43 0.49951171875 0.7041015625 0.04296875 0.0107421875
43 0.50341796875 0.65478515625 0.041015625 0.0078125
43 0.6201171875 0.7060546875 0.0419921875 0.0087890625
43 0.62353515625 0.65673828125 0.041015625 0.0078125
3 0.505859375 0.6259765625 0.03515625 0.0068359375
3 0.51025390625 0.57763671875 0.037109375 0.0078125
3 0.6259765625 0.6298828125 0.041015625 0.005859375
3 0.6298828125 0.580078125 0.041015625 0.0078125
36 0.5107421875 0.5546875 0.0419921875 0.0078125
36 0.63134765625 0.5576171875 0.0400390625 0.0078125
36 0.5146484375 0.505859375 0.041015625 0.0078125
36 0.63720703125 0.5087890625 0.0419921875 0.0078125
5 0.5205078125 0.47900390625 0.041015625 0.0078125
5 0.5234375 0.4296875 0.041015625 0.009765625
5 0.6416015625 0.48193359375 0.041015625 0.0078125
5 0.64599609375 0.43212890625 0.0419921875 0.0078125
40 0.53466796875 0.4091796875 0.041015625 0.009765625
40 0.5341796875 0.359375 0.0400390625 0.0078125
40 0.65673828125 0.3583984375 0.041015625 0.0087890625
40 0.6572265625 0.408203125 0.044921875 0.009765625
45 0.5458984375 0.34716796875 0.044921875 0.0107421875
45 0.53125 0.29833984375 0.041015625 0.0107421875
45 0.6650390625 0.3369140625 0.044921875 0.01171875
45 0.65087890625 0.287109375 0.0419921875 0.0107421875
6 0.53466796875 0.2646484375 0.041015625 0.009765625
6 0.52587890625 0.2138671875 0.04296875 0.009765625
6 0.64892578125 0.2080078125 0.0400390625 0.0107421875
6 0.65771484375 0.25830078125 0.041015625 0.009765625
1 0.33203125 0.41845703125 0.0419921875 0.0087890625
1 0.45458984375 0.42236328125 0.0419921875 0.009765625
1 0.33642578125 0.36865234375 0.0400390625 0.0078125
1 0.458984375 0.37255859375 0.0390625 0.0078125
41 0.32373046875 0.341796875 0.0439453125 0.0068359375
41 0.33056640625 0.29248046875 0.0458984375 0.0087890625
41 0.447265625 0.349609375 0.037109375 0.0078125
41 0.45654296875 0.29931640625 0.0380859375 0.0078125
48 0.322265625 0.26318359375 0.041015625 0.0087890625
48 0.44482421875 0.26220703125 0.041015625 0.0107421875
48 0.318359375 0.21240234375 0.04296875 0.009765625
48 0.443359375 0.21142578125 0.04296875 0.009765625