44 0.55615234375 0.1005859375 0.0419921875 0.009765625
44 0.43896484375 0.08740234375 0.044921875 0.0107421875
44 0.53662109375 0.1484375 0.0439453125 0.0107421875
44 0.41943359375 0.13427734375 0.04296875 0.01171875
20 0.541015625 0.16943359375 0.04296875 0.005859375
20 0.5302734375 0.21728515625 0.0390625 0.0078125
20 0.421875 0.162109375 0.0390625 0.0078125
20 0.4111328125 0.21044921875 0.037109375 0.0078125
15 0.5302734375 0.2490234375 0.0419921875 0.0078125
15 0.51708984375 0.29736328125 0.0400390625 0.009765625
15 0.41162109375 0.23974609375 0.041015625 0.009765625
15 0.3994140625 0.28759765625 0.0390625 0.009765625
21 0.50439453125 0.31884765625 0.044921875 0.0078125
21 0.509765625 0.3671875 0.0419921875 0.009765625
21 0.3896484375 0.3740234375 0.0390625 0.0078125
21 0.38330078125 0.32470703125 0.041015625 0.0078125
31 0.49267578125 0.396484375 0.0419921875 0.0078125
31 0.490234375 0.44580078125 0.0419921875 0.0087890625
31 0.3701171875 0.443359375 0.041015625 0.009765625
31 0.3720703125 0.39501953125 0.041015625 0.0078125
46 0.486328125 0.46923828125 0.046875 0.0087890625
46 0.49072265625 0.5185546875 0.044921875 0.0078125
46 0.37060546875 0.51904296875 0.0419921875 0.0078125
46 0.3671875 0.47021484375 0.037109375 0.009765625
33 0.47998046875 0.54150390625 0.04296875 0.0078125
33 0.47607421875 0.5908203125 0.0400390625 0.0078125
33 0.35498046875 0.587890625 0.0390625 0.0078125
33 0.3583984375 0.53857421875 0.041015625 0.0078125
32 0.4755859375 0.61181640625 0.0419921875 0.0078125
32 0.474609375 0.66162109375 0.0419921875 0.0078125
32 0.35205078125 0.66015625 0.041015625 0.0078125
32 0.35302734375 0.6103515625 0.0419921875 0.005859375
14 0.4755859375 0.68701171875 0.0439453125 0.0078125
14 0.46875 0.73828125 0.04296875 0.0078125
14 0.34814453125 0.73095703125 0.04296875 0.009765625
14 0.35595703125 0.681640625 0.041015625 0.0078125
37 0.478515625 0.7646484375 0.044921875 0.009765625
37 0.35595703125 0.765625 0.0400390625 0.0087890625
37 0.4794921875 0.8154296875 0.04296875 0.0078125
37 0.35693359375 0.81591796875 0.04296875 0.009765625
13 0.439453125 0.84375 0.0673828125 0.0078125
18 0.771484375 0.1171875 0.044921875 0.0087890625
18 0.75341796875 0.1630859375 0.044921875 0.0078125
18 0.6552734375 0.10205078125 0.0390625 0.0087890625
18 0.63671875 0.1494140625 0.041015625 0.0107421875
17 0.74755859375 0.181640625 0.04296875 0.0078125
17 0.74755859375 0.22998046875 0.041015625 0.0078125
17 0.62646484375 0.2294921875 0.0390625 0.0087890625
17 0.62744140625 0.1806640625 0.0390625 0.0078125
34 0.74169921875 0.24951171875 0.0390625 0.0087890625
34 0.7333984375 0.298828125 0.041015625 0.0078125
34 0.609375 0.2919921875 0.0390625 0.0078125
34 0.62060546875 0.24267578125 0.0400390625 0.0078125
47 0.7255859375 0.3212890625 0.046875 0.0078125
47 0.7216796875 0.37060546875 0.0439453125 0.0087890625
47 0.6005859375 0.36767578125 0.0390625 0.009765625
47 0.60595703125 0.3193359375 0.0439453125 0.0087890625
10 0.71826171875 0.3935546875 0.0439453125 0.009765625
10 0.71484375 0.4423828125 0.0419921875 0.0087890625
10 0.59375 0.43994140625 0.044921875 0.0078125
10 0.5986328125 0.39013671875 0.04296875 0.0078125
0 0.71240234375 0.46826171875 0.04296875 0.0087890625
0 0.7041015625 0.517578125 0.04296875 0.0107421875
0 0.58203125 0.51220703125 0.04296875 0.0087890625
0 0.59130859375 0.46337890625 0.04296875 0.0078125
24 0.70263671875 0.54150390625 0.044921875 0.0087890625
24 0.7041015625 0.591796875 0.04296875 0.0078125
24 0.5830078125 0.59130859375 0.04296875 0.0087890625
24 0.58203125 0.54150390625 0.041015625 0.009765625
13 0.6513671875 0.61669921875 0.0673828125 0.0078125
54 0.6953125 0.685546875 0.0478515625 0.0087890625
54 0.69189453125 0.7373046875 0.046875 0.0068359375
54 0.56982421875 0.73388671875 0.044921875 0.009765625
54 0.57421875 0.68310546875 0.044921875 0.0078125
53 0.6884765625 0.75927734375 0.04296875 0.0087890625
53 0.5654296875 0.76611328125 0.04296875 0.009765625
53 0.69970703125 0.81005859375 0.044921875 0.01171875
53 0.57568359375 0.8173828125 0.044921875 0.009765625
9 0.701171875 0.84375 0.044921875 0.0087890625
9 0.69921875 0.89501953125 0.0419921875 0.009765625
9 0.57275390625 0.89013671875 0.044921875 0.0078125
9 0.580078125 0.83984375 0.041015625 0.0068359375
4 0.25 0.84423828125 0.0439453125 0.009765625
4 0.25830078125 0.89501953125 0.0390625 0.009765625
4 0.12646484375 0.85205078125 0.0390625 0.01171875
4 0.13525390625 0.9013671875 0.041015625 0.009765625
28 0.1875 0.87451171875 0.1875 0.080078125