27 0.2705078125 0.84375 0.0859375 0.228515625
27 0.05419921875 0.830078125 0.0859375 0.220703125
27 0.056640625 0.58447265625 0.087890625 0.21875
27 0.275390625 0.59130859375 0.083984375 0.212890625
28 0.16162109375 0.82763671875 0.0869140625 0.21484375
3 0.18701171875 0.90576171875 0.009765625 0.044921875
3 0.130859375 0.90380859375 0.0087890625 0.0390625
3 0.19091796875 0.75830078125 0.0078125 0.041015625
3 0.1357421875 0.76025390625 0.0087890625 0.037109375
18 0.177734375 0.64794921875 0.009765625 0.041015625
18 0.12255859375 0.65234375 0.009765625 0.044921875
18 0.17724609375 0.51025390625 0.009765625 0.041015625
18 0.12353515625 0.515625 0.0078125 0.041015625