53 0.9658203125 0.22900390625 0.009765625 0.0380859375
53 0.91357421875 0.23095703125 0.009765625 0.0341796875
53 0.95654296875 0.08935546875 0.009765625 0.0322265625
53 0.9052734375 0.0947265625 0.009765625 0.03515625
50 0.88671875 0.23583984375 0.0078125 0.03515625
50 0.8349609375 0.2412109375 0.0087890625 0.037109375
50 0.87744140625 0.09619140625 0.009765625 0.0361328125
50 0.8251953125 0.10107421875 0.009765625 0.033203125
0 0.8037109375 0.24365234375 0.009765625 0.0341796875
0 0.75146484375 0.248046875 0.009765625 0.03515625
0 0.79541015625 0.10205078125 0.0087890625 0.03125
0 0.74462890625 0.10595703125 0.009765625 0.03125
8 0.72021484375 0.24951171875 0.005859375 0.0302734375
8 0.66748046875 0.251953125 0.005859375 0.03125
8 0.7158203125 0.10888671875 0.0078125 0.0302734375
8 0.66357421875 0.11083984375 0.005859375 0.0302734375
25 0.64453125 0.25390625 0.0087890625 0.0341796875
25 0.59228515625 0.2568359375 0.0078125 0.0341796875
25 0.58837890625 0.1181640625 0.0078125 0.0341796875
25 0.640625 0.11376953125 0.0087890625 0.0322265625
54 0.56298828125 0.25537109375 0.0078125 0.03515625
54 0.51171875 0.259765625 0.0068359375 0.033203125
54 0.55810546875 0.115234375 0.0078125 0.033203125
54 0.50634765625 0.119140625 0.0078125 0.03515625
10 0.4775390625 0.25537109375 0.0087890625 0.033203125
10 0.42431640625 0.2578125 0.0068359375 0.0322265625
10 0.47314453125 0.11376953125 0.0087890625 0.03125
10 0.42138671875 0.11669921875 0.0078125 0.03125
26 0.396484375 0.25927734375 0.0087890625 0.0341796875
26 0.34326171875 0.26220703125 0.0087890625 0.033203125
26 0.3955078125 0.12060546875 0.0078125 0.033203125
26 0.3427734375 0.12158203125 0.0078125 0.033203125
12 0.3154296875 0.267578125 0.009765625 0.0322265625
12 0.2626953125 0.27001953125 0.0078125 0.033203125
12 0.3154296875 0.126953125 0.0068359375 0.033203125
12 0.26318359375 0.12646484375 0.0078125 0.03125
1 0.23681640625 0.27685546875 0.0068359375 0.03515625
1 0.1845703125 0.27978515625 0.0078125 0.0341796875
1 0.23779296875 0.13330078125 0.0078125 0.033203125
1 0.18603515625 0.13525390625 0.005859375 0.0302734375
21 0.15673828125 0.2763671875 0.0078125 0.0361328125
21 0.10400390625 0.27197265625 0.0068359375 0.03515625
21 0.162109375 0.134765625 0.0078125 0.033203125
21 0.109375 0.1318359375 0.0078125 0.03515625
15 0.07470703125 0.275390625 0.0078125 0.0380859375
15 0.021484375 0.27294921875 0.0087890625 0.037109375
15 0.08203125 0.134765625 0.0078125 0.037109375
15 0.0283203125 0.1318359375 0.0087890625 0.0361328125
47 0.97705078125 0.4365234375 0.009765625 0.0380859375
47 0.9716796875 0.2939453125 0.0087890625 0.03515625
47 0.9189453125 0.29296875 0.0087890625 0.037109375
47 0.923828125 0.43359375 0.0087890625 0.0390625
19 0.89697265625 0.44921875 0.009765625 0.0380859375
19 0.84375 0.451171875 0.009765625 0.03515625
19 0.88916015625 0.30615234375 0.009765625 0.0341796875
19 0.83740234375 0.30859375 0.0087890625 0.033203125
46 0.81298828125 0.4658203125 0.0068359375 0.037109375
46 0.75830078125 0.46533203125 0.0068359375 0.0380859375
46 0.8095703125 0.32080078125 0.0087890625 0.0361328125
46 0.7568359375 0.3203125 0.0078125 0.0390625
44 0.732421875 0.46875 0.009765625 0.03515625
44 0.67919921875 0.47119140625 0.0078125 0.037109375
44 0.72705078125 0.32275390625 0.009765625 0.0390625
44 0.67431640625 0.32666015625 0.0087890625 0.037109375
9 0.64501953125 0.47802734375 0.0078125 0.033203125
9 0.591796875 0.47705078125 0.0078125 0.03125
9 0.64404296875 0.33154296875 0.0087890625 0.033203125
9 0.59033203125 0.33349609375 0.0078125 0.033203125
20 0.56494140625 0.49072265625 0.0078125 0.0380859375
20 0.51123046875 0.49169921875 0.0068359375 0.0390625
20 0.564453125 0.3486328125 0.0078125 0.03515625
20 0.5126953125 0.3466796875 0.005859375 0.03515625
22 0.47705078125 0.48681640625 0.0078125 0.03515625
22 0.4248046875 0.48193359375 0.0087890625 0.0361328125
22 0.48193359375 0.34521484375 0.0087890625 0.03515625
22 0.42919921875 0.33935546875 0.009765625 0.03515625
37 0.39306640625 0.48095703125 0.0078125 0.037109375
37 0.34033203125 0.47705078125 0.0078125 0.03515625
37 0.34375 0.333984375 0.0078125 0.03515625
37 0.39697265625 0.33740234375 0.0078125 0.033203125
29 0.3154296875 0.49169921875 0.0078125 0.037109375
29 0.26171875 0.49072265625 0.0087890625 0.033203125
29 0.265625 0.34521484375 0.0078125 0.03515625
29 0.318359375 0.3466796875 0.0078125 0.0341796875
30 0.22998046875 0.4951171875 0.0078125 0.0361328125
30 0.17578125 0.4990234375 0.0078125 0.037109375
30 0.1767578125 0.35302734375 0.0068359375 0.03515625
30 0.22998046875 0.35009765625 0.0078125 0.0361328125
7 0.14306640625 0.5029296875 0.0078125 0.0380859375
7 0.09033203125 0.5068359375 0.0087890625 0.0361328125
7 0.0927734375 0.35791015625 0.0087890625 0.0322265625
7 0.1455078125 0.35546875 0.0078125 0.0341796875
14 0.06103515625 0.494140625 0.0107421875 0.0400390625
14 0.00634765625 0.48779296875 0.009765625 0.041015625
14 0.07080078125 0.349609375 0.009765625 0.037109375
14 0.01708984375 0.34423828125 0.009765625 0.03515625
27 0.09765625 0.87255859375 0.08984375 0.2236328125
28 0.20361328125 0.87060546875 0.0888671875 0.22265625
38 0.2265625 0.94775390625 0.009765625 0.0361328125
38 0.1708984375 0.939453125 0.0087890625 0.0361328125
38 0.23681640625 0.79345703125 0.009765625 0.037109375
38 0.18115234375 0.78515625 0.009765625 0.0341796875
27 0.20458984375 0.642578125 0.0830078125 0.2060546875