1 0.3330078125 0.06689453125 0.03125 0.005859375
1 0.3212890625 0.125 0.03125 0.0078125
1 0.18896484375 0.06396484375 0.03125 0.0078125
1 0.18017578125 0.12158203125 0.033203125 0.005859375
53 0.3134765625 0.1513671875 0.03515625 0.0078125
53 0.3076171875 0.20263671875 0.033203125 0.0078125
53 0.1845703125 0.1484375 0.029296875 0.0078125
53 0.17626953125 0.20068359375 0.03515625 0.0068359375
51 0.30419921875 0.23681640625 0.0380859375 0.0087890625
51 0.2998046875 0.291015625 0.037109375 0.0087890625
51 0.166015625 0.23583984375 0.037109375 0.009765625
51 0.1630859375 0.28955078125 0.03515625 0.0078125
41 0.29736328125 0.314453125 0.0322265625 0.005859375
41 0.28955078125 0.36669921875 0.0302734375 0.0068359375
41 0.16455078125 0.310546875 0.03125 0.00390625
41 0.15869140625 0.36328125 0.029296875 0.0078125
3 0.28955078125 0.39990234375 0.0302734375 0.0078125
3 0.28564453125 0.45751953125 0.029296875 0.0078125
3 0.14697265625 0.3974609375 0.03125 0.0078125
3 0.142578125 0.455078125 0.03125 0.005859375
4 0.27880859375 0.4833984375 0.033203125 0.0068359375
4 0.2783203125 0.541015625 0.033203125 0.0068359375
4 0.1357421875 0.4833984375 0.0283203125 0.0078125
4 0.13525390625 0.54052734375 0.0302734375 0.0068359375
13 0.2529296875 0.5693359375 0.05859375 0.005859375
13 0.13916015625 0.5654296875 0.056640625 0.005859375
13 0.13134765625 0.61865234375 0.0595703125 0.005859375
13 0.24560546875 0.62353515625 0.060546875 0.0078125
16 0.2666015625 0.658203125 0.0361328125 0.0078125
16 0.26416015625 0.716796875 0.033203125 0.0087890625
16 0.12255859375 0.7119140625 0.033203125 0.009765625
16 0.12548828125 0.65478515625 0.0341796875 0.009765625
37 0.27197265625 0.744140625 0.03515625 0.0078125
37 0.27099609375 0.802734375 0.033203125 0.0068359375
37 0.1298828125 0.7412109375 0.0322265625 0.0068359375
37 0.12841796875 0.79833984375 0.0322265625 0.0078125
36 0.27587890625 0.83056640625 0.033203125 0.0068359375
36 0.13427734375 0.830078125 0.0322265625 0.0078125
36 0.1376953125 0.88720703125 0.0322265625 0.0078125
36 0.28076171875 0.8876953125 0.033203125 0.0068359375
2 0.28173828125 0.91943359375 0.033203125 0.0078125
2 0.13720703125 0.9169921875 0.03125 0.0087890625
2 0.1396484375 0.97509765625 0.029296875 0.0087890625
2 0.28466796875 0.9775390625 0.0302734375 0.005859375
23 0.54931640625 0.07275390625 0.0380859375 0.009765625
23 0.541015625 0.1259765625 0.037109375 0.0087890625
23 0.3994140625 0.12548828125 0.037109375 0.009765625
23 0.4072265625 0.07275390625 0.0390625 0.009765625
35 0.533203125 0.15283203125 0.03515625 0.0078125
35 0.533203125 0.212890625 0.03515625 0.0068359375
35 0.38427734375 0.21435546875 0.03515625 0.0068359375
35 0.384765625 0.15478515625 0.0322265625 0.0087890625
6 0.53369140625 0.23583984375 0.0361328125 0.0068359375
6 0.5263671875 0.294921875 0.0322265625 0.0068359375
6 0.3779296875 0.291015625 0.03125 0.005859375
6 0.38671875 0.232421875 0.03515625 0.0078125
14 0.51953125 0.31201171875 0.03515625 0.0078125
14 0.52001953125 0.37109375 0.03515625 0.0078125
14 0.375 0.31396484375 0.0322265625 0.0078125
14 0.3759765625 0.37255859375 0.03515625 0.0078125
9 0.51806640625 0.408203125 0.0361328125 0.0078125
9 0.517578125 0.46240234375 0.037109375 0.009765625
9 0.37646484375 0.462890625 0.037109375 0.0087890625
9 0.37646484375 0.408203125 0.03515625 0.0087890625
20 0.5107421875 0.4873046875 0.03515625 0.0078125
20 0.50537109375 0.54541015625 0.0390625 0.009765625
20 0.36572265625 0.4833984375 0.037109375 0.0087890625
20 0.361328125 0.54150390625 0.0341796875 0.0078125
26 0.49951171875 0.587890625 0.037109375 0.0068359375
26 0.498046875 0.64013671875 0.03515625 0.0078125
26 0.3642578125 0.583984375 0.037109375 0.0078125
26 0.3623046875 0.63671875 0.033203125 0.0068359375
21 0.501953125 0.66162109375 0.03515625 0.0078125
21 0.35546875 0.66015625 0.0322265625 0.0068359375
21 0.35498046875 0.71923828125 0.03515625 0.0078125
21 0.5009765625 0.720703125 0.03515625 0.0078125
17 0.50146484375 0.74951171875 0.03515625 0.0068359375
17 0.50048828125 0.80908203125 0.03515625 0.0068359375
17 0.35546875 0.74609375 0.0322265625 0.0078125
17 0.3544921875 0.8046875 0.033203125 0.0078125
54 0.49072265625 0.83984375 0.0341796875 0.0078125
54 0.48828125 0.89404296875 0.03515625 0.0068359375
54 0.35498046875 0.8349609375 0.0322265625 0.0078125
54 0.35107421875 0.88818359375 0.03125 0.0068359375
52 0.49169921875 0.923828125 0.033203125 0.005859375
52 0.4921875 0.978515625 0.03515625 0.0068359375
52 0.3564453125 0.9189453125 0.037109375 0.005859375
52 0.3564453125 0.97314453125 0.03125 0.0078125
38 0.76953125 0.07470703125 0.041015625 0.01171875
38 0.75634765625 0.13134765625 0.04296875 0.0087890625
38 0.6259765625 0.07080078125 0.0390625 0.009765625
38 0.6142578125 0.12646484375 0.0439453125 0.0107421875
48 0.7626953125 0.15625 0.037109375 0.009765625
48 0.75634765625 0.2158203125 0.0400390625 0.0087890625
48 0.611328125 0.15478515625 0.0380859375 0.009765625
48 0.60400390625 0.21337890625 0.0390625 0.0087890625
32 0.75390625 0.23828125 0.041015625 0.0078125
32 0.75390625 0.2978515625 0.03515625 0.005859375
32 0.60107421875 0.24267578125 0.03515625 0.0078125
32 0.60302734375 0.30126953125 0.03515625 0.0078125
49 0.75048828125 0.32275390625 0.03515625 0.0068359375
49 0.74609375 0.38232421875 0.0390625 0.0068359375
49 0.59912109375 0.322265625 0.0341796875 0.0078125
49 0.595703125 0.38134765625 0.03515625 0.0078125
43 0.74853515625 0.4130859375 0.037109375 0.0078125
43 0.73828125 0.47216796875 0.03515625 0.0068359375
43 0.599609375 0.4052734375 0.037109375 0.0078125
43 0.5908203125 0.46435546875 0.0361328125 0.0068359375
50 0.7353515625 0.50048828125 0.0380859375 0.0078125
50 0.72509765625 0.560546875 0.03515625 0.0087890625
50 0.576171875 0.552734375 0.033203125 0.0087890625
50 0.58447265625 0.494140625 0.03515625 0.0078125
47 0.73193359375 0.59326171875 0.03515625 0.005859375
47 0.5810546875 0.58984375 0.037109375 0.0078125
47 0.578125 0.64990234375 0.037109375 0.0078125
47 0.72900390625 0.65380859375 0.041015625 0.0078125
46 0.72265625 0.67822265625 0.0390625 0.009765625
46 0.5703125 0.66943359375 0.0361328125 0.0078125
46 0.564453125 0.728515625 0.037109375 0.009765625
46 0.71484375 0.7373046875 0.0400390625 0.0087890625
34 0.71630859375 0.75732421875 0.033203125 0.0068359375
34 0.7138671875 0.81640625 0.03515625 0.0078125
34 0.5654296875 0.7509765625 0.03515625 0.0068359375
34 0.56103515625 0.81005859375 0.033203125 0.0078125
31 0.71240234375 0.84033203125 0.033203125 0.0078125
31 0.716796875 0.900390625 0.03515625 0.0078125
31 0.55908203125 0.83935546875 0.033203125 0.0078125
31 0.5625 0.8994140625 0.033203125 0.0078125
22 0.7138671875 0.93017578125 0.037109375 0.0078125
22 0.716796875 0.99072265625 0.03515625 0.0078125
22 0.56640625 0.98828125 0.0322265625 0.0068359375
22 0.56396484375 0.9287109375 0.0341796875 0.0068359375