11 0.515625 0.7783203125 0.0078125 0.03515625
18 0.5693359375 0.4423828125 0.0087890625 0.037109375
18 0.56787109375 0.576171875 0.0078125 0.037109375
18 0.52001953125 0.43896484375 0.0078125 0.03515625
11 0.5634765625 0.791015625 0.0087890625 0.0341796875
18 0.515625 0.5732421875 0.0087890625 0.0380859375
19 0.49560546875 0.43212890625 0.0078125 0.037109375
11 0.57177734375 0.65478515625 0.0078125 0.0341796875
19 0.4912109375 0.56884765625 0.0087890625 0.0380859375
19 0.447265625 0.42822265625 0.0078125 0.037109375
24 0.42529296875 0.4296875 0.0078125 0.04296875
24 0.37646484375 0.42529296875 0.0078125 0.037109375
13 0.3583984375 0.431640625 0.009765625 0.0205078125
13 0.30859375 0.41845703125 0.009765625 0.017578125
11 0.52294921875 0.642578125 0.0078125 0.03515625