2 0.34765625 0.572265625 0.01171875 0.0458984375
43 0.15673828125 0.7646484375 0.013671875 0.052734375
43 0.0673828125 0.763671875 0.01171875 0.0537109375
2 0.43310546875 0.5791015625 0.01171875 0.046875
21 0.322265625 0.19775390625 0.01171875 0.052734375
49 0.302734375 0.62890625 0.0126953125 0.0498046875
21 0.23486328125 0.19287109375 0.0107421875 0.052734375
15 0.34228515625 0.42919921875 0.01171875 0.048828125
35 0.4482421875 0.62060546875 0.0107421875 0.0478515625
49 0.181640625 0.82568359375 0.013671875 0.05078125
49 0.2216796875 0.58984375 0.0146484375 0.05078125
2 0.33984375 0.82080078125 0.013671875 0.05078125
49 0.26708984375 0.8623046875 0.013671875 0.05078125
2 0.42626953125 0.8232421875 0.01171875 0.048828125
21 0.314453125 0.44189453125 0.009765625 0.048828125
13 0.36669921875 0.45361328125 0.01171875 0.025390625
13 0.44921875 0.4580078125 0.013671875 0.025390625
13 0.4541015625 0.20068359375 0.013671875 0.0234375
13 0.37109375 0.19384765625 0.013671875 0.0234375
13 0.37060546875 0.24365234375 0.009765625 0.0693359375
13 0.45263671875 0.25 0.0087890625 0.0673828125
13 0.44921875 0.4111328125 0.009765625 0.06640625
13 0.36865234375 0.40478515625 0.0087890625 0.06640625
21 0.22607421875 0.43310546875 0.013671875 0.05078125