23 0.78759765625 0.67919921875 0.0517578125 0.0126953125
49 0.4501953125 0.8994140625 0.0546875 0.013671875
23 0.82763671875 0.76904296875 0.052734375 0.015625
49 0.6943359375 0.79638671875 0.0546875 0.013671875
3 0.3916015625 0.72265625 0.05078125 0.0146484375
3 0.63134765625 0.68212890625 0.052734375 0.015625
49 0.4404296875 0.81005859375 0.0546875 0.0126953125
49 0.708984375 0.888671875 0.0546875 0.013671875
46 0.8828125 0.4423828125 0.048828125 0.0146484375
32 0.77587890625 0.9833984375 0.052734375 0.0126953125
3 0.34912109375 0.63720703125 0.05078125 0.01171875
46 0.60205078125 0.41650390625 0.046875 0.015625
46 0.8232421875 0.3681640625 0.048828125 0.015625
3 0.587890625 0.60009765625 0.0546875 0.015625
46 0.6572265625 0.49267578125 0.048828125 0.015625
35 0.263671875 0.4775390625 0.05078125 0.013671875
51 0.3564453125 0.6025390625 0.052734375 0.01171875
1 0.7919921875 0.96044921875 0.05078125 0.0126953125
32 0.51416015625 0.99560546875 0.056640625 0.0087890625
35 0.4873046875 0.4296875 0.048828125 0.0185546875
1 0.53515625 0.96630859375 0.052734375 0.013671875
35 0.54150390625 0.5029296875 0.048828125 0.015625
35 0.3154296875 0.5537109375 0.0537109375 0.017578125
13 0.72607421875 0.64013671875 0.0244140625 0.0146484375
13 0.68017578125 0.55859375 0.021484375 0.017578125
13 0.9326171875 0.5166015625 0.0234375 0.015625
13 0.982421875 0.59619140625 0.025390625 0.015625
13 0.93359375 0.60498046875 0.0673828125 0.013671875
13 0.77587890625 0.63134765625 0.064453125 0.013671875
13 0.72802734375 0.55126953125 0.064453125 0.0166015625
13 0.88623046875 0.5244140625 0.0625 0.0166015625
43 0.95654296875 0.923828125 0.052734375 0.0205078125
43 0.87646484375 0.84228515625 0.046875 0.0205078125
42 0.4375 0.7802734375 0.052734375 0.017578125
34 0.326171875 0.8447265625 0.0302734375 0.033203125
34 0.17138671875 0.86767578125 0.025390625 0.03125
34 0.1171875 0.72216796875 0.0283203125 0.03125
34 0.271484375 0.69921875 0.0263671875 0.03125
29 0.24462890625 0.642578125 0.029296875 0.03125
29 0.09814453125 0.6689453125 0.0341796875 0.0302734375
29 0.02880859375 0.53466796875 0.0341796875 0.0302734375
29 0.17236328125 0.5068359375 0.029296875 0.0302734375