42 0.1611328125 0.302734375 0.017578125 0.05859375
27 0.18701171875 0.5869140625 0.1572265625 0.349609375
42 0.24755859375 0.3125 0.0166015625 0.05859375
42 0.2568359375 0.07177734375 0.015625 0.05859375
42 0.166015625 0.06396484375 0.015625 0.052734375
30 0.4384765625 0.1201171875 0.0126953125 0.060546875
48 0.45458984375 0.7177734375 0.0126953125 0.056640625
30 0.337890625 0.33251953125 0.01171875 0.05859375
48 0.4677734375 0.490234375 0.013671875 0.056640625
48 0.53857421875 0.7314453125 0.013671875 0.0625
20 0.568359375 0.125 0.01171875 0.0595703125
30 0.35205078125 0.09765625 0.013671875 0.0625
30 0.42529296875 0.35546875 0.01171875 0.0546875
20 0.5771484375 0.35546875 0.0126953125 0.0595703125
27 0.36669921875 0.60400390625 0.123046875 0.3525390625
20 0.4970703125 0.3671875 0.013671875 0.056640625
48 0.55078125 0.5078125 0.013671875 0.05859375
20 0.4873046875 0.1357421875 0.01171875 0.0654296875
40 0.4697265625 0.3486328125 0.01171875 0.0537109375
12 0.29443359375 0.6943359375 0.017578125 0.05078125
12 0.126953125 0.50390625 0.0234375 0.0595703125