23 0.32080078125 0.78759765625 0.0126953125 0.0517578125
23 0.23095703125 0.8271484375 0.015625 0.052734375
49 0.10009765625 0.4501953125 0.013671875 0.0537109375
51 0.30859375 0.5859375 0.013671875 0.052734375
51 0.30810546875 0.3427734375 0.01171875 0.052734375
51 0.39697265625 0.345703125 0.01171875 0.052734375
51 0.39794921875 0.58447265625 0.013671875 0.05078125
49 0.2041015625 0.6943359375 0.0126953125 0.0546875
49 0.111328125 0.708984375 0.0126953125 0.0546875
46 0.5576171875 0.8828125 0.0146484375 0.048828125
49 0.18994140625 0.43994140625 0.0126953125 0.056640625
32 0.0166015625 0.775390625 0.0126953125 0.052734375
46 0.58349609375 0.6025390625 0.015625 0.0458984375
46 0.6318359375 0.8232421875 0.015625 0.048828125
35 0.49609375 0.54052734375 0.0146484375 0.048828125
35 0.44580078125 0.31494140625 0.0166015625 0.052734375
42 0.21923828125 0.43505859375 0.015625 0.05859375
1 0.0390625 0.79541015625 0.01171875 0.05078125
35 0.52294921875 0.26416015625 0.013671875 0.05078125
35 0.56982421875 0.4873046875 0.017578125 0.048828125
46 0.50732421875 0.6572265625 0.015625 0.048828125
32 0.00439453125 0.51416015625 0.0078125 0.0576171875
1 0.03515625 0.53271484375 0.0126953125 0.052734375
43 0.076171875 0.9560546875 0.0234375 0.044921875
43 0.15771484375 0.87548828125 0.0234375 0.0478515625
34 0.1552734375 0.3271484375 0.0302734375 0.029296875
34 0.1328125 0.17041015625 0.0302734375 0.0283203125
34 0.2783203125 0.11767578125 0.029296875 0.0244140625
34 0.2998046875 0.2705078125 0.03125 0.029296875
29 0.359375 0.24609375 0.029296875 0.03125
29 0.33154296875 0.0947265625 0.029296875 0.033203125
29 0.4658203125 0.02685546875 0.0302734375 0.029296875
29 0.49169921875 0.1748046875 0.02734375 0.0302734375
13 0.3603515625 0.7265625 0.013671875 0.021484375
13 0.44189453125 0.681640625 0.015625 0.021484375
13 0.40283203125 0.98388671875 0.015625 0.0234375
13 0.48388671875 0.93359375 0.013671875 0.025390625
13 0.39404296875 0.93603515625 0.013671875 0.068359375
13 0.3681640625 0.77587890625 0.013671875 0.0693359375
13 0.44921875 0.7294921875 0.013671875 0.06640625
13 0.4755859375 0.8837890625 0.015625 0.0625