23 0.32080078125 0.78759765625 0.013671875 0.0517578125
51 0.40185546875 0.5625 0.0126953125 0.046875
49 0.10009765625 0.44970703125 0.013671875 0.0537109375
23 0.23095703125 0.82763671875 0.015625 0.052734375
46 0.5576171875 0.8828125 0.0146484375 0.048828125
49 0.11083984375 0.70947265625 0.0126953125 0.0546875
51 0.31787109375 0.58935546875 0.013671875 0.052734375
49 0.20361328125 0.69482421875 0.0126953125 0.052734375
51 0.38330078125 0.32763671875 0.01171875 0.052734375
46 0.6337890625 0.82568359375 0.015625 0.048828125
32 0.01806640625 0.77685546875 0.01171875 0.052734375
49 0.189453125 0.43896484375 0.01171875 0.0556640625
51 0.294921875 0.34716796875 0.01171875 0.05078125
46 0.5849609375 0.603515625 0.015625 0.046875
1 0.033203125 0.53515625 0.01171875 0.052734375
1 0.03955078125 0.79150390625 0.01171875 0.0517578125
32 0.00439453125 0.513671875 0.0078125 0.056640625
35 0.5703125 0.4873046875 0.017578125 0.05078125
35 0.49560546875 0.53955078125 0.015625 0.048828125
46 0.50732421875 0.65673828125 0.015625 0.05078125
35 0.4453125 0.31494140625 0.017578125 0.046875
35 0.52294921875 0.2607421875 0.0185546875 0.046875
42 0.2197265625 0.4375 0.017578125 0.0537109375
43 0.07470703125 0.95703125 0.01953125 0.046875
43 0.1572265625 0.875 0.017578125 0.0458984375
13 0.3603515625 0.7275390625 0.013671875 0.021484375
13 0.44091796875 0.6806640625 0.013671875 0.0234375
13 0.3701171875 0.7744140625 0.0146484375 0.06640625
13 0.4501953125 0.728515625 0.015625 0.0634765625
13 0.39501953125 0.935546875 0.017578125 0.064453125
13 0.47412109375 0.88671875 0.013671875 0.064453125
13 0.40283203125 0.98388671875 0.013671875 0.0234375
13 0.48193359375 0.93310546875 0.015625 0.025390625