15 0.37451171875 0.18994140625 0.01171875 0.046875
15 0.36669921875 0.431640625 0.013671875 0.046875
18 0.06982421875 0.7548828125 0.01171875 0.0517578125
15 0.44873046875 0.44091796875 0.01171875 0.044921875
34 0.279296875 0.8212890625 0.009765625 0.0498046875
15 0.455078125 0.201171875 0.01171875 0.044921875
18 0.166015625 0.51513671875 0.01171875 0.05078125
13 0.3037109375 0.4326171875 0.01171875 0.021484375
34 0.19189453125 0.79833984375 0.0126953125 0.05078125
14 0.337890625 0.85595703125 0.01171875 0.05078125
34 0.21630859375 0.55419921875 0.01171875 0.048828125
34 0.2998046875 0.5771484375 0.01171875 0.0458984375
14 0.41552734375 0.5966796875 0.0107421875 0.048828125
42 0.09375 0.1640625 0.013671875 0.05078125
14 0.32861328125 0.61279296875 0.01171875 0.0517578125
42 0.1689453125 0.41845703125 0.015625 0.0546875
42 0.1787109375 0.17431640625 0.015625 0.0537109375
13 0.21875 0.40966796875 0.013671875 0.021484375
18 0.1591796875 0.7607421875 0.01171875 0.05078125
14 0.42333984375 0.837890625 0.013671875 0.052734375
13 0.2412109375 0.15087890625 0.013671875 0.0234375
13 0.32421875 0.1748046875 0.0146484375 0.0224609375
13 0.32080078125 0.22314453125 0.01171875 0.068359375
13 0.3076171875 0.38330078125 0.0126953125 0.068359375
13 0.22216796875 0.3603515625 0.015625 0.0673828125
13 0.23583984375 0.19873046875 0.015625 0.06640625