23 0.67919921875 0.212890625 0.0126953125 0.05078125
23 0.76904296875 0.17236328125 0.015625 0.052734375
51 0.59765625 0.4365234375 0.01171875 0.046875
51 0.68212890625 0.41015625 0.0126953125 0.052734375
49 0.89990234375 0.55029296875 0.0126953125 0.052734375
49 0.7958984375 0.3056640625 0.0126953125 0.052734375
49 0.8896484375 0.29150390625 0.01171875 0.0537109375
1 0.96533203125 0.47265625 0.0126953125 0.0546875
1 0.958984375 0.208984375 0.013671875 0.0556640625
51 0.6162109375 0.673828125 0.0126953125 0.0546875
49 0.81005859375 0.56103515625 0.01171875 0.0556640625
51 0.705078125 0.65380859375 0.01171875 0.05078125
43 0.923828125 0.04345703125 0.0263671875 0.048828125
43 0.8427734375 0.1259765625 0.021484375 0.048828125
42 0.77880859375 0.5634765625 0.021484375 0.0537109375
13 0.59716796875 0.01708984375 0.015625 0.0263671875
13 0.51708984375 0.0673828125 0.015625 0.02734375
13 0.638671875 0.27294921875 0.013671875 0.0224609375
13 0.55908203125 0.318359375 0.0166015625 0.0244140625
13 0.6044921875 0.06591796875 0.015625 0.064453125
13 0.630859375 0.22509765625 0.013671875 0.06640625
13 0.55078125 0.26953125 0.013671875 0.06640625
13 0.52490234375 0.115234375 0.015625 0.064453125