18 0.5673828125 0.57666015625 0.0087890625 0.037109375
24 0.373046875 0.5615234375 0.0078125 0.033203125
19 0.4912109375 0.568359375 0.0078125 0.03515625
19 0.49560546875 0.43212890625 0.0078125 0.03515625
18 0.5185546875 0.57275390625 0.0087890625 0.0380859375
18 0.51953125 0.4384765625 0.0078125 0.03515625
11 0.5166015625 0.779296875 0.0078125 0.03515625
18 0.56982421875 0.44140625 0.0078125 0.0390625
11 0.5712890625 0.6533203125 0.0078125 0.03515625
19 0.4423828125 0.5625 0.0078125 0.03515625
19 0.447265625 0.4287109375 0.0078125 0.033203125
11 0.56298828125 0.79052734375 0.0078125 0.03515625
24 0.42236328125 0.56396484375 0.0078125 0.037109375
24 0.42578125 0.4306640625 0.0068359375 0.033203125
24 0.3759765625 0.42431640625 0.0078125 0.033203125
13 0.34521484375 0.58349609375 0.009765625 0.0185546875
13 0.29443359375 0.5703125 0.0078125 0.017578125
13 0.35791015625 0.43115234375 0.0107421875 0.01953125
13 0.30810546875 0.41748046875 0.009765625 0.01953125
11 0.52294921875 0.64208984375 0.0078125 0.0341796875