21 0.47802734375 0.52001953125 0.0546875 0.015625
21 0.69775390625 0.55029296875 0.0546875 0.013671875
31 0.76513671875 0.28857421875 0.0595703125 0.01953125
30 0.8447265625 0.14990234375 0.0576171875 0.021484375
5 0.56005859375 0.2978515625 0.056640625 0.015625
5 0.75146484375 0.40966796875 0.0546875 0.0146484375
31 0.60546875 0.1591796875 0.0625 0.01953125
31 0.8251953125 0.20947265625 0.0537109375 0.0224609375
21 0.7333984375 0.470703125 0.05859375 0.013671875
5 0.7861328125 0.328125 0.0546875 0.013671875
5 0.52880859375 0.380859375 0.0546875 0.0166015625
30 0.615234375 0.10791015625 0.0576171875 0.01953125
31 0.5478515625 0.2392578125 0.060546875 0.0205078125
21 0.51513671875 0.4423828125 0.0546875 0.013671875
30 0.66796875 0.02099609375 0.0537109375 0.021484375