1 0.7861328125 0.38720703125 0.0546875 0.0126953125
14 0.79296875 0.25390625 0.0576171875 0.015625
17 0.7119140625 0.302734375 0.0546875 0.0126953125
17 0.69580078125 0.3916015625 0.0546875 0.01171875
1 0.7998046875 0.29931640625 0.0546875 0.013671875
15 0.75390625 0.4482421875 0.0576171875 0.013671875
7 0.66796875 0.447265625 0.052734375 0.01171875
7 0.44189453125 0.44287109375 0.052734375 0.013671875
7 0.4375 0.52294921875 0.05078125 0.013671875
7 0.66357421875 0.529296875 0.05078125 0.013671875
15 0.74169921875 0.53076171875 0.0546875 0.013671875
15 0.97216796875 0.53857421875 0.0546875 0.015625
50 0.67333984375 0.26220703125 0.060546875 0.0146484375
17 0.47607421875 0.3837890625 0.0537109375 0.013671875