28 0.7158203125 0.6240234375 0.201171875 0.080078125
18 0.57763671875 0.43310546875 0.037109375 0.0087890625
18 0.43994140625 0.47998046875 0.03515625 0.0078125
11 0.77734375 0.48681640625 0.0361328125 0.0078125
18 0.5732421875 0.482421875 0.0380859375 0.0087890625
18 0.44091796875 0.43115234375 0.037109375 0.0078125
24 0.42236328125 0.6240234375 0.0361328125 0.0078125
11 0.65380859375 0.42822265625 0.033203125 0.0087890625
19 0.5693359375 0.50927734375 0.03515625 0.0078125
19 0.43212890625 0.50390625 0.03515625 0.0068359375
26 0.7861328125 0.65869140625 0.03515625 0.0087890625
19 0.5615234375 0.5576171875 0.0361328125 0.0078125
11 0.7900390625 0.43603515625 0.03515625 0.0078125
24 0.5634765625 0.578125 0.0322265625 0.0078125
11 0.64453125 0.4775390625 0.03515625 0.0078125
19 0.4287109375 0.552734375 0.033203125 0.0078125
24 0.4296875 0.57421875 0.033203125 0.0078125
27 0.71337890625 0.541015625 0.2109375 0.0859375
26 0.66162109375 0.59814453125 0.03515625 0.009765625
26 0.64892578125 0.64794921875 0.0361328125 0.009765625
24 0.56005859375 0.6279296875 0.03515625 0.0078125
17 0.5634765625 0.66259765625 0.037109375 0.0087890625
3 0.56884765625 0.71435546875 0.0361328125 0.0087890625
5 0.42919921875 0.64599609375 0.03515625 0.0078125
3 0.4267578125 0.666015625 0.0322265625 0.009765625
26 0.7958984375 0.60791015625 0.0322265625 0.0068359375
3 0.4306640625 0.71923828125 0.033203125 0.0087890625
13 0.79638671875 0.697265625 0.01953125 0.0078125
13 0.7861328125 0.748046875 0.021484375 0.0087890625
13 0.6298828125 0.7353515625 0.01953125 0.009765625
13 0.64306640625 0.68603515625 0.017578125 0.009765625