27 0.54638671875 0.1201171875 0.134765625 0.240234375
26 0.45068359375 0.498046875 0.013671875 0.05078125
17 0.23193359375 0.7744140625 0.01171875 0.05859375
17 0.146484375 0.7685546875 0.013671875 0.05859375
3 0.07958984375 0.74267578125 0.017578125 0.056640625
24 0.28515625 0.2158203125 0.013671875 0.056640625
24 0.20263671875 0.4521484375 0.0126953125 0.0556640625
17 0.24072265625 0.544921875 0.0126953125 0.05859375
7 0.423828125 0.8740234375 0.01171875 0.05078125
17 0.15478515625 0.53564453125 0.013671875 0.05859375
7 0.51416015625 0.6611328125 0.013671875 0.052734375
7 0.5029296875 0.884765625 0.01171875 0.0537109375
15 0.3935546875 0.6279296875 0.0146484375 0.05859375
24 0.2880859375 0.45068359375 0.01171875 0.0546875
35 0.453125 0.11865234375 0.01171875 0.056640625
7 0.43603515625 0.6474609375 0.013671875 0.0546875
26 0.5341796875 0.52099609375 0.01171875 0.05078125
3 0.03515625 0.47412109375 0.01953125 0.056640625
24 0.19482421875 0.21533203125 0.013671875 0.0576171875
15 0.36474609375 0.849609375 0.013671875 0.0546875
3 0.12158203125 0.51611328125 0.017578125 0.056640625
15 0.28076171875 0.8232421875 0.015625 0.060546875
4 0.15283203125 0.18798828125 0.017578125 0.060546875
15 0.30908203125 0.59765625 0.015625 0.056640625
4 0.10009765625 0.4091796875 0.01953125 0.056640625
4 0.0693359375 0.1240234375 0.017578125 0.0546875
26 0.55224609375 0.2998046875 0.013671875 0.0546875
4 0.013671875 0.34814453125 0.017578125 0.0615234375
36 0.17333984375 0.02880859375 0.0234375 0.056640625
26 0.4697265625 0.27685546875 0.013671875 0.0517578125
1 0.28759765625 0.60986328125 0.013671875 0.0546875
35 0.36962890625 0.09765625 0.013671875 0.060546875
13 0.3251953125 0.54345703125 0.0166015625 0.029296875
13 0.41015625 0.5712890625 0.0166015625 0.029296875
27 0.38037109375 0.373046875 0.1533203125 0.3369140625