54 0.5302734375 0.701171875 0.01171875 0.0546875
4 0.3564453125 0.0966796875 0.0126953125 0.05859375
38 0.5537109375 0.36474609375 0.01171875 0.0546875
4 0.34814453125 0.3349609375 0.01171875 0.05859375
54 0.44580078125 0.69580078125 0.01171875 0.052734375
10 0.408203125 0.4560546875 0.01171875 0.048828125
4 0.443359375 0.11328125 0.0126953125 0.056640625
10 0.31640625 0.68115234375 0.013671875 0.052734375
38 0.56201171875 0.1328125 0.013671875 0.0576171875
4 0.43359375 0.34912109375 0.009765625 0.052734375
38 0.4814453125 0.125 0.01171875 0.056640625
38 0.470703125 0.353515625 0.01171875 0.05078125
10 0.39990234375 0.69189453125 0.013671875 0.052734375
54 0.45263671875 0.4638671875 0.013671875 0.0556640625
34 0.21044921875 0.3017578125 0.013671875 0.05859375
34 0.29541015625 0.30029296875 0.0126953125 0.0576171875
54 0.53662109375 0.47021484375 0.01171875 0.0546875
10 0.32421875 0.447265625 0.0126953125 0.0546875
34 0.2041015625 0.06298828125 0.013671875 0.05859375
13 0.27587890625 0.6787109375 0.013671875 0.0361328125
34 0.291015625 0.060546875 0.01171875 0.05859375
13 0.1875 0.67529296875 0.017578125 0.03125
13 0.19140625 0.41064453125 0.013671875 0.0302734375
13 0.2802734375 0.4150390625 0.015625 0.03125