23 0.78759765625 0.67919921875 0.0517578125 0.0126953125
23 0.8271484375 0.76904296875 0.052734375 0.015625
49 0.4501953125 0.89990234375 0.0537109375 0.013671875
51 0.5859375 0.69140625 0.052734375 0.013671875
51 0.3427734375 0.69189453125 0.052734375 0.01171875
51 0.345703125 0.60302734375 0.052734375 0.01171875
51 0.58447265625 0.60205078125 0.05078125 0.013671875
49 0.6943359375 0.7958984375 0.0546875 0.0126953125
49 0.708984375 0.888671875 0.0546875 0.0126953125
46 0.8828125 0.4423828125 0.048828125 0.0146484375
49 0.43994140625 0.81005859375 0.056640625 0.0126953125
32 0.775390625 0.9833984375 0.052734375 0.0126953125
46 0.6025390625 0.41650390625 0.0458984375 0.015625
46 0.8232421875 0.3681640625 0.048828125 0.015625
35 0.54052734375 0.50390625 0.048828125 0.0146484375
35 0.31494140625 0.55419921875 0.052734375 0.0166015625
42 0.43505859375 0.78076171875 0.05859375 0.015625
1 0.79541015625 0.9609375 0.05078125 0.01171875
35 0.26416015625 0.47705078125 0.05078125 0.013671875
35 0.4873046875 0.43017578125 0.048828125 0.017578125
46 0.6572265625 0.49267578125 0.048828125 0.015625
32 0.51416015625 0.99560546875 0.0576171875 0.0078125
1 0.53271484375 0.96484375 0.052734375 0.0126953125
43 0.9560546875 0.923828125 0.044921875 0.0234375
43 0.87548828125 0.84228515625 0.0478515625 0.0234375
34 0.3271484375 0.8447265625 0.029296875 0.0302734375
34 0.17041015625 0.8671875 0.0283203125 0.0302734375
34 0.11767578125 0.7216796875 0.0244140625 0.029296875
34 0.2705078125 0.7001953125 0.029296875 0.03125
29 0.24609375 0.640625 0.03125 0.029296875
29 0.0947265625 0.66845703125 0.033203125 0.029296875
29 0.02685546875 0.5341796875 0.0302734375 0.0302734375
29 0.1748046875 0.50830078125 0.0302734375 0.02734375
13 0.7265625 0.6396484375 0.021484375 0.013671875
13 0.681640625 0.55810546875 0.021484375 0.015625
13 0.98388671875 0.59716796875 0.0234375 0.015625
13 0.93359375 0.51611328125 0.025390625 0.013671875
13 0.93603515625 0.60595703125 0.068359375 0.013671875
13 0.77587890625 0.6318359375 0.0693359375 0.013671875
13 0.7294921875 0.55078125 0.06640625 0.013671875
13 0.8837890625 0.5244140625 0.0625 0.015625