53 0.20556640625 0.7021484375 0.05859375 0.013671875
17 0.7685546875 0.853515625 0.05859375 0.013671875
2 0.13427734375 0.9716796875 0.0625 0.015625
27 0.1240234375 0.4521484375 0.2451171875 0.1328125
17 0.7744140625 0.76806640625 0.05859375 0.01171875
3 0.74267578125 0.91796875 0.056640625 0.0185546875
7 0.87451171875 0.576171875 0.052734375 0.01171875
2 0.41015625 0.90869140625 0.056640625 0.015625
17 0.54248046875 0.7587890625 0.05859375 0.0126953125
53 0.44091796875 0.7109375 0.0537109375 0.013671875
17 0.53564453125 0.845703125 0.05859375 0.013671875
7 0.6611328125 0.48583984375 0.0537109375 0.013671875
47 0.47802734375 0.5390625 0.056640625 0.01171875
7 0.6474609375 0.56396484375 0.056640625 0.013671875
7 0.884765625 0.4970703125 0.0546875 0.0126953125
3 0.515625 0.87841796875 0.0576171875 0.0185546875
15 0.62890625 0.6064453125 0.05859375 0.0146484375
47 0.25 0.623046875 0.0537109375 0.013671875
47 0.248046875 0.5400390625 0.0556640625 0.0126953125
2 0.1689453125 0.88232421875 0.060546875 0.015625
35 0.11962890625 0.54443359375 0.056640625 0.01171875
15 0.82421875 0.7197265625 0.060546875 0.015625
15 0.8525390625 0.6357421875 0.056640625 0.013671875
11 0.21630859375 0.7734375 0.052734375 0.0126953125
11 0.4521484375 0.7587890625 0.0546875 0.013671875
26 0.3017578125 0.44580078125 0.0546875 0.013671875
47 0.4794921875 0.62158203125 0.0546875 0.01171875
26 0.5234375 0.466796875 0.05078125 0.0146484375
1 0.60986328125 0.71240234375 0.0546875 0.013671875
4 0.1865234375 0.845703125 0.0615234375 0.017578125
3 0.4716796875 0.96484375 0.056640625 0.01953125
15 0.6005859375 0.69189453125 0.05859375 0.015625
19 0.4453125 0.7978515625 0.0625 0.013671875
19 0.20654296875 0.79296875 0.0595703125 0.013671875
35 0.0947265625 0.62841796875 0.060546875 0.017578125