23 0.212890625 0.32080078125 0.0517578125 0.0126953125
23 0.17236328125 0.2314453125 0.052734375 0.015625
51 0.4365234375 0.404296875 0.046875 0.01171875
51 0.40966796875 0.31787109375 0.052734375 0.0126953125
49 0.55029296875 0.10009765625 0.052734375 0.0126953125
49 0.29052734375 0.111328125 0.0546875 0.01171875
49 0.30517578125 0.2041015625 0.0537109375 0.0126953125
51 0.673828125 0.3837890625 0.0537109375 0.0126953125
51 0.654296875 0.294921875 0.05078125 0.01171875
32 0.22412109375 0.0166015625 0.052734375 0.01171875
49 0.56103515625 0.18994140625 0.0556640625 0.01171875
1 0.20751953125 0.0380859375 0.05078125 0.01171875
1 0.466796875 0.03466796875 0.052734375 0.0126953125
32 0.4853515625 0.00439453125 0.056640625 0.0087890625
42 0.56298828125 0.21923828125 0.0556640625 0.015625
43 0.04443359375 0.0751953125 0.0458984375 0.021484375
43 0.12255859375 0.15673828125 0.0458984375 0.0224609375
13 0.27294921875 0.3603515625 0.021484375 0.0146484375
13 0.31787109375 0.44091796875 0.025390625 0.015625
13 0.017578125 0.40283203125 0.0234375 0.013671875
13 0.06787109375 0.48388671875 0.02734375 0.013671875
13 0.064453125 0.3935546875 0.064453125 0.013671875
13 0.115234375 0.47509765625 0.0625 0.017578125
13 0.22412109375 0.36962890625 0.0654296875 0.015625
13 0.2724609375 0.44921875 0.064453125 0.017578125