10 0.5556640625 0.119140625 0.05078125 0.0107421875
10 0.7685546875 0.22509765625 0.0546875 0.013671875
10 0.53515625 0.20751953125 0.052734375 0.01171875
20 0.484375 0.34814453125 0.0546875 0.01171875
23 0.8603515625 0.2958984375 0.056640625 0.0126953125
10 0.7919921875 0.14013671875 0.052734375 0.013671875
43 0.8203125 0.43359375 0.0595703125 0.013671875
43 0.7958984375 0.5126953125 0.05859375 0.013671875
20 0.7109375 0.36328125 0.05859375 0.0126953125
27 0.59375 0.451171875 0.314453125 0.125
20 0.501953125 0.2646484375 0.056640625 0.01171875
23 0.8388671875 0.38232421875 0.05859375 0.01171875
54 0.88720703125 0.23828125 0.056640625 0.01171875
20 0.7314453125 0.27880859375 0.060546875 0.0126953125
54 0.916015625 0.154296875 0.0546875 0.0126953125