23 0.21240234375 0.32080078125 0.0517578125 0.013671875
51 0.4375 0.40185546875 0.046875 0.0126953125
49 0.55029296875 0.10009765625 0.0537109375 0.013671875
23 0.17236328125 0.23095703125 0.052734375 0.015625
46 0.1171875 0.5576171875 0.048828125 0.0146484375
49 0.29052734375 0.11083984375 0.0546875 0.0126953125
51 0.41064453125 0.31787109375 0.052734375 0.013671875
49 0.30517578125 0.20361328125 0.052734375 0.0126953125
51 0.67236328125 0.38330078125 0.052734375 0.01171875
46 0.17431640625 0.6337890625 0.048828125 0.015625
32 0.22314453125 0.01806640625 0.052734375 0.01171875
49 0.56103515625 0.189453125 0.0556640625 0.01171875
51 0.65283203125 0.294921875 0.05078125 0.01171875
46 0.396484375 0.5849609375 0.046875 0.015625
1 0.46484375 0.033203125 0.052734375 0.01171875
1 0.20849609375 0.03955078125 0.0517578125 0.01171875
32 0.486328125 0.00439453125 0.056640625 0.0078125
35 0.5126953125 0.5703125 0.05078125 0.017578125
35 0.46044921875 0.49560546875 0.048828125 0.015625
46 0.34326171875 0.50732421875 0.05078125 0.015625
35 0.68505859375 0.4453125 0.046875 0.017578125
35 0.7392578125 0.52294921875 0.046875 0.0185546875
42 0.5625 0.2197265625 0.0537109375 0.017578125
43 0.04296875 0.07470703125 0.046875 0.01953125
43 0.125 0.1572265625 0.0458984375 0.017578125
13 0.2724609375 0.3603515625 0.021484375 0.013671875
13 0.3193359375 0.44091796875 0.0234375 0.013671875
13 0.2255859375 0.3701171875 0.06640625 0.0146484375
13 0.271484375 0.4501953125 0.0634765625 0.015625
13 0.064453125 0.39501953125 0.064453125 0.017578125
13 0.11328125 0.47412109375 0.064453125 0.013671875
13 0.01611328125 0.40283203125 0.0234375 0.013671875
13 0.06689453125 0.48193359375 0.025390625 0.015625