28 0.57958984375 0.80859375 0.34375 0.15234375
28 0.609375 0.48779296875 0.322265625 0.1328125
16 0.45556640625 0.76318359375 0.056640625 0.017578125
41 0.48095703125 0.5810546875 0.0546875 0.0126953125
16 0.6943359375 0.85205078125 0.0625 0.017578125
38 0.36865234375 0.4453125 0.0546875 0.01171875
27 0.21044921875 0.6220703125 0.328125 0.125
16 0.69384765625 0.765625 0.060546875 0.0166015625
16 0.45068359375 0.8505859375 0.060546875 0.01953125
38 0.3505859375 0.529296875 0.0537109375 0.01171875
38 0.12060546875 0.513671875 0.0595703125 0.01171875
38 0.14013671875 0.43310546875 0.0546875 0.01171875
41 0.4677734375 0.66796875 0.0546875 0.01171875
29 0.48046875 0.51416015625 0.056640625 0.0146484375
41 0.71240234375 0.595703125 0.0546875 0.01171875
41 0.70458984375 0.67919921875 0.0537109375 0.013671875
29 0.728515625 0.4501953125 0.0576171875 0.015625
29 0.501953125 0.43359375 0.0546875 0.013671875
46 0.06298828125 0.7509765625 0.06640625 0.015625
29 0.71142578125 0.53369140625 0.056640625 0.0146484375
12 0.69091796875 0.70361328125 0.056640625 0.015625