17 0.7685546875 0.85302734375 0.05859375 0.013671875
27 0.12353515625 0.453125 0.2431640625 0.1337890625
26 0.498046875 0.5498046875 0.052734375 0.013671875
17 0.7744140625 0.76806640625 0.05859375 0.01171875
3 0.74267578125 0.92041015625 0.056640625 0.017578125
3 0.51708984375 0.87841796875 0.056640625 0.017578125
2 0.4091796875 0.90966796875 0.056640625 0.015625
17 0.5439453125 0.75927734375 0.060546875 0.01171875
7 0.87451171875 0.576171875 0.0517578125 0.01171875
17 0.53564453125 0.845703125 0.05859375 0.0126953125
26 0.27734375 0.52978515625 0.0546875 0.013671875
7 0.6611328125 0.486328125 0.052734375 0.013671875
7 0.884765625 0.4970703125 0.0546875 0.0126953125
15 0.6279296875 0.60693359375 0.05859375 0.013671875
7 0.6474609375 0.56396484375 0.0556640625 0.013671875
35 0.1201171875 0.544921875 0.056640625 0.01171875
15 0.849609375 0.63525390625 0.0546875 0.013671875
19 0.44482421875 0.7958984375 0.0615234375 0.013671875
15 0.82373046875 0.71923828125 0.060546875 0.015625
15 0.59814453125 0.69091796875 0.05859375 0.0146484375
3 0.47216796875 0.96484375 0.0556640625 0.01953125
26 0.521484375 0.4677734375 0.05078125 0.0146484375
49 0.4541015625 0.6796875 0.04296875 0.01171875
1 0.6142578125 0.71044921875 0.0556640625 0.013671875
26 0.2978515625 0.44775390625 0.0546875 0.0146484375
19 0.4501953125 0.71044921875 0.05859375 0.013671875
49 0.4892578125 0.5927734375 0.0458984375 0.01171875
35 0.09521484375 0.62646484375 0.0546875 0.0126953125
13 0.5419921875 0.67431640625 0.02734375 0.0146484375
13 0.57275390625 0.59033203125 0.029296875 0.017578125
26 0.1376953125 0.97314453125 0.060546875 0.01953125