50 0.40966796875 0.6025390625 0.013671875 0.056640625
14 0.3525390625 0.81103515625 0.015625 0.056640625
8 0.07666015625 0.7265625 0.0126953125 0.0576171875
50 0.49169921875 0.62060546875 0.013671875 0.056640625
50 0.390625 0.8271484375 0.015625 0.05859375
31 0.28857421875 0.21728515625 0.0166015625 0.060546875
29 0.5673828125 0.20263671875 0.013671875 0.056640625
14 0.28759765625 0.56103515625 0.015625 0.05859375
31 0.20751953125 0.17041015625 0.017578125 0.056640625
29 0.48828125 0.1669921875 0.013671875 0.056640625
14 0.3740234375 0.57958984375 0.015625 0.0546875
31 0.166015625 0.39501953125 0.015625 0.060546875
21 0.51806640625 0.521484375 0.01171875 0.0576171875
5 0.384765625 0.4775390625 0.0126953125 0.052734375
50 0.470703125 0.8466796875 0.0146484375 0.05859375
30 0.1494140625 0.150390625 0.017578125 0.05859375
14 0.2705078125 0.794921875 0.013671875 0.05859375
30 0.1123046875 0.37548828125 0.015625 0.05859375
30 0.02392578125 0.33056640625 0.017578125 0.0625
5 0.4150390625 0.24853515625 0.013671875 0.0546875
31 0.24853515625 0.443359375 0.013671875 0.05859375
52 0.13720703125 0.75341796875 0.01171875 0.0517578125
21 0.55029296875 0.3017578125 0.0126953125 0.0537109375
30 0.06298828125 0.1005859375 0.021484375 0.0576171875
8 0.02197265625 0.4580078125 0.013671875 0.056640625
21 0.47021484375 0.26953125 0.0126953125 0.05859375
52 0.15478515625 0.52392578125 0.01171875 0.056640625
21 0.44140625 0.48681640625 0.01171875 0.0537109375
5 0.2998046875 0.4423828125 0.013671875 0.0546875
8 0.1103515625 0.49169921875 0.0126953125 0.0556640625
52 0.224609375 0.7734375 0.01171875 0.0537109375
5 0.330078125 0.216796875 0.013671875 0.0546875
52 0.24365234375 0.5458984375 0.015625 0.0546875
44 0.3466796875 0.10791015625 0.021484375 0.052734375
44 0.423828125 0.1728515625 0.0205078125 0.0498046875