51 0.68212890625 0.41015625 0.01171875 0.0517578125
23 0.67919921875 0.212890625 0.0126953125 0.0517578125
51 0.59716796875 0.43701171875 0.01171875 0.046875
23 0.7685546875 0.17333984375 0.015625 0.052734375
51 0.6162109375 0.67431640625 0.01171875 0.052734375
51 0.70458984375 0.65478515625 0.01171875 0.05078125
13 0.64013671875 0.2724609375 0.017578125 0.0283203125
13 0.5595703125 0.31884765625 0.015625 0.01953125
13 0.51611328125 0.06640625 0.0146484375 0.0234375
13 0.5966796875 0.01513671875 0.0146484375 0.025390625
13 0.60595703125 0.06396484375 0.0146484375 0.0693359375
13 0.630859375 0.22265625 0.015625 0.0712890625
13 0.55029296875 0.27001953125 0.0166015625 0.0654296875
13 0.525390625 0.1142578125 0.0166015625 0.06640625
43 0.84228515625 0.125 0.0224609375 0.044921875
43 0.92333984375 0.0419921875 0.0224609375 0.048828125