54 0.298828125 0.5302734375 0.0546875 0.01171875
4 0.9033203125 0.3564453125 0.05859375 0.0126953125
38 0.63525390625 0.5537109375 0.0546875 0.01171875
4 0.6650390625 0.34814453125 0.05859375 0.01171875
54 0.30419921875 0.44580078125 0.052734375 0.01171875
10 0.5439453125 0.408203125 0.048828125 0.01171875
4 0.88671875 0.443359375 0.056640625 0.0126953125
10 0.31884765625 0.31640625 0.052734375 0.013671875
38 0.8671875 0.56201171875 0.0576171875 0.013671875
4 0.65087890625 0.43359375 0.052734375 0.009765625
38 0.875 0.4814453125 0.056640625 0.01171875
38 0.646484375 0.470703125 0.05078125 0.01171875
10 0.30810546875 0.39990234375 0.052734375 0.013671875
54 0.5361328125 0.45263671875 0.0556640625 0.013671875
34 0.6982421875 0.21044921875 0.05859375 0.013671875
34 0.69970703125 0.29541015625 0.0576171875 0.01171875
54 0.52978515625 0.53662109375 0.0546875 0.01171875
10 0.552734375 0.32421875 0.0546875 0.0126953125
34 0.93701171875 0.2041015625 0.05859375 0.013671875
13 0.3212890625 0.27587890625 0.0361328125 0.013671875
34 0.939453125 0.291015625 0.05859375 0.01171875
13 0.32470703125 0.1875 0.03125 0.017578125
13 0.58935546875 0.19140625 0.0302734375 0.013671875
13 0.5849609375 0.2802734375 0.03125 0.015625