27 0.66162109375 0.56689453125 0.2080078125 0.08984375
31 0.74267578125 0.69189453125 0.033203125 0.0087890625
6 0.77880859375 0.62841796875 0.0341796875 0.0078125
31 0.611328125 0.6279296875 0.03515625 0.0078125
40 0.7412109375 0.7177734375 0.0341796875 0.0078125
31 0.5966796875 0.67919921875 0.037109375 0.009765625
31 0.75732421875 0.640625 0.03125 0.005859375
30 0.72412109375 0.74267578125 0.0283203125 0.009765625
30 0.6884765625 0.7900390625 0.029296875 0.01171875
30 0.5888671875 0.7080078125 0.0302734375 0.0087890625
30 0.55126953125 0.75439453125 0.0302734375 0.009765625
7 0.75 0.78369140625 0.033203125 0.009765625
7 0.60302734375 0.7978515625 0.03125 0.009765625
28 0.68359375 0.65673828125 0.244140625 0.080078125
28 0.64453125 0.76025390625 0.2294921875 0.1025390625
39 0.50439453125 0.6318359375 0.029296875 0.0078125
39 0.50341796875 0.68359375 0.029296875 0.0068359375
39 0.35986328125 0.68212890625 0.029296875 0.005859375
39 0.361328125 0.6318359375 0.029296875 0.0087890625
23 0.498046875 0.72412109375 0.03515625 0.0078125
23 0.49609375 0.77587890625 0.03515625 0.009765625
23 0.35693359375 0.72216796875 0.0322265625 0.0078125
23 0.353515625 0.7734375 0.03125 0.0068359375
42 0.51416015625 0.54736328125 0.03125 0.009765625
42 0.51318359375 0.59765625 0.0341796875 0.009765625
42 0.3662109375 0.5966796875 0.033203125 0.01171875
42 0.3681640625 0.5458984375 0.033203125 0.009765625
14 0.314453125 0.54248046875 0.033203125 0.009765625
14 0.322265625 0.5927734375 0.03125 0.0107421875
14 0.17529296875 0.59912109375 0.0322265625 0.009765625
14 0.16650390625 0.5478515625 0.033203125 0.009765625