21 0.47998046875 0.47802734375 0.015625 0.0546875
21 0.44970703125 0.69775390625 0.013671875 0.0546875
31 0.71142578125 0.76513671875 0.01953125 0.0595703125
30 0.85009765625 0.8447265625 0.021484375 0.0576171875
5 0.7021484375 0.56005859375 0.015625 0.056640625
5 0.59033203125 0.75146484375 0.0146484375 0.0546875
31 0.8408203125 0.60546875 0.01953125 0.0625
31 0.79052734375 0.8251953125 0.0224609375 0.0537109375
21 0.529296875 0.7333984375 0.013671875 0.05859375
5 0.671875 0.7861328125 0.013671875 0.0546875
5 0.619140625 0.52880859375 0.0166015625 0.0546875
30 0.89208984375 0.615234375 0.01953125 0.0576171875
31 0.7607421875 0.5478515625 0.0205078125 0.060546875
21 0.5576171875 0.51513671875 0.013671875 0.0546875
30 0.97900390625 0.66796875 0.021484375 0.0537109375