54 0.53125 0.7021484375 0.01171875 0.056640625
23 0.1728515625 0.6640625 0.0126953125 0.0595703125
23 0.26171875 0.66845703125 0.0126953125 0.0546875
38 0.55419921875 0.36376953125 0.01171875 0.0546875
4 0.3564453125 0.09619140625 0.013671875 0.0576171875
4 0.44287109375 0.11474609375 0.013671875 0.056640625
4 0.34814453125 0.333984375 0.013671875 0.056640625
23 0.177734375 0.431640625 0.013671875 0.05859375
54 0.447265625 0.6953125 0.01171875 0.052734375
38 0.470703125 0.35400390625 0.01171875 0.05078125
38 0.56201171875 0.1328125 0.01171875 0.0546875
23 0.26708984375 0.4384765625 0.013671875 0.056640625
38 0.4814453125 0.12158203125 0.01171875 0.0576171875
34 0.29443359375 0.302734375 0.01171875 0.056640625
12 0.31005859375 0.6865234375 0.013671875 0.052734375
34 0.2099609375 0.3037109375 0.013671875 0.05859375
54 0.53857421875 0.4716796875 0.01171875 0.0546875
4 0.4345703125 0.3515625 0.0107421875 0.0546875
12 0.3974609375 0.71240234375 0.013671875 0.0546875
54 0.4541015625 0.46630859375 0.01171875 0.0546875
12 0.337890625 0.4541015625 0.013671875 0.0546875
12 0.4248046875 0.48291015625 0.013671875 0.0537109375
13 0.29296875 0.43701171875 0.0126953125 0.0302734375