15 0.36669921875 0.43115234375 0.0126953125 0.048828125
15 0.44873046875 0.44091796875 0.01171875 0.046875
15 0.455078125 0.201171875 0.01171875 0.0478515625
1 0.2265625 0.41796875 0.01171875 0.0498046875
11 0.0673828125 0.76953125 0.0126953125 0.0498046875
1 0.3154296875 0.4375 0.009765625 0.0498046875
1 0.3310546875 0.1943359375 0.009765625 0.048828125
1 0.24365234375 0.17236328125 0.0107421875 0.0517578125
15 0.375 0.1904296875 0.0107421875 0.046875
42 0.177734375 0.171875 0.0126953125 0.0537109375
35 0.42138671875 0.849609375 0.013671875 0.0498046875
35 0.44970703125 0.6162109375 0.013671875 0.048828125
42 0.09326171875 0.1640625 0.0146484375 0.05078125
35 0.37158203125 0.583984375 0.01171875 0.048828125
14 0.33837890625 0.59375 0.013671875 0.048828125
35 0.33740234375 0.8212890625 0.013671875 0.052734375
13 0.20751953125 0.4150390625 0.013671875 0.0234375
13 0.21337890625 0.3662109375 0.015625 0.068359375