27 0.33837890625 0.43310546875 0.2080078125 0.08984375
31 0.25732421875 0.30810546875 0.033203125 0.0087890625
6 0.22119140625 0.37158203125 0.0341796875 0.0078125
31 0.388671875 0.3720703125 0.03515625 0.0078125
40 0.2587890625 0.2822265625 0.0341796875 0.0078125
31 0.4033203125 0.32080078125 0.037109375 0.009765625
31 0.24267578125 0.359375 0.03125 0.005859375
30 0.27587890625 0.25732421875 0.0283203125 0.009765625
30 0.3115234375 0.2099609375 0.029296875 0.01171875
30 0.4111328125 0.2919921875 0.0302734375 0.0087890625
30 0.44873046875 0.24560546875 0.0302734375 0.009765625
7 0.25 0.21630859375 0.033203125 0.009765625
7 0.39697265625 0.2021484375 0.03125 0.009765625
28 0.31640625 0.34326171875 0.244140625 0.080078125
28 0.35546875 0.23974609375 0.2294921875 0.1015625
39 0.49560546875 0.3681640625 0.029296875 0.0078125
39 0.49658203125 0.31640625 0.029296875 0.0068359375
39 0.64013671875 0.31787109375 0.029296875 0.005859375
39 0.638671875 0.3681640625 0.029296875 0.0087890625
23 0.501953125 0.27587890625 0.03515625 0.0078125
23 0.50390625 0.22412109375 0.03515625 0.009765625
23 0.64306640625 0.27783203125 0.0322265625 0.0078125
23 0.646484375 0.2265625 0.03125 0.0068359375