23 0.78759765625 0.67919921875 0.05078125 0.0126953125
51 0.58544921875 0.69140625 0.0537109375 0.013671875
51 0.345703125 0.60302734375 0.052734375 0.0126953125
23 0.8271484375 0.76904296875 0.052734375 0.015625
51 0.34326171875 0.69189453125 0.0537109375 0.0126953125
49 0.6943359375 0.79638671875 0.0546875 0.013671875
51 0.58349609375 0.60205078125 0.05078125 0.013671875
49 0.451171875 0.89990234375 0.0517578125 0.013671875
49 0.70849609375 0.888671875 0.0546875 0.0126953125
49 0.4375 0.8056640625 0.05859375 0.013671875
46 0.88037109375 0.44091796875 0.048828125 0.0146484375
46 0.60205078125 0.41650390625 0.0458984375 0.015625
32 0.77587890625 0.9833984375 0.0546875 0.0126953125
32 0.51416015625 0.99560546875 0.0546875 0.0078125
46 0.8232421875 0.36767578125 0.048828125 0.015625
1 0.79296875 0.96142578125 0.05078125 0.01171875
35 0.4873046875 0.4296875 0.0478515625 0.017578125
46 0.6572265625 0.49267578125 0.048828125 0.015625
35 0.31494140625 0.5546875 0.0517578125 0.0166015625
35 0.263671875 0.4765625 0.0498046875 0.013671875
35 0.54052734375 0.50439453125 0.048828125 0.015625
42 0.43603515625 0.78076171875 0.060546875 0.015625
1 0.5322265625 0.96533203125 0.05078125 0.0126953125
43 0.95703125 0.92431640625 0.048828125 0.021484375
43 0.875 0.8447265625 0.046875 0.021484375
29 0.2451171875 0.64111328125 0.03125 0.0283203125
29 0.09521484375 0.66845703125 0.0322265625 0.02734375
29 0.02685546875 0.53466796875 0.0302734375 0.029296875
29 0.1748046875 0.50732421875 0.0322265625 0.029296875
13 0.7275390625 0.64013671875 0.0224609375 0.013671875
13 0.681640625 0.55859375 0.01953125 0.013671875
13 0.98388671875 0.5966796875 0.0234375 0.013671875
13 0.93310546875 0.5166015625 0.021484375 0.01171875
13 0.935546875 0.60595703125 0.0654296875 0.013671875
13 0.77392578125 0.630859375 0.064453125 0.013671875
13 0.72900390625 0.55029296875 0.0625 0.013671875
13 0.88623046875 0.525390625 0.0625 0.017578125