30 0.361328125 0.32421875 0.048828125 0.013671875
45 0.40087890625 0.0537109375 0.05078125 0.015625
33 0.326171875 0.26953125 0.0517578125 0.013671875
30 0.6015625 0.34765625 0.05078125 0.0126953125
30 0.572265625 0.431640625 0.052734375 0.0126953125
45 0.3681640625 0.1416015625 0.048828125 0.013671875
33 0.35400390625 0.181640625 0.048828125 0.013671875
30 0.33837890625 0.40478515625 0.05078125 0.013671875
33 0.59912109375 0.212890625 0.05078125 0.01171875
45 0.6376953125 0.08935546875 0.048828125 0.013671875
45 0.60498046875 0.17138671875 0.05078125 0.013671875
33 0.56640625 0.2958984375 0.05078125 0.013671875