53 0.7021484375 0.79443359375 0.013671875 0.05859375
17 0.853515625 0.2314453125 0.013671875 0.05859375
2 0.9716796875 0.86572265625 0.015625 0.0625
27 0.4521484375 0.8759765625 0.1328125 0.244140625
17 0.76806640625 0.2255859375 0.01171875 0.05859375
3 0.91796875 0.25732421875 0.0185546875 0.056640625
7 0.576171875 0.12548828125 0.01171875 0.052734375
2 0.90869140625 0.58984375 0.015625 0.056640625
17 0.7587890625 0.45751953125 0.0126953125 0.05859375
53 0.7109375 0.55908203125 0.013671875 0.0537109375
17 0.845703125 0.46435546875 0.013671875 0.05859375
7 0.48583984375 0.3388671875 0.013671875 0.0537109375
47 0.5390625 0.52197265625 0.01171875 0.056640625
7 0.56396484375 0.3525390625 0.013671875 0.056640625
7 0.4970703125 0.115234375 0.0126953125 0.0546875
3 0.87841796875 0.484375 0.0185546875 0.0576171875
15 0.6064453125 0.37109375 0.0146484375 0.05859375
47 0.623046875 0.75 0.013671875 0.0546875
47 0.5400390625 0.751953125 0.0126953125 0.0556640625
2 0.88232421875 0.8310546875 0.015625 0.060546875
35 0.54443359375 0.88037109375 0.01171875 0.056640625
15 0.7197265625 0.17578125 0.015625 0.060546875
15 0.6357421875 0.1474609375 0.013671875 0.056640625
11 0.7734375 0.78369140625 0.0126953125 0.052734375
11 0.7587890625 0.5478515625 0.013671875 0.0546875
26 0.44580078125 0.6982421875 0.013671875 0.0546875
47 0.62158203125 0.5205078125 0.01171875 0.0546875
26 0.466796875 0.4765625 0.0146484375 0.05078125
1 0.71240234375 0.39013671875 0.013671875 0.0546875
4 0.845703125 0.8134765625 0.017578125 0.060546875
3 0.96484375 0.5283203125 0.01953125 0.056640625
15 0.69189453125 0.3994140625 0.015625 0.05859375
19 0.7978515625 0.5546875 0.013671875 0.0625
19 0.79296875 0.79345703125 0.013671875 0.0595703125
35 0.62841796875 0.9052734375 0.017578125 0.060546875