17 0.70361328125 0.4580078125 0.013671875 0.056640625
17 0.61669921875 0.44482421875 0.0126953125 0.056640625
7 0.556640625 0.44140625 0.01171875 0.0517578125
17 0.6044921875 0.669921875 0.013671875 0.056640625
7 0.552734375 0.66796875 0.013671875 0.052734375
17 0.69091796875 0.6845703125 0.013671875 0.05859375
15 0.5517578125 0.75439453125 0.013671875 0.056640625
3 0.60888671875 0.74658203125 0.013671875 0.0546875
52 0.84765625 0.4501953125 0.01171875 0.05078125
7 0.47119140625 0.6630859375 0.013671875 0.05078125
15 0.46923828125 0.7421875 0.0146484375 0.056640625
3 0.69580078125 0.75537109375 0.0146484375 0.0546875
3 0.60498046875 0.9765625 0.0126953125 0.046875
15 0.46142578125 0.97021484375 0.015625 0.056640625
52 0.7626953125 0.4306640625 0.01171875 0.052734375
14 0.75 0.7919921875 0.013671875 0.056640625
7 0.4765625 0.435546875 0.0126953125 0.052734375
3 0.71875 0.7724609375 0.015625 0.05859375
52 0.7431640625 0.65673828125 0.013671875 0.0546875
52 0.830078125 0.6796875 0.013671875 0.052734375