46 0.3984375 0.9052734375 0.0537109375 0.01171875
18 0.75537109375 0.9296875 0.05078125 0.013671875
18 0.51806640625 0.833984375 0.046875 0.013671875
34 0.81982421875 0.720703125 0.048828125 0.0107421875
46 0.15234375 0.896484375 0.0517578125 0.01171875
46 0.41015625 0.81982421875 0.0517578125 0.009765625
46 0.16552734375 0.8125 0.0498046875 0.01171875
18 0.5068359375 0.92138671875 0.0478515625 0.013671875
18 0.76123046875 0.8408203125 0.05078125 0.01171875
34 0.5546875 0.78369140625 0.048828125 0.01171875
14 0.85595703125 0.662109375 0.05078125 0.01171875
14 0.61279296875 0.67138671875 0.05078125 0.01171875
14 0.59619140625 0.58447265625 0.0478515625 0.01171875
14 0.8388671875 0.57666015625 0.0517578125 0.013671875
34 0.7958984375 0.8076171875 0.05078125 0.0126953125
34 0.57958984375 0.6982421875 0.0478515625 0.01171875
13 0.44677734375 0.72216796875 0.0234375 0.0126953125
13 0.3828125 0.798828125 0.0234375 0.013671875
13 0.146484375 0.734375 0.0234375 0.013671875
13 0.21142578125 0.65966796875 0.0234375 0.013671875
13 0.19140625 0.74658203125 0.0615234375 0.021484375
13 0.25634765625 0.67138671875 0.0625 0.0224609375
13 0.40234375 0.71044921875 0.060546875 0.01953125
13 0.33935546875 0.7880859375 0.0625 0.0234375