17 0.29638671875 0.5419921875 0.013671875 0.056640625
17 0.38330078125 0.55517578125 0.0126953125 0.056640625
7 0.443359375 0.55859375 0.01171875 0.0517578125
17 0.3955078125 0.330078125 0.013671875 0.056640625
7 0.447265625 0.33203125 0.013671875 0.052734375
17 0.30908203125 0.3154296875 0.013671875 0.05859375
15 0.4482421875 0.24560546875 0.013671875 0.056640625
3 0.39111328125 0.25341796875 0.013671875 0.0546875
52 0.15234375 0.5498046875 0.01171875 0.05078125
7 0.52880859375 0.3369140625 0.013671875 0.05078125
15 0.53076171875 0.2578125 0.0146484375 0.056640625
3 0.30419921875 0.24462890625 0.0146484375 0.0546875
3 0.39501953125 0.0234375 0.0126953125 0.046875
15 0.53857421875 0.02978515625 0.015625 0.056640625
52 0.2373046875 0.5693359375 0.01171875 0.052734375
14 0.25 0.2080078125 0.013671875 0.056640625
7 0.5234375 0.564453125 0.0126953125 0.052734375
3 0.28125 0.2275390625 0.015625 0.05859375
52 0.2568359375 0.34326171875 0.013671875 0.0546875
52 0.169921875 0.3203125 0.013671875 0.052734375