11 0.7783203125 0.484375 0.03515625 0.0078125
18 0.4423828125 0.4306640625 0.037109375 0.0087890625
18 0.576171875 0.43212890625 0.037109375 0.0078125
18 0.43896484375 0.47998046875 0.03515625 0.0078125
11 0.791015625 0.4365234375 0.0341796875 0.0087890625
18 0.5732421875 0.484375 0.0380859375 0.0087890625
19 0.43212890625 0.50439453125 0.037109375 0.0078125
11 0.65478515625 0.42822265625 0.0341796875 0.0078125
19 0.56884765625 0.5087890625 0.0380859375 0.0087890625
19 0.42822265625 0.552734375 0.037109375 0.0078125
24 0.4296875 0.57470703125 0.04296875 0.0078125
24 0.42529296875 0.62353515625 0.037109375 0.0078125
13 0.431640625 0.6416015625 0.0205078125 0.009765625
13 0.41845703125 0.69140625 0.017578125 0.009765625
11 0.642578125 0.47705078125 0.03515625 0.0078125