27 0.587890625 0.44580078125 0.32421875 0.1328125
10 0.55615234375 0.11865234375 0.05078125 0.01171875
38 0.74658203125 0.27294921875 0.0546875 0.01171875
43 0.79638671875 0.5126953125 0.05859375 0.013671875
38 0.72265625 0.35595703125 0.0546875 0.01171875
43 0.822265625 0.43359375 0.05859375 0.013671875
38 0.49462890625 0.33740234375 0.0546875 0.0126953125
38 0.51806640625 0.25390625 0.05078125 0.01171875
12 0.8349609375 0.3759765625 0.052734375 0.013671875
10 0.7685546875 0.22509765625 0.0546875 0.013671875
10 0.79345703125 0.14013671875 0.0546875 0.013671875
10 0.53369140625 0.2080078125 0.0537109375 0.01171875
12 0.86767578125 0.28857421875 0.052734375 0.0146484375
54 0.87841796875 0.24267578125 0.056640625 0.015625
54 0.90966796875 0.15478515625 0.052734375 0.015625