17 0.5419921875 0.70361328125 0.056640625 0.013671875
17 0.55517578125 0.61669921875 0.056640625 0.0126953125
7 0.55859375 0.556640625 0.0517578125 0.01171875
17 0.330078125 0.6044921875 0.056640625 0.013671875
7 0.33203125 0.552734375 0.052734375 0.013671875
17 0.3154296875 0.69091796875 0.05859375 0.013671875
15 0.24560546875 0.5517578125 0.056640625 0.013671875
3 0.25341796875 0.60888671875 0.0546875 0.013671875
52 0.5498046875 0.84765625 0.05078125 0.01171875
7 0.3369140625 0.47119140625 0.05078125 0.013671875
15 0.2578125 0.46923828125 0.056640625 0.0146484375
3 0.24462890625 0.69580078125 0.0537109375 0.0146484375
3 0.0234375 0.60498046875 0.046875 0.0126953125
15 0.02978515625 0.46142578125 0.056640625 0.015625
52 0.5693359375 0.7626953125 0.052734375 0.01171875
14 0.2080078125 0.75 0.056640625 0.013671875
7 0.564453125 0.4765625 0.052734375 0.0126953125
3 0.2275390625 0.71875 0.05859375 0.015625
52 0.34326171875 0.7431640625 0.0546875 0.013671875
52 0.3203125 0.830078125 0.052734375 0.013671875