15 0.43115234375 0.63330078125 0.048828125 0.0126953125
15 0.44091796875 0.55126953125 0.046875 0.01171875
15 0.201171875 0.544921875 0.0478515625 0.01171875
1 0.41796875 0.7734375 0.0498046875 0.01171875
11 0.76953125 0.9326171875 0.048828125 0.0126953125
1 0.4375 0.6845703125 0.0498046875 0.009765625
1 0.1943359375 0.6689453125 0.048828125 0.009765625
1 0.17236328125 0.75634765625 0.0517578125 0.0107421875
15 0.1904296875 0.625 0.046875 0.0107421875
42 0.171875 0.822265625 0.0537109375 0.0126953125
35 0.849609375 0.57861328125 0.0498046875 0.013671875
35 0.6162109375 0.55029296875 0.048828125 0.013671875
42 0.1640625 0.90673828125 0.05078125 0.0146484375
35 0.583984375 0.62841796875 0.048828125 0.01171875
14 0.59375 0.66162109375 0.048828125 0.013671875
35 0.8212890625 0.66259765625 0.052734375 0.013671875
13 0.4150390625 0.79248046875 0.0234375 0.013671875
13 0.3662109375 0.78662109375 0.068359375 0.015625