23 0.32080078125 0.787109375 0.0126953125 0.05078125
51 0.40234375 0.5634765625 0.01171875 0.046875
23 0.2314453125 0.8271484375 0.015625 0.052734375
51 0.31787109375 0.58984375 0.0126953125 0.052734375
49 0.10009765625 0.44970703125 0.013671875 0.052734375
51 0.38427734375 0.326171875 0.01171875 0.0537109375
49 0.111328125 0.7080078125 0.0126953125 0.0546875
49 0.2041015625 0.69482421875 0.0126953125 0.0537109375
32 0.0166015625 0.77587890625 0.01171875 0.0537109375
51 0.294921875 0.34619140625 0.01171875 0.05078125
49 0.18994140625 0.43896484375 0.01171875 0.0556640625
1 0.03369140625 0.53515625 0.0126953125 0.052734375
32 0.00439453125 0.515625 0.0087890625 0.056640625
1 0.03955078125 0.791015625 0.01171875 0.05078125
42 0.2197265625 0.4365234375 0.015625 0.0546875
43 0.076171875 0.95751953125 0.021484375 0.048828125
43 0.15771484375 0.8740234375 0.021484375 0.044921875
13 0.4833984375 0.9326171875 0.013671875 0.021484375
13 0.44189453125 0.6806640625 0.013671875 0.021484375
13 0.3603515625 0.7265625 0.0146484375 0.0185546875
13 0.4033203125 0.9833984375 0.015625 0.0244140625
13 0.39453125 0.93603515625 0.015625 0.0673828125
13 0.36865234375 0.7744140625 0.015625 0.068359375
13 0.44873046875 0.72802734375 0.013671875 0.06640625
13 0.47509765625 0.88330078125 0.015625 0.0625