23 0.32080078125 0.78759765625 0.0126953125 0.05078125
23 0.2314453125 0.82763671875 0.015625 0.052734375
51 0.40283203125 0.5634765625 0.01171875 0.046875
51 0.31787109375 0.58984375 0.0126953125 0.052734375
49 0.11083984375 0.70849609375 0.01171875 0.0537109375
49 0.10009765625 0.44970703125 0.0126953125 0.052734375
49 0.2041015625 0.6943359375 0.0126953125 0.052734375
1 0.041015625 0.791015625 0.013671875 0.0546875
51 0.3837890625 0.326171875 0.01171875 0.052734375
1 0.03515625 0.53076171875 0.01171875 0.0537109375
51 0.29541015625 0.34619140625 0.01171875 0.05078125
49 0.193359375 0.4375 0.013671875 0.0546875
42 0.2197265625 0.4365234375 0.013671875 0.0546875
13 0.40283203125 0.982421875 0.013671875 0.0234375
13 0.3955078125 0.9345703125 0.015625 0.064453125
13 0.36962890625 0.77587890625 0.015625 0.068359375
13 0.3603515625 0.72802734375 0.013671875 0.0234375
13 0.44091796875 0.68115234375 0.013671875 0.0234375
13 0.45068359375 0.72900390625 0.013671875 0.0634765625
13 0.4755859375 0.88525390625 0.015625 0.0625
13 0.4833984375 0.93115234375 0.013671875 0.029296875
43 0.0771484375 0.9560546875 0.0234375 0.044921875
43 0.15673828125 0.87451171875 0.021484375 0.048828125