28 0.865234375 0.70947265625 0.142578125 0.3525390625
23 0.92626953125 0.6025390625 0.013671875 0.05078125
23 0.92333984375 0.8388671875 0.013671875 0.05078125
32 0.53955078125 0.81396484375 0.0126953125 0.046875
44 0.67529296875 0.802734375 0.0126953125 0.0517578125
32 0.55615234375 0.57421875 0.0107421875 0.048828125
51 0.6953125 0.38427734375 0.0107421875 0.048828125
32 0.62158203125 0.83447265625 0.01171875 0.048828125
23 0.83544921875 0.6005859375 0.013671875 0.0546875
23 0.833984375 0.83544921875 0.01171875 0.05078125
35 0.62841796875 0.4150390625 0.01171875 0.0498046875
35 0.5791015625 0.14892578125 0.0126953125 0.05078125
44 0.76318359375 0.826171875 0.01171875 0.0517578125
51 0.80615234375 0.185546875 0.01171875 0.0517578125
44 0.69189453125 0.5615234375 0.013671875 0.052734375
35 0.5498046875 0.38330078125 0.013671875 0.05078125
14 0.66162109375 0.40478515625 0.0126953125 0.048828125
32 0.638671875 0.59423828125 0.009765625 0.046875
44 0.7783203125 0.58251953125 0.0146484375 0.052734375
51 0.72119140625 0.15576171875 0.01171875 0.05078125
27 0.8857421875 0.3427734375 0.130859375 0.3564453125
51 0.77880859375 0.41455078125 0.013671875 0.046875
35 0.662109375 0.17822265625 0.015625 0.046875
15 0.65771484375 0.5751953125 0.013671875 0.048828125