47 0.74462890625 0.6123046875 0.02734375 0.0205078125
47 0.828125 0.71435546875 0.025390625 0.0263671875
37 0.91650390625 0.3212890625 0.025390625 0.01953125
26 0.85205078125 0.455078125 0.0244140625 0.0224609375
37 0.91748046875 0.2197265625 0.0302734375 0.0234375
32 0.830078125 0.0849609375 0.0234375 0.0263671875
16 0.943359375 0.18603515625 0.033203125 0.025390625
28 0.6398829033203125 0.8095907099609375 0.6487628125 0.7971277744140625 0.6422772509765625 0.747736958984375 0.6450567744140625 0.704931548828125 0.6422772509765625 0.6662421025390625 0.5218309150390625 0.6571871318359375 0.5158086025390625 0.7831336728515625 0.5317140380859375 0.834478337890625 0.6290718876953125 0.8265846650390625 0.6323983642578125 0.8103295673828125 0.6398829033203125 0.8095907099609375
41 0.69580078125 0.9765625 0.0234375 0.02734375
41 0.6943359375 0.8740234375 0.029296875 0.0224609375
27 0.6230658662109375 0.9862028154296875 0.625801623046875 0.9716189189453125 0.6438576181640625 0.9638408115234375 0.628537380859375 0.8150851123046875 0.5098055205078125 0.8345303076171875 0.5048811484375 0.854947748046875 0.5025442314453125 0.9693687548828125 0.5234843017578125 0.9813415166015625 0.5284086630859375 0.999814466796875 0.5831238115234375 0.9852305703125 0.6230658662109375 0.9862028154296875
52 0.734375 0.876953125 0.02734375 0.0283203125
52 0.734375 0.98193359375 0.0224609375 0.02734375
52 0.818359375 0.88720703125 0.03125 0.02734375
10 0.5400390625 0.689453125 0.0234375 0.03125
10 0.53076171875 0.7919921875 0.02734375 0.0234375
28 0.628273705078125 0.13854940625 0.5133864423828125 0.11138443359375 0.501805064453125 0.2455628388671875 0.50826955859375 0.2618963955078125 0.6157658134765625 0.2809596142578125 0.6264206953125 0.27025824609375 0.628273705078125 0.13854940625
15 0.52783203125 0.13525390625 0.025390625 0.0283203125
10 0.6162109375 0.80859375 0.0263671875 0.0302734375
15 0.60400390625 0.25439453125 0.0302734375 0.03125
15 0.51904296875 0.24072265625 0.03125 0.0302734375
15 0.6103515625 0.15283203125 0.03125 0.0283203125
52 0.81787109375 0.98876953125 0.0302734375 0.0224609375
54 0.69580078125 0.8427734375 0.029296875 0.0244140625
54 0.69873046875 0.7431640625 0.02734375 0.033203125
54 0.78125 0.74755859375 0.029296875 0.0302734375
54 0.77880859375 0.85009765625 0.02734375 0.025390625
10 0.6093238251953125 0.6909963740234375 0.605997365234375 0.7131624462890624 0.6355197373046875 0.7227677666015625 0.63635133984375 0.702818267578125 0.6093238251953125 0.6909963740234375