28 0.43505859375 0.2802734375 0.1435546875 0.197265625
41 0.3017578125 0.111328125 0.02734375 0.0234375
41 0.29931640625 0.0087890625 0.0283203125 0.017578125
0 0.1416015625 0.0283203125 0.03125 0.02734375
16 0.48583984375 0.78564453125 0.02734375 0.0244140625
16 0.4853515625 0.89013671875 0.0263671875 0.0234375
16 0.40087890625 0.88427734375 0.029296875 0.0263671875
16 0.40087890625 0.78271484375 0.029296875 0.0234375
51 0.40185546875 0.7373046875 0.02734375 0.025390625
51 0.484375 0.7412109375 0.029296875 0.03125
51 0.48779296875 0.638671875 0.029296875 0.0244140625
38 0.48486328125 0.60693359375 0.02734375 0.025390625
38 0.486328125 0.501953125 0.0283203125 0.0234375
13 0.068359375 0.1279296875 0.078125 0.2119140625
13 0.10009765625 0.171875 0.0078125 0.0830078125
13 0.037109375 0.08642578125 0.009765625 0.07421875
0 0.2265625 0.01904296875 0.029296875 0.02734375
28 0.4423828125 0.83984375 0.125 0.154296875
10 0.26953125 0.1455078125 0.029296875 0.02734375
52 0.267578125 0.11669921875 0.029296875 0.03125
0 0.2294921875 0.12451171875 0.029296875 0.03125
37 0.22216796875 0.26123046875 0.0283203125 0.029296875
37 0.22021484375 0.15869140625 0.029296875 0.029296875
39 0.11474609375 0.53857421875 0.03125 0.037109375
52 0.26220703125 0.01513671875 0.0283203125 0.02734375
37 0.1357421875 0.1640625 0.03125 0.029296875
37 0.13916015625 0.26708984375 0.03125 0.03125
0 0.146484375 0.13330078125 0.02734375 0.025390625
27 0.43994140625 0.0966796875 0.134765625 0.173828125
45 0.115234375 0.30322265625 0.033203125 0.025390625
45 0.1962890625 0.29541015625 0.0263671875 0.029296875
45 0.20068359375 0.39794921875 0.0302734375 0.0263671875
45 0.1181640625 0.41064453125 0.029296875 0.03125
38 0.40234375 0.60107421875 0.029296875 0.025390625
38 0.404296875 0.50146484375 0.033203125 0.033203125
51 0.4033203125 0.6376953125 0.0302734375 0.025390625
36 0.474609375 0.3447265625 0.029296875 0.029296875
36 0.47314453125 0.23876953125 0.03125 0.03125
36 0.390625 0.35107421875 0.029296875 0.029296875