47 0.6123046875 0.25537109375 0.0205078125 0.02734375
47 0.71435546875 0.171875 0.0263671875 0.025390625
37 0.3212890625 0.08349609375 0.01953125 0.025390625
26 0.4609375 0.15478515625 0.0224609375 0.0244140625
32 0.0849609375 0.169921875 0.0263671875 0.0234375
16 0.18603515625 0.056640625 0.025390625 0.033203125
28 0.8090329970703125 0.357716037109375 0.794255615234375 0.35147891796875 0.747736958984375 0.3577227490234375 0.704931548828125 0.3549432255859375 0.6662421025390625 0.3577227490234375 0.6571871318359375 0.4781690849609375 0.7831336728515625 0.4841913974609375 0.834478337890625 0.4682859619140625 0.8275047236328125 0.3739325517578125 0.8082941396484375 0.3664480126953125 0.8090329970703125 0.357716037109375
41 0.9765625 0.30419921875 0.02734375 0.0234375
41 0.8740234375 0.3056640625 0.0234375 0.029296875
27 0.9862028154296875 0.3769341337890625 0.9716189189453125 0.374198376953125 0.9638408115234375 0.3561423818359375 0.8150851123046875 0.371462619140625 0.8345303076171875 0.4901944794921875 0.854947748046875 0.4951188515625 0.9693687548828125 0.4974557685546875 0.9813415166015625 0.4765156982421875 0.999814466796875 0.4715913369140625 0.9852305703125 0.4168761884765625 0.9862028154296875 0.3769341337890625
52 0.876953125 0.265625 0.0283203125 0.02734375
52 0.98193359375 0.265625 0.02734375 0.0224609375
52 0.88720703125 0.181640625 0.02734375 0.03125
10 0.689453125 0.4599609375 0.03125 0.0234375
10 0.7919921875 0.46923828125 0.0234375 0.02734375
28 0.13854940625 0.371726294921875 0.11138443359375 0.4866135576171875 0.2455628388671875 0.498194935546875 0.2618963955078125 0.49173044140625 0.2809596142578125 0.3842341865234375 0.27025824609375 0.3735793046875 0.13854940625 0.371726294921875
15 0.13525390625 0.47216796875 0.0283203125 0.025390625
10 0.80859375 0.3837890625 0.0302734375 0.0263671875
15 0.25439453125 0.39599609375 0.0322265625 0.0302734375
15 0.24072265625 0.48095703125 0.0302734375 0.03125
15 0.15283203125 0.3896484375 0.0283203125 0.03125
52 0.98876953125 0.18212890625 0.0224609375 0.0302734375
54 0.8427734375 0.30419921875 0.0244140625 0.029296875
54 0.7431640625 0.30126953125 0.033203125 0.02734375
54 0.74755859375 0.21875 0.0302734375 0.029296875
54 0.85009765625 0.22119140625 0.025390625 0.02734375
10 0.6909963740234375 0.3906761748046875 0.7131624462890624 0.394002634765625 0.7227677666015625 0.3644802626953125 0.702818267578125 0.36364866015625 0.6909963740234375 0.3906761748046875
51 0.57470703125 0.20751953125 0.02734375 0.029296875
51 0.58154296875 0.2880859375 0.0283203125 0.029296875