28 0.412109375 0.271484375 0.1484375 0.2119140625
32 0.16162109375 0.9296875 0.025390625 0.0263671875
32 0.169921875 0.82763671875 0.025390625 0.0263671875
41 0.302734375 0.01318359375 0.02734375 0.0263671875
41 0.3056640625 0.11181640625 0.029296875 0.0234375
52 0.26708984375 0.11962890625 0.02734375 0.0283203125
52 0.26318359375 0.013671875 0.029296875 0.02734375
52 0.18408203125 0.1279296875 0.03125 0.02734375
28 0.43017578125 0.80712890625 0.125 0.15625
16 0.47314453125 0.85546875 0.025390625 0.0283203125
16 0.3896484375 0.7529296875 0.0302734375 0.03125
16 0.47412109375 0.755859375 0.03125 0.0302734375
16 0.38916015625 0.8525390625 0.03125 0.0283203125
52 0.1826171875 0.0263671875 0.0302734375 0.0224609375
51 0.48193359375 0.70458984375 0.03125 0.0234375
51 0.486328125 0.60205078125 0.029296875 0.02734375
51 0.4033203125 0.58740234375 0.03125 0.02734375
51 0.3984375 0.69287109375 0.02734375 0.029296875
47 0.1533203125 0.2978515625 0.029296875 0.025390625
40 0.32080078125 0.2529296875 0.02734375 0.025390625
40 0.3203125 0.15087890625 0.02734375 0.03125
10 0.2666015625 0.14892578125 0.025390625 0.0341796875
10 0.26708984375 0.25341796875 0.025390625 0.025390625
47 0.23486328125 0.287109375 0.0283203125 0.025390625
47 0.158203125 0.3984375 0.029296875 0.0263671875
54 0.29443359375 0.259765625 0.025390625 0.0234375
54 0.29345703125 0.158203125 0.0234375 0.02734375
26 0.15234375 0.54736328125 0.02734375 0.029296875
13 0.3994140625 0.50146484375 0.044921875 0.021484375
13 0.4521484375 0.39599609375 0.044921875 0.017578125
13 0.4830517197265625 0.5201946572265626 0.4849434140625 0.3864091953125 0.3676583427734375 0.3803585869140625 0.36538830078125 0.5161609345703125 0.4830517197265625 0.5201946572265626
44 0.453125 0.34033203125 0.025390625 0.02734375
44 0.44091796875 0.2392578125 0.0283203125 0.03125
37 0.22021484375 0.25634765625 0.025390625 0.02734375
37 0.2197265625 0.1533203125 0.025390625 0.0234375
37 0.134765625 0.16162109375 0.0283203125 0.01953125
37 0.13525390625 0.26611328125 0.02734375 0.0263671875
12 0.193359375 0.78759765625 0.025390625 0.029296875
2 0.4365234375 0.203125 0.025390625 0.025390625
5 0.353515625 0.23583984375 0.0224609375 0.0234375
27 0.42431640625 0.09375 0.142578125 0.1669921875