47 0.72021484375 0.25390625 0.0205078125 0.0283203125
47 0.61865234375 0.259765625 0.0205078125 0.02734375
47 0.615234375 0.1728515625 0.025390625 0.0302734375
47 0.71728515625 0.17431640625 0.0263671875 0.025390625
37 0.3212890625 0.08349609375 0.01953125 0.025390625
54 0.58984375 0.15625 0.0234375 0.0263671875
54 0.48828125 0.15771484375 0.0234375 0.02734375
26 0.455078125 0.14794921875 0.0224609375 0.0244140625
32 0.0849609375 0.169921875 0.0263671875 0.0234375
16 0.0869140625 0.14013671875 0.02734375 0.029296875
16 0.18603515625 0.056640625 0.025390625 0.033203125
28 0.7971277744140625 0.3512371875 0.747736958984375 0.3577227490234375 0.704931548828125 0.3549432255859375 0.6662421025390625 0.3577227490234375 0.6571871318359375 0.4781690849609375 0.7831336728515625 0.4841913974609375 0.834478337890625 0.4682859619140625 0.830054984375 0.3628185654296875 0.8127682119140625 0.3609655380859375 0.7971277744140625 0.3512371875
41 0.9765625 0.30419921875 0.02734375 0.0234375
41 0.8740234375 0.3056640625 0.0234375 0.029296875
27 0.9862028154296875 0.3769341337890625 0.9716189189453125 0.374198376953125 0.9638408115234375 0.3561423818359375 0.8150851123046875 0.371462619140625 0.8345303076171875 0.4901944794921875 0.854947748046875 0.4951188515625 0.9693687548828125 0.4974557685546875 0.9813415166015625 0.4765156982421875 0.999814466796875 0.4715913369140625 0.9852305703125 0.4168761884765625 0.9862028154296875 0.3769341337890625
52 0.876953125 0.265625 0.0283203125 0.02734375
52 0.98193359375 0.265625 0.02734375 0.0224609375
52 0.87548828125 0.18359375 0.033203125 0.03125
10 0.6962890625 0.4560546875 0.03125 0.0234375
10 0.71337890625 0.37109375 0.0302734375 0.0263671875
10 0.7978515625 0.46240234375 0.0234375 0.02734375
5 0.68701171875 0.373046875 0.0205078125 0.03125
28 0.13854940625 0.371726294921875 0.11138443359375 0.4866135576171875 0.2455628388671875 0.498194935546875 0.2618963955078125 0.49173044140625 0.2809596142578125 0.3842341865234375 0.27025824609375 0.3735793046875 0.13854940625 0.371726294921875
15 0.13525390625 0.47216796875 0.0283203125 0.025390625
10 0.81201171875 0.37744140625 0.0302734375 0.0263671875
15 0.1591796875 0.3876953125 0.03125 0.02734375
15 0.2578125 0.39453125 0.029296875 0.0341796875
15 0.23583984375 0.48095703125 0.037109375 0.0302734375