32 0.16162109375 0.9296875 0.025390625 0.0263671875
32 0.169921875 0.82763671875 0.025390625 0.0263671875
28 0.33992194921875 0.2183984541015625 0.3439752890625 0.25570072265625 0.361169951171875 0.3487485830078125 0.3687585224609375 0.346950677734375 0.375335279296875 0.35953615234375 0.4244080419921875 0.3370619921875 0.4773127470703125 0.3423056650390625 0.490300427734375 0.30469623046875 0.481069375 0.207610884765625 0.467429625 0.165014458984375 0.358640427734375 0.198621220703125 0.33992194921875 0.2183984541015625
41 0.302734375 0.01318359375 0.02734375 0.0263671875
41 0.3056640625 0.11181640625 0.029296875 0.0234375
27 0.3769341123046875 0.0136116513671875 0.3642215390625 0.019933048828125 0.3521345634765625 0.0532608486328125 0.3650551103515625 0.1821283525390625 0.424656375 0.163612908203125 0.489675931640625 0.1628722451171875 0.495118830078125 0.14486671875 0.4974557470703125 0.0304457119140625 0.4900927255859375 0.0206736552734375 0.470920291015625 0.014008083984375 0.416876166015625 0.014583896484375 0.3769341123046875 0.0136116513671875
52 0.26708984375 0.11962890625 0.02734375 0.0283203125
52 0.26318359375 0.013671875 0.029296875 0.02734375
52 0.18408203125 0.1279296875 0.03125 0.02734375
28 0.3680205986328125 0.7566835771484375 0.3730796455078125 0.8852356640625 0.4460146064453125 0.87305565234375 0.4905758271484375 0.869970572265625 0.4924731533203125 0.7414010390625 0.4833668720703125 0.728815564453125 0.4500656396484375 0.733200107421875 0.378138693359375 0.728815564453125 0.3680205986328125 0.7566835771484375
16 0.47314453125 0.85546875 0.025390625 0.0283203125
16 0.3896484375 0.7529296875 0.0302734375 0.03125
16 0.47412109375 0.755859375 0.03125 0.0302734375
16 0.38916015625 0.8525390625 0.03125 0.0283203125
52 0.1826171875 0.0263671875 0.0302734375 0.0224609375
51 0.48193359375 0.70458984375 0.03125 0.0234375
51 0.486328125 0.60205078125 0.029296875 0.02734375
51 0.4033203125 0.58740234375 0.03125 0.02734375
51 0.3984375 0.69287109375 0.02734375 0.029296875
47 0.1533203125 0.2978515625 0.029296875 0.025390625
40 0.32080078125 0.2529296875 0.02734375 0.025390625
40 0.3203125 0.15087890625 0.02734375 0.03125
10 0.2666015625 0.14892578125 0.025390625 0.0341796875
10 0.26708984375 0.25341796875 0.025390625 0.025390625
47 0.23486328125 0.287109375 0.0283203125 0.025390625
47 0.23779296875 0.3916015625 0.02734375 0.02734375
47 0.158203125 0.3984375 0.029296875 0.0263671875
54 0.29443359375 0.259765625 0.025390625 0.0234375
54 0.29345703125 0.158203125 0.0234375 0.02734375
44 0.4599609375 0.197265625 0.02734375 0.03125
26 0.23291015625 0.6591796875 0.025390625 0.029296875
26 0.1513671875 0.65234375 0.02734375 0.0263671875
26 0.15234375 0.54736328125 0.02734375 0.029296875
26 0.23486328125 0.5556640625 0.029296875 0.025390625
13 0.3994140625 0.50146484375 0.044921875 0.021484375
13 0.4521484375 0.39599609375 0.044921875 0.017578125
32 0.080078125 0.9091796875 0.02734375 0.0234375
32 0.0888671875 0.8046875 0.0263671875 0.0283203125
13 0.4830517197265625 0.5201946572265626 0.4849434140625 0.3864091953125 0.3676583427734375 0.3803585869140625 0.36538830078125 0.5161609345703125 0.4830517197265625 0.5201946572265626
44 0.4861291826171875 0.3029065341796875 0.4828680048828125 0.282322298828125 0.4562807861328125 0.292118896484375 0.457292619140625 0.314593056640625 0.4861291826171875 0.3029065341796875
44 0.40417261328125 0.337067216796875 0.4019475947265625 0.3160391357421875 0.37331243359375 0.3244817412109375 0.376347853515625 0.3514507333984375 0.40417261328125 0.337067216796875
44 0.3935486220703125 0.2309892216796875 0.3895013876953125 0.2094140146484375 0.3606648154296875 0.2219995576171875 0.3652179462890625 0.24806959765625 0.3935486220703125 0.2309892216796875
37 0.22021484375 0.25634765625 0.025390625 0.02734375
37 0.2197265625 0.1533203125 0.025390625 0.0234375
37 0.134765625 0.16162109375 0.0283203125 0.01953125
37 0.13525390625 0.26611328125 0.02734375 0.0263671875
12 0.193359375 0.78759765625 0.025390625 0.029296875
12 0.1982421875 0.68310546875 0.025390625 0.0234375
12 0.1142578125 0.6787109375 0.02734375 0.02734375
12 0.109375 0.78125 0.0263671875 0.0234375