28 0.56640625 0.70703125 0.146484375 0.2216796875
41 0.6982421875 0.888671875 0.02734375 0.0234375
41 0.70068359375 0.9912109375 0.0283203125 0.017578125
0 0.8583984375 0.9716796875 0.03125 0.02734375
16 0.51416015625 0.21435546875 0.02734375 0.0244140625
16 0.5146484375 0.10986328125 0.0263671875 0.0234375
16 0.59912109375 0.11572265625 0.029296875 0.0263671875
16 0.59912109375 0.21728515625 0.029296875 0.0234375
51 0.59814453125 0.2626953125 0.02734375 0.025390625
51 0.515625 0.2587890625 0.029296875 0.03125
51 0.51220703125 0.361328125 0.029296875 0.0244140625
38 0.51513671875 0.39306640625 0.02734375 0.025390625
13 0.931640625 0.8720703125 0.0791015625 0.2119140625
13 0.89990234375 0.828125 0.0078125 0.0830078125
13 0.962890625 0.91357421875 0.009765625 0.07421875
0 0.7734375 0.98095703125 0.029296875 0.02734375
28 0.5576171875 0.16015625 0.125 0.154296875
10 0.73046875 0.8544921875 0.029296875 0.02734375
52 0.732421875 0.88330078125 0.029296875 0.0322265625
0 0.7705078125 0.87548828125 0.029296875 0.03125
37 0.77783203125 0.73876953125 0.0283203125 0.0283203125
37 0.77978515625 0.84130859375 0.029296875 0.029296875
39 0.88525390625 0.46142578125 0.03125 0.037109375
52 0.73779296875 0.98486328125 0.0283203125 0.02734375
37 0.8642578125 0.8359375 0.03125 0.029296875
37 0.86083984375 0.73291015625 0.03125 0.03125
0 0.853515625 0.86669921875 0.02734375 0.0263671875
10 0.7275390625 0.75341796875 0.0263671875 0.03125
39 0.88720703125 0.359375 0.0302734375 0.02734375
24 0.91064453125 0.328125 0.02734375 0.02734375
45 0.884765625 0.69677734375 0.033203125 0.025390625
45 0.8037109375 0.70458984375 0.0263671875 0.029296875
26 0.765625 0.44677734375 0.0283203125 0.03125
45 0.79931640625 0.60205078125 0.0302734375 0.0263671875
45 0.8818359375 0.58935546875 0.029296875 0.03125
39 0.80224609375 0.45654296875 0.02734375 0.02734375
39 0.8046875 0.3515625 0.029296875 0.0302734375
38 0.59765625 0.39892578125 0.029296875 0.025390625
51 0.5966796875 0.3623046875 0.0302734375 0.025390625