37 0.6787109375 0.91650390625 0.01953125 0.025390625
37 0.78466796875 0.83251953125 0.0234375 0.0234375
37 0.6796875 0.83154296875 0.0263671875 0.0234375
37 0.7802734375 0.91748046875 0.0234375 0.0302734375
32 0.9150390625 0.830078125 0.0263671875 0.0234375
32 0.81103515625 0.83056640625 0.0263671875 0.025390625
28 0.294561248046875 0.6459131123046875 0.3332506943359375 0.6431335888671875 0.3423056650390625 0.5226872529296875 0.216359125 0.516664939453125 0.165014458984375 0.532570375 0.197288302734375 0.64674230078125 0.251755837890625 0.6431335888671875 0.294561248046875 0.6459131123046875
41 0.01318359375 0.697265625 0.0263671875 0.02734375
41 0.11181640625 0.6943359375 0.0234375 0.029296875
27 0.0136116513671875 0.6230658876953125 0.0281955478515625 0.6258016455078125 0.0359736552734375 0.6438576396484375 0.1847293544921875 0.62853740234375 0.1652841591796875 0.5098055419921875 0.14486671875 0.504881169921875 0.0304457119140625 0.5025442529296875 0.0184729501953125 0.5234843232421875 0 0.5284086845703125 0.014583896484375 0.583123833984375 0.0136116513671875 0.6230658876953125
52 0.11962890625 0.73291015625 0.0283203125 0.02734375
52 0.013671875 0.73681640625 0.02734375 0.029296875
52 0.1279296875 0.81591796875 0.02734375 0.03125
28 0.7566835771484375 0.6319794013671876 0.8852356640625 0.6269203544921875 0.87305565234375 0.5539853935546875 0.869970572265625 0.5094241728515625 0.7414010390625 0.5075268466796875 0.728815564453125 0.5166331279296875 0.733200107421875 0.5499343603515625 0.728815564453125 0.621861306640625 0.7566835771484375 0.6319794013671876
16 0.85546875 0.52685546875 0.0283203125 0.025390625
16 0.7529296875 0.6103515625 0.03125 0.0302734375
16 0.755859375 0.52587890625 0.0302734375 0.03125
16 0.8525390625 0.61083984375 0.0283203125 0.03125
52 0.0263671875 0.8173828125 0.0224609375 0.0302734375
51 0.70458984375 0.51806640625 0.0234375 0.03125
51 0.60205078125 0.513671875 0.02734375 0.029296875
51 0.58740234375 0.5966796875 0.02734375 0.03125
51 0.69287109375 0.6015625 0.029296875 0.02734375
40 0.2529296875 0.67919921875 0.025390625 0.02734375
40 0.15087890625 0.6796875 0.03125 0.02734375
10 0.14892578125 0.7333984375 0.0341796875 0.025390625
10 0.15625 0.81689453125 0.025390625 0.029296875
10 0.25244140625 0.81787109375 0.0234375 0.029296875
10 0.25341796875 0.73291015625 0.025390625 0.025390625
47 0.29248046875 0.76513671875 0.025390625 0.0283203125
47 0.39599609375 0.76220703125 0.02734375 0.02734375
54 0.259765625 0.70556640625 0.0234375 0.025390625
54 0.158203125 0.70654296875 0.02734375 0.0234375
5 0.31591796875 0.54150390625 0.0322265625 0.0234375
5 0.212890625 0.5419921875 0.02734375 0.0234375
5 0.21533203125 0.62744140625 0.01953125 0.02734375
5 0.318359375 0.6259765625 0.025390625 0.02734375
26 0.6591796875 0.76708984375 0.029296875 0.025390625
26 0.65234375 0.8486328125 0.0263671875 0.02734375
26 0.54736328125 0.84765625 0.029296875 0.02734375
26 0.5556640625 0.76513671875 0.025390625 0.029296875
13 0.50146484375 0.6005859375 0.021484375 0.044921875
13 0.39599609375 0.5478515625 0.017578125 0.044921875
32 0.91748046875 0.91650390625 0.0234375 0.02734375
32 0.81396484375 0.91552734375 0.0283203125 0.0263671875
13 0.5201946572265626 0.5169482802734375 0.3864091953125 0.5150565859375 0.3803585869140625 0.6323416572265625 0.5161609345703125 0.63461169921875 0.5201946572265626 0.5169482802734375