41 0.6953125 0.89208984375 0.02734375 0.0234375
41 0.69970703125 0.994140625 0.025390625 0.01171875
52 0.736328125 0.9794921875 0.0283203125 0.0302734375
52 0.73486328125 0.87744140625 0.02734375 0.0283203125
52 0.82080078125 0.97705078125 0.03125 0.02734375
52 0.8173828125 0.87158203125 0.02734375 0.0283203125
40 0.6796875 0.85498046875 0.0263671875 0.0224609375
40 0.6787109375 0.75048828125 0.02734375 0.025390625
54 0.70751953125 0.8466796875 0.025390625 0.025390625
54 0.70703125 0.7412109375 0.02734375 0.025390625
10 0.73486328125 0.853515625 0.02734375 0.01953125
10 0.73193359375 0.7490234375 0.0234375 0.0263671875
37 0.78173828125 0.8447265625 0.025390625 0.0234375
37 0.7783203125 0.74267578125 0.029296875 0.0224609375
37 0.865234375 0.84130859375 0.0283203125 0.01953125
37 0.86181640625 0.736328125 0.0283203125 0.02734375
47 0.7607421875 0.60888671875 0.03125 0.02734375
47 0.763671875 0.7099609375 0.02734375 0.025390625
47 0.84765625 0.701171875 0.029296875 0.0224609375
47 0.84228515625 0.59716796875 0.029296875 0.02734375
26 0.763671875 0.44970703125 0.025390625 0.0283203125
26 0.84765625 0.45166015625 0.0302734375 0.025390625
26 0.84814453125 0.3466796875 0.029296875 0.025390625
27 0.64255128515625 0.972179470703125 0.6486206181640625 0.958959283203125 0.638244025390625 0.8281491201171876 0.5881231171875 0.8406734931640625 0.508015935546875 0.83893399609375 0.5039044619140625 0.9645256689453126 0.51446562890625 0.9838200009765625 0.53879977734375 0.9927055263671875 0.5630314638671875 0.9840224697265625 0.6237703837890625 0.9874870224609374 0.64255128515625 0.972179470703125
28 0.63242917578125 0.2432858310546875 0.6274187587890625 0.128879015625 0.620153669921875 0.11507901953125 0.5545172021484375 0.1275435830078125 0.509673984375 0.126653203125 0.5081538759765625 0.25968317578125 0.5191937685546875 0.2704407021484375 0.5515109501953125 0.2655439560546875 0.6214062744140625 0.2726665146484375 0.63242917578125 0.2432858310546875
28 0.6060544423828125 0.814264162109375 0.6323591201171875 0.8151545078125 0.664676291015625 0.7528317587890625 0.634363275390625 0.6366443203125 0.511357552734375 0.6575669443359375 0.5068481845703126 0.7822124765625 0.530146609375 0.838302943359375 0.543925259765625 0.8374126318359375 0.5709815078125 0.8440900693359376 0.6060544423828125 0.814264162109375
39 0.52685546875 0.7880859375 0.025390625 0.025390625
16 0.52734375 0.24951171875 0.02734375 0.0244140625
16 0.52587890625 0.14306640625 0.0263671875 0.0234375
16 0.6103515625 0.14453125 0.029296875 0.0263671875
16 0.6103515625 0.24951171875 0.029296875 0.0234375
51 0.60107421875 0.30615234375 0.02734375 0.025390625
51 0.517578125 0.29736328125 0.029296875 0.03125
51 0.51318359375 0.400390625 0.029296875 0.0244140625
51 0.5966796875 0.41064453125 0.03125 0.029296875
44 0.9462890625 0.189453125 0.03125 0.03515625
24 0.916015625 0.22998046875 0.0302734375 0.0361328125
24 0.91064453125 0.330078125 0.03125 0.0322265625