28 0.3493925576171875 0.290555884765625 0.3623157744140625 0.303259412109375 0.3620408017578125 0.3213373671875 0.381838095703125 0.337460951171875 0.4307813857421875 0.341369619140625 0.4582776318359375 0.3540730712890625 0.4659765634765625 0.341858380859375 0.4973222744140625 0.3408810830078125 0.5003468544921875 0.2177553759765625 0.4920979892578125 0.1938143818359375 0.47809330078125 0.182638486328125 0.417583197265625 0.187951341796875 0.371664498046875 0.165964568359375 0.3493925576171875 0.290555884765625
41 0.3046875 0.10791015625 0.02734375 0.0234375
41 0.30029296875 0.005859375 0.025390625 0.01171875
52 0.267578125 0.0244140625 0.0283203125 0.0302734375
0 0.150390625 0.015625 0.03125 0.02734375
37 0.1376953125 0.1611328125 0.0283203125 0.0234375
26 0.234375 0.55029296875 0.029296875 0.0283203125
27 0.497047302734375 0.0267152783203125 0.38467653125 0.016139076171875 0.3746890673828125 0.03013541015625 0.375513962890625 0.16205575 0.4904482080078125 0.1615672138671875 0.497047302734375 0.0267152783203125
28 0.4988789794921875 0.9138608095703125 0.50187954296875 0.769900900390625 0.38719126171875 0.7592371865234375 0.38119016015625 0.8848318056640625 0.3865244931640625 0.913268345703125 0.4988789794921875 0.9138608095703125
16 0.48583984375 0.78564453125 0.02734375 0.0244140625
16 0.4853515625 0.89013671875 0.0263671875 0.0234375
16 0.40087890625 0.88427734375 0.029296875 0.0263671875
16 0.40087890625 0.78271484375 0.029296875 0.0234375
51 0.40087890625 0.73388671875 0.02734375 0.025390625
51 0.484375 0.7412109375 0.029296875 0.03125
51 0.48779296875 0.638671875 0.029296875 0.0244140625
51 0.40478515625 0.6337890625 0.03125 0.029296875
32 0.16455078125 0.9306640625 0.0283203125 0.0263671875
32 0.17431640625 0.82763671875 0.029296875 0.02734375
44 0.13818359375 0.8232421875 0.02734375 0.0283203125
44 0.1337890625 0.92626953125 0.02734375 0.0302734375
24 0.16650390625 0.78662109375 0.029296875 0.0302734375
12 0.1943359375 0.787109375 0.02734375 0.0263671875
26 0.2333984375 0.65380859375 0.029296875 0.0263671875
44 0.0498046875 0.91748046875 0.033203125 0.02734375
39 0.19482421875 0.64892578125 0.0283203125 0.03125
39 0.197265625 0.54248046875 0.02734375 0.0263671875
38 0.4853515625 0.59326171875 0.029296875 0.02734375
38 0.39990234375 0.59228515625 0.029296875 0.03125
38 0.486328125 0.490234375 0.0283203125 0.0234375
13 0.068359375 0.1279296875 0.078125 0.2119140625
13 0.10009765625 0.171875 0.0078125 0.0830078125
13 0.037109375 0.08642578125 0.009765625 0.07421875
38 0.40234375 0.48828125 0.025390625 0.02734375
46 0.4645342373046875 0.32829881640625 0.4378365322265625 0.3121390810546875 0.4327138583984375 0.3307086376953125 0.4573026962890625 0.348914091796875 0.4645342373046875 0.32829881640625
46 0.450335859375 0.2342197353515625 0.476312845703125 0.250002369140625 0.4810719052734375 0.2273016572265625 0.4538192724609375 0.2138296328125 0.450335859375 0.2342197353515625
46 0.397264935546875 0.20545511328125 0.4013630751953125 0.18105981640625 0.3763644365234375 0.163946673828125 0.371446666015625 0.189070205078125 0.397264935546875 0.20545511328125
46 0.3827165576171875 0.28228212109375 0.3595620703125 0.2677177587890625 0.3544393955078125 0.2855591083984375 0.3784135068359375 0.3019440166015625 0.3827165576171875 0.28228212109375
0 0.14892578125 0.11962890625 0.0283203125 0.0283203125
0 0.23583984375 0.0146484375 0.029296875 0.02734375
24 0.17236328125 0.68408203125 0.029296875 0.029296875