27 0.0869140625 0.56591796875 0.1611328125 0.126953125
52 0.15673828125 0.70556640625 0.0224609375 0.02734375
52 0.26220703125 0.7080078125 0.017578125 0.02734375
47 0.27392578125 0.74072265625 0.0205078125 0.0283203125
47 0.38134765625 0.740234375 0.0205078125 0.02734375
47 0.38037109375 0.8251953125 0.017578125 0.025390625
23 0.74365234375 0.5244140625 0.029296875 0.0283203125
23 0.84814453125 0.52099609375 0.025390625 0.029296875
23 0.74755859375 0.607421875 0.033203125 0.025390625
23 0.85205078125 0.60888671875 0.033203125 0.02734375
47 0.275390625 0.82373046875 0.01953125 0.0244140625
37 0.6787109375 0.91650390625 0.01953125 0.025390625
54 0.5087890625 0.7578125 0.021484375 0.0263671875
54 0.40625 0.75830078125 0.01953125 0.0244140625
54 0.4072265625 0.8408203125 0.021484375 0.0244140625
54 0.5107421875 0.84033203125 0.0234375 0.025390625
53 0.02734375 0.67724609375 0.021484375 0.025390625
53 0.1357421875 0.67822265625 0.02734375 0.025390625
53 0.03076171875 0.7626953125 0.01953125 0.025390625
26 0.54248046875 0.76904296875 0.029296875 0.0263671875
26 0.544921875 0.85205078125 0.0224609375 0.0244140625
26 0.64697265625 0.85302734375 0.0205078125 0.025390625
52 0.15283203125 0.787109375 0.0166015625 0.0302734375
53 0.13232421875 0.763671875 0.0224609375 0.029296875
37 0.78466796875 0.83251953125 0.0234375 0.0234375
37 0.6796875 0.83154296875 0.0263671875 0.0234375
37 0.7802734375 0.91748046875 0.0234375 0.0302734375
45 0.33544921875 0.54248046875 0.0234375 0.0283203125
45 0.3291015625 0.62646484375 0.0224609375 0.03125
45 0.224609375 0.62255859375 0.021484375 0.029296875
45 0.23291015625 0.53955078125 0.021484375 0.0302734375
32 0.9150390625 0.830078125 0.0263671875 0.0234375
32 0.81103515625 0.83056640625 0.0263671875 0.025390625
16 0.9130859375 0.85986328125 0.02734375 0.029296875
16 0.91552734375 0.9443359375 0.02734375 0.033203125
16 0.81396484375 0.943359375 0.025390625 0.033203125
16 0.810546875 0.85888671875 0.02734375 0.0234375
1 0.203125 0.54638671875 0.017578125 0.0234375
26 0.646484375 0.7685546875 0.0263671875 0.025390625
28 0.26708984375 0.5810546875 0.19140625 0.1416015625