52 0.25244140625 0.7880859375 0.017578125 0.025390625
47 0.38037109375 0.8251953125 0.017578125 0.025390625
23 0.74365234375 0.5244140625 0.029296875 0.0283203125
23 0.84814453125 0.52099609375 0.025390625 0.029296875
23 0.74755859375 0.607421875 0.033203125 0.025390625
23 0.85205078125 0.60888671875 0.033203125 0.02734375
47 0.275390625 0.82373046875 0.01953125 0.0244140625
54 0.4072265625 0.84033203125 0.021484375 0.0234375
53 0.02734375 0.67724609375 0.021484375 0.025390625
53 0.03076171875 0.7626953125 0.01953125 0.025390625
52 0.15234375 0.787109375 0.0166015625 0.0302734375
53 0.13232421875 0.763671875 0.0224609375 0.029296875
37 0.78466796875 0.83251953125 0.0234375 0.0234375
32 0.9150390625 0.830078125 0.0263671875 0.0234375
32 0.81103515625 0.83056640625 0.0263671875 0.025390625
16 0.9130859375 0.85986328125 0.02734375 0.029296875
28 0.192666564453125 0.52444540234375 0.165521662109375 0.5311669052734375 0.1904950048828125 0.6228237158203125 0.1951162900390625 0.6555050029296875 0.3359916953125 0.6539870498046875 0.3511928564453125 0.6356556845703125 0.3403348955078125 0.5824947236328125 0.344678013671875 0.5226122587890625 0.326219513671875 0.5189459951171875 0.3121041318359375 0.5122244931640625 0.267586509765625 0.517723900390625 0.220897328125 0.5146686728515625 0.192666564453125 0.52444540234375
26 0.6494140625 0.7685546875 0.02734375 0.029296875
10 0.3271484375 0.53662109375 0.029296875 0.025390625
10 0.31591796875 0.62109375 0.0234375 0.029296875
10 0.2236328125 0.53076171875 0.025390625 0.0234375