52 0.845703125 0.2099609375 0.021484375 0.02734375
16 0.8623046875 0.32080078125 0.0224609375 0.0234375
16 0.96630859375 0.32177734375 0.0185546875 0.029296875
16 0.96923828125 0.236328125 0.01953125 0.02734375
27 0.908203125 0.4306640625 0.140625 0.1240234375
35 0.7822265625 0.38427734375 0.015625 0.0263671875
37 0.21533203125 0.166015625 0.025390625 0.0263671875
52 0.74169921875 0.20703125 0.017578125 0.025390625
35 0.78759765625 0.46826171875 0.017578125 0.025390625
35 0.68310546875 0.47021484375 0.01953125 0.0224609375
35 0.67626953125 0.38427734375 0.021484375 0.0263671875
16 0.86474609375 0.23583984375 0.0185546875 0.025390625
52 0.83935546875 0.29248046875 0.0224609375 0.02734375
52 0.73779296875 0.291015625 0.017578125 0.02734375
47 0.71728515625 0.26123046875 0.0205078125 0.0283203125
47 0.611328125 0.2607421875 0.0205078125 0.02734375
47 0.72265625 0.17822265625 0.0234375 0.0283203125
47 0.61767578125 0.1748046875 0.017578125 0.025390625
23 0.591205943359375 0.245808798828125 0.59581857421875 0.221198677734375 0.5777580263671875 0.2192627138671875 0.576898015625 0.2458821181640625 0.591205943359375 0.245808798828125
23 0.46681503515625 0.2420102080078125 0.489061185546875 0.2427847763671875 0.494335763671875 0.2163587861328125 0.4702550771484375 0.2153908046875 0.46681503515625 0.2420102080078125
23 0.5794781123046875 0.162635978515625 0.5987323994140625 0.1641601923828125 0.6026987236328125 0.1374685380859375 0.5829182197265625 0.13698451953125 0.5794781123046875 0.162635978515625
23 0.4771352919921875 0.15924805078125 0.4986358818359375 0.15924805078125 0.4994958916015625 0.13359662890625 0.479715388671875 0.13359662890625 0.4771352919921875 0.15924805078125
53 0.45556640625 0.205078125 0.021484375 0.0283203125
53 0.35107421875 0.205078125 0.0224609375 0.025390625
37 0.3193359375 0.16796875 0.021484375 0.02734375
37 0.21435546875 0.08251953125 0.01953125 0.029296875
54 0.18798828125 0.14697265625 0.017578125 0.02734375
54 0.08544921875 0.1455078125 0.03125 0.0263671875
54 0.18896484375 0.0625 0.0234375 0.0263671875
54 0.08740234375 0.06103515625 0.02734375 0.0302734375