41 0.89208984375 0.3046875 0.0234375 0.02734375
41 0.994140625 0.30029296875 0.01171875 0.025390625
52 0.9794921875 0.263671875 0.0302734375 0.0283203125
52 0.87744140625 0.26513671875 0.0283203125 0.02734375
52 0.97705078125 0.17919921875 0.02734375 0.03125
52 0.87158203125 0.1826171875 0.02734375 0.02734375
40 0.8642578125 0.3203125 0.0224609375 0.0263671875
40 0.7587890625 0.32275390625 0.025390625 0.02734375
54 0.8466796875 0.29248046875 0.025390625 0.025390625
54 0.7412109375 0.29296875 0.025390625 0.02734375
10 0.853515625 0.26513671875 0.01953125 0.02734375
10 0.7490234375 0.26806640625 0.0263671875 0.0234375
37 0.84130859375 0.134765625 0.01953125 0.0283203125
26 0.44970703125 0.236328125 0.0283203125 0.025390625
27 0.83893399609375 0.491984064453125 0.9645256689453126 0.4960955380859375 0.9838200009765625 0.48553437109375 0.98773584765625 0.37763001953125 0.978312767578125 0.36849712890625 0.84309162890625 0.3697628408203125 0.83893399609375 0.491984064453125
28 0.0861391904296875 0.4988789794921875 0.230099099609375 0.50187954296875 0.2407628134765625 0.38719126171875 0.1151681943359375 0.38119016015625 0.086731654296875 0.3865244931640625 0.0861391904296875 0.4988789794921875
16 0.21435546875 0.48583984375 0.0244140625 0.02734375
16 0.10986328125 0.4853515625 0.0234375 0.0263671875
16 0.11572265625 0.40087890625 0.0263671875 0.029296875
16 0.21728515625 0.40087890625 0.0244140625 0.029296875
51 0.26611328125 0.40087890625 0.025390625 0.02734375
51 0.2587890625 0.484375 0.03125 0.029296875
51 0.361328125 0.48779296875 0.0244140625 0.029296875
51 0.3662109375 0.40478515625 0.029296875 0.03125
19 0.79638671875 0.37646484375 0.021484375 0.029296875
32 0.06787109375 0.1650390625 0.0224609375 0.02734375
32 0.17236328125 0.1748046875 0.02734375 0.02734375
44 0.1767578125 0.13818359375 0.0283203125 0.02734375
44 0.07373046875 0.1337890625 0.0302734375 0.02734375
24 0.21435546875 0.16748046875 0.0283203125 0.02734375
12 0.21142578125 0.1953125 0.0234375 0.0263671875
26 0.34619140625 0.2333984375 0.0263671875 0.029296875
39 0.35107421875 0.19482421875 0.03125 0.0283203125
30 0.45751953125 0.197265625 0.0263671875 0.02734375
38 0.40673828125 0.4853515625 0.02734375 0.029296875
38 0.40771484375 0.39990234375 0.03125 0.029296875
38 0.509765625 0.486328125 0.0234375 0.0283203125
13 0.8720703125 0.068359375 0.2119140625 0.078125
13 0.828125 0.10009765625 0.0830078125 0.0078125
13 0.91357421875 0.037109375 0.07421875 0.009765625
38 0.51171875 0.40234375 0.02734375 0.025390625
19 0.6953125 0.4677734375 0.03125 0.029296875
19 0.80078125 0.46728515625 0.021484375 0.0263671875
19 0.6904296875 0.3837890625 0.0234375 0.02734375
28 0.680190970703125 0.484805849609375 0.804439623046875 0.4839667919921875 0.817361513671875 0.47809330078125 0.8104035810546875 0.3664969833984375 0.672239064453125 0.3664969833984375 0.680190970703125 0.484805849609375