47 0.27880859375 0.73876953125 0.0205078125 0.0283203125
47 0.38037109375 0.8251953125 0.017578125 0.025390625
23 0.74365234375 0.5244140625 0.029296875 0.0283203125
23 0.84814453125 0.52099609375 0.025390625 0.029296875
23 0.74755859375 0.607421875 0.033203125 0.025390625
23 0.85205078125 0.60888671875 0.033203125 0.02734375
47 0.275390625 0.82373046875 0.01953125 0.0244140625
37 0.78466796875 0.83251953125 0.0234375 0.0234375
32 0.9150390625 0.830078125 0.0263671875 0.0234375
32 0.81103515625 0.83056640625 0.0263671875 0.025390625
16 0.9130859375 0.85986328125 0.02734375 0.029296875
16 0.8134765625 0.85986328125 0.02734375 0.0234375
28 0.1953465947265625 0.5241317587890625 0.165521662109375 0.5317140380859375 0.185932287109375 0.592785244140625 0.1897899072265625 0.6434643447265626 0.3395179248046875 0.647841552734375 0.3414624150390625 0.6314270078125 0.357990875 0.62704980078125 0.3455831416015625 0.591902220703125 0.3754915068359375 0.508317923828125 0.2510423017578125 0.490809072265625 0.2302579697265625 0.52015823828125 0.21535198046875 0.519716744140625 0.1953465947265625 0.5241317587890625
10 0.2390843662109375 0.5807489599609374 0.214407080078125 0.57687294921875 0.201819421875 0.6039277822265625 0.224962919921875 0.6065767841796875 0.2390843662109375 0.5807489599609374
10 0.3367577529296875 0.59430147265625 0.3183739208984375 0.5911946123046875 0.3030231474609375 0.6163765458984375 0.3269511884765625 0.619025556640625 0.3367577529296875 0.59430147265625
10 0.27377436328125 0.49842495703125 0.252199921875 0.4962174501953125 0.2380784755859375 0.51895478125 0.2600451728515625 0.520941529296875 0.27377436328125 0.49842495703125
10 0.3737846005859375 0.51263975 0.358054302734375 0.510916150390625 0.3420113076171875 0.5344940751953124 0.36201672265625 0.538026083984375 0.3737846005859375 0.51263975
5 0.2229512861328125 0.52580750390625 0.20490718359375 0.5271320048828125 0.210006609375 0.55273909375 0.226481625 0.5514145849609375 0.2229512861328125 0.52580750390625
41 0.0234375 0.69580078125 0.02734375 0.0234375
41 0.1259765625 0.6943359375 0.0234375 0.029296875
27 0.0137971845703125 0.6230658662109375 0.0283810810546875 0.625801623046875 0.0361591884765625 0.6438576181640625 0.1849148876953125 0.628537380859375 0.1654696923828125 0.5098055205078125 0.145052251953125 0.5048811484375 0.0306312451171875 0.5025442314453125 0.0186584833984375 0.5234843017578125 0.000185533203125 0.5284086630859375 0.0147694296875 0.5831238115234375 0.0137971845703125 0.6230658662109375
5 0.24398516015625 0.608439236328125 0.223567646484375 0.6106278505859375 0.229401263671875 0.6363439541015625 0.2517631943359375 0.6368911171875 0.24398516015625 0.608439236328125
52 0 0.7489985537109375 0.0177071767578125 0.747640306640625 0.014031001953125 0.7230495673828125 0 0.7248896484375 0 0.7489985537109375
52 0.1213665654296875 0.7148795908203125 0.1001714619140625 0.7170482958984375 0.1065942294921875 0.7430726396484375 0.1271470654296875 0.7409039482421875 0.1213665654296875 0.7148795908203125
52 0.0314478193359375 0.803581451171875 0.011402291015625 0.807144705078125 0.0179600166015625 0.8332202880859375 0.040439703125 0.8303286962890625 0.0314478193359375 0.803581451171875
15 0.261759521484375 0.675794978515625 0.2387590419921875 0.6803792509765625 0.25600941015625 0.7016826201171875 0.2823641513671875 0.69817700390625 0.261759521484375 0.675794978515625
15 0.3571157705078125 0.66554779296875 0.339193888671875 0.669910947265625 0.359990826171875 0.6879298125 0.3815537958984375 0.6841545263671875 0.3571157705078125 0.66554779296875