28 0.43017578125 0.2724609375 0.134765625 0.1826171875
41 0.3017578125 0.111328125 0.02734375 0.0234375
41 0.29931640625 0.0087890625 0.0283203125 0.017578125
0 0.1416015625 0.0283203125 0.03125 0.02734375
16 0.48583984375 0.78564453125 0.02734375 0.0244140625
16 0.4853515625 0.89013671875 0.0263671875 0.0234375
16 0.40087890625 0.88427734375 0.029296875 0.0263671875
16 0.40087890625 0.78271484375 0.029296875 0.0234375
51 0.40087890625 0.73388671875 0.02734375 0.025390625
51 0.484375 0.7412109375 0.029296875 0.03125
51 0.48779296875 0.638671875 0.029296875 0.0244140625
38 0.48486328125 0.60693359375 0.02734375 0.025390625
38 0.486328125 0.501953125 0.0283203125 0.0234375
13 0.068359375 0.1279296875 0.078125 0.2119140625
13 0.10009765625 0.171875 0.0078125 0.0830078125
13 0.037109375 0.08642578125 0.009765625 0.07421875
0 0.2265625 0.01904296875 0.029296875 0.02734375
28 0.4423828125 0.83984375 0.125 0.154296875
10 0.26953125 0.1455078125 0.029296875 0.02734375
52 0.267578125 0.11669921875 0.029296875 0.03125
0 0.2294921875 0.12451171875 0.029296875 0.03125
37 0.22412109375 0.26123046875 0.0283203125 0.029296875
37 0.2236328125 0.16015625 0.029296875 0.029296875
39 0.11474609375 0.53857421875 0.03125 0.037109375
52 0.26318359375 0.01513671875 0.0263671875 0.02734375
37 0.13818359375 0.16650390625 0.03125 0.029296875
37 0.13916015625 0.271484375 0.03125 0.03125
0 0.146484375 0.13330078125 0.02734375 0.025390625
10 0.2724609375 0.24658203125 0.0263671875 0.03125
27 0.4208984375 0.09228515625 0.146484375 0.17578125
39 0.11279296875 0.640625 0.0302734375 0.02734375
24 0.08935546875 0.671875 0.02734375 0.02734375
48 0.3837890625 0.23779296875 0.029296875 0.0341796875
45 0.115234375 0.3056640625 0.033203125 0.021484375
45 0.1962890625 0.29541015625 0.0263671875 0.029296875
26 0.234375 0.55322265625 0.0283203125 0.03125
24 0.1728515625 0.68603515625 0.025390625 0.02734375
24 0.0849609375 0.77294921875 0.033203125 0.03515625
45 0.20068359375 0.39794921875 0.0302734375 0.0263671875
45 0.1181640625 0.41064453125 0.029296875 0.03125
39 0.19775390625 0.54345703125 0.02734375 0.02734375
39 0.1953125 0.6484375 0.029296875 0.0302734375
48 0.3935546875 0.3369140625 0.033203125 0.0322265625
48 0.47607421875 0.310546875 0.0302734375 0.03515625
48 0.46728515625 0.20849609375 0.0302734375 0.037109375
1 0.02978515625 0.814453125 0.0283203125 0.03125