37 0.91650390625 0.3212890625 0.025390625 0.01953125
37 0.83251953125 0.21533203125 0.0234375 0.0234375
37 0.83154296875 0.3203125 0.0234375 0.0263671875
37 0.91748046875 0.2197265625 0.0302734375 0.0234375
32 0.830078125 0.0849609375 0.0234375 0.0263671875
32 0.83056640625 0.18896484375 0.025390625 0.0263671875
16 0.85986328125 0.0869140625 0.029296875 0.02734375
16 0.9443359375 0.08447265625 0.033203125 0.02734375
16 0.943359375 0.18603515625 0.033203125 0.025390625
16 0.85986328125 0.1865234375 0.0234375 0.02734375
28 0.6459131123046875 0.705438751953125 0.6431335888671875 0.6667493056640625 0.5226872529296875 0.6576943349609375 0.516664939453125 0.783640875 0.532570375 0.834985541015625 0.64674230078125 0.802711697265625 0.6431335888671875 0.748244162109375 0.6459131123046875 0.705438751953125
41 0.697265625 0.98681640625 0.02734375 0.0263671875
41 0.6943359375 0.88818359375 0.029296875 0.0234375
27 0.6230658876953125 0.9863883486328126 0.6258016455078125 0.9718044521484375 0.6438576396484375 0.9640263447265625 0.62853740234375 0.8152706455078125 0.5098055419921875 0.8347158408203125 0.504881169921875 0.85513328125 0.5025442529296875 0.9695542880859375 0.5234843232421875 0.9815270498046875 0.5284086845703125 1 0.583123833984375 0.985416103515625 0.6230658876953125 0.9863883486328126
52 0.73291015625 0.88037109375 0.02734375 0.0283203125
52 0.73681640625 0.986328125 0.029296875 0.02734375
52 0.81591796875 0.8720703125 0.03125 0.02734375
28 0.628273705078125 0.13854940625 0.5133864423828125 0.11138443359375 0.501805064453125 0.2455628388671875 0.50826955859375 0.2618963955078125 0.6157658134765625 0.2809596142578125 0.6264206953125 0.27025824609375 0.628273705078125 0.13854940625
15 0.52783203125 0.13525390625 0.025390625 0.0283203125
15 0.60400390625 0.25439453125 0.0302734375 0.03125
15 0.51904296875 0.24072265625 0.03125 0.0302734375
15 0.6103515625 0.15283203125 0.03125 0.0283203125
52 0.8173828125 0.9736328125 0.0302734375 0.0224609375
51 0.51806640625 0.29541015625 0.03125 0.0234375
51 0.513671875 0.39794921875 0.029296875 0.02734375
51 0.5966796875 0.41259765625 0.03125 0.02734375
51 0.6015625 0.30712890625 0.02734375 0.029296875
47 0.83056640625 0.69970703125 0.029296875 0.025390625
40 0.67919921875 0.7470703125 0.02734375 0.025390625
40 0.6796875 0.84912109375 0.02734375 0.03125
10 0.7333984375 0.85107421875 0.025390625 0.0341796875
10 0.81689453125 0.84375 0.029296875 0.025390625
10 0.81787109375 0.74755859375 0.029296875 0.0224609375
26 0.8437155546875 0.346065119140625 0.8397630205078125 0.3712931416015625 0.8650662314453125 0.3811587041015625 0.869870080078125 0.3555498798828125 0.8437155546875 0.346065119140625
26 0.8325064169921875 0.44565510546875 0.8297579013671875 0.4720854560546875 0.856525927734375 0.4835941474609375 0.8602622802734375 0.45893378515625 0.8325064169921875 0.44565510546875
26 0.7519076015625 0.4209947421875 0.7497169462890625 0.44362644921875 0.773792056640625 0.4522944814453125 0.7759271123046875 0.428582580078125 0.7519076015625 0.4209947421875
26 0.761515421875 0.3223532177734375 0.7582548203125 0.34164834375 0.7850011748046875 0.35365295703125 0.788203767578125 0.33278651171875 0.761515421875 0.3223532177734375
10 0.73291015625 0.74658203125 0.025390625 0.025390625
47 0.75048828125 0.70703125 0.0283203125 0.025390625
47 0.74658203125 0.60693359375 0.02734375 0.02734375
47 0.82763671875 0.59619140625 0.029296875 0.0263671875
54 0.70556640625 0.740234375 0.025390625 0.0234375
54 0.70654296875 0.841796875 0.0234375 0.02734375
5 0.54150390625 0.68408203125 0.0234375 0.0322265625
5 0.5419921875 0.787109375 0.0234375 0.02734375
5 0.62744140625 0.78466796875 0.02734375 0.01953125
5 0.6259765625 0.681640625 0.02734375 0.025390625