41 0.3046875 0.10791015625 0.02734375 0.0234375
41 0.30029296875 0.005859375 0.025390625 0.01171875
52 0.263671875 0.0205078125 0.0283203125 0.0302734375
52 0.26513671875 0.12255859375 0.02734375 0.0283203125
52 0.17919921875 0.02294921875 0.03125 0.02734375
52 0.1826171875 0.12841796875 0.02734375 0.02734375
40 0.3203125 0.14501953125 0.0263671875 0.0224609375
40 0.3212890625 0.24951171875 0.02734375 0.025390625
54 0.29248046875 0.1533203125 0.025390625 0.025390625
54 0.29296875 0.2587890625 0.02734375 0.025390625
10 0.26513671875 0.146484375 0.02734375 0.01953125
10 0.26806640625 0.2509765625 0.0234375 0.0263671875
37 0.21826171875 0.1552734375 0.025390625 0.0234375
37 0.2216796875 0.25732421875 0.029296875 0.0224609375
37 0.134765625 0.15869140625 0.0283203125 0.01953125
37 0.13818359375 0.263671875 0.0283203125 0.02734375
47 0.2392578125 0.39111328125 0.03125 0.02734375
47 0.236328125 0.2900390625 0.02734375 0.025390625
47 0.15234375 0.298828125 0.029296875 0.0224609375
47 0.15771484375 0.40283203125 0.029296875 0.02734375
26 0.236328125 0.55029296875 0.025390625 0.0283203125
26 0.15234375 0.54833984375 0.0302734375 0.025390625
26 0.15185546875 0.6533203125 0.029296875 0.025390625
27 0.35744871484375 0.027820529296875 0.3513793818359375 0.041040716796875 0.361755974609375 0.1718508798828125 0.4118768828125 0.1593265068359375 0.491984064453125 0.16106600390625 0.4960955380859375 0.0354743310546875 0.48553437109375 0.0161799990234375 0.46120022265625 0.0072944736328125 0.4369685361328125 0.0159775302734375 0.3762296162109375 0.0125129775390625 0.35744871484375 0.027820529296875
28 0.36757082421875 0.7567141689453125 0.3725812412109375 0.871120984375 0.379846330078125 0.88492098046875 0.4454827978515625 0.8724564169921875 0.490326015625 0.873346796875 0.4918461240234375 0.74031682421875 0.4808062314453125 0.7295592978515625 0.4484890498046875 0.7344560439453125 0.3785937255859375 0.7273334853515625 0.36757082421875 0.7567141689453125
28 0.3939455576171875 0.185735837890625 0.3676408798828125 0.1848454921875 0.335323708984375 0.2471682412109375 0.365636724609375 0.3633556796875 0.488642447265625 0.3424330556640625 0.4931518154296875 0.2177875234375 0.469853390625 0.161697056640625 0.456074740234375 0.1625873681640625 0.4290184921875 0.1559099306640625 0.3939455576171875 0.185735837890625
39 0.47314453125 0.2119140625 0.025390625 0.025390625
16 0.47265625 0.75048828125 0.02734375 0.0244140625
16 0.47412109375 0.85693359375 0.0263671875 0.0234375
16 0.3896484375 0.85546875 0.029296875 0.0263671875
16 0.3896484375 0.75048828125 0.029296875 0.0234375
51 0.39892578125 0.69384765625 0.02734375 0.025390625
51 0.482421875 0.70263671875 0.029296875 0.03125
51 0.48681640625 0.599609375 0.029296875 0.0244140625
51 0.4033203125 0.58935546875 0.03125 0.029296875
44 0.0537109375 0.810546875 0.03125 0.03515625
24 0.083984375 0.77001953125 0.0302734375 0.0361328125
24 0.08935546875 0.669921875 0.03125 0.0322265625