47 0.74609375 0.72021484375 0.0283203125 0.0205078125
47 0.740234375 0.61865234375 0.02734375 0.0205078125
47 0.8271484375 0.615234375 0.0302734375 0.025390625
47 0.82568359375 0.71728515625 0.025390625 0.0263671875
37 0.91650390625 0.3212890625 0.025390625 0.01953125
54 0.84375 0.58984375 0.0263671875 0.0234375
54 0.84228515625 0.48828125 0.02734375 0.0234375
26 0.85205078125 0.455078125 0.0244140625 0.0224609375
32 0.830078125 0.0849609375 0.0234375 0.0263671875
16 0.85986328125 0.0869140625 0.029296875 0.02734375
16 0.943359375 0.18603515625 0.033203125 0.025390625
28 0.6487628125 0.7971277744140625 0.6422772509765625 0.747736958984375 0.6450567744140625 0.704931548828125 0.6422772509765625 0.6662421025390625 0.5218309150390625 0.6571871318359375 0.5158086025390625 0.7831336728515625 0.5317140380859375 0.834478337890625 0.6371814345703125 0.830054984375 0.6390344619140625 0.8127682119140625 0.6487628125 0.7971277744140625
41 0.69580078125 0.9765625 0.0234375 0.02734375
41 0.6943359375 0.8740234375 0.029296875 0.0224609375
27 0.6230658662109375 0.9862028154296875 0.625801623046875 0.9716189189453125 0.6438576181640625 0.9638408115234375 0.628537380859375 0.8150851123046875 0.5098055205078125 0.8345303076171875 0.5048811484375 0.854947748046875 0.5025442314453125 0.9693687548828125 0.5234843017578125 0.9813415166015625 0.5284086630859375 0.999814466796875 0.5831238115234375 0.9852305703125 0.6230658662109375 0.9862028154296875
52 0.734375 0.876953125 0.02734375 0.0283203125
52 0.734375 0.98193359375 0.0224609375 0.02734375
52 0.81640625 0.87548828125 0.03125 0.033203125
10 0.5439453125 0.6962890625 0.0234375 0.03125
10 0.62890625 0.71337890625 0.025390625 0.0302734375
10 0.53759765625 0.7978515625 0.02734375 0.0234375
5 0.626953125 0.68701171875 0.03125 0.0205078125
28 0.628273705078125 0.13854940625 0.5133864423828125 0.11138443359375 0.501805064453125 0.2455628388671875 0.50826955859375 0.2618963955078125 0.6157658134765625 0.2809596142578125 0.6264206953125 0.27025824609375 0.628273705078125 0.13854940625
15 0.52783203125 0.13525390625 0.025390625 0.0283203125
10 0.62255859375 0.81201171875 0.0263671875 0.0302734375
15 0.6123046875 0.1591796875 0.02734375 0.03125
15 0.60546875 0.2578125 0.0341796875 0.029296875
15 0.51904296875 0.23583984375 0.0302734375 0.037109375