47 0.25390625 0.27978515625 0.0283203125 0.0205078125
47 0.259765625 0.38134765625 0.02734375 0.0205078125
47 0.1728515625 0.384765625 0.0302734375 0.025390625
47 0.17431640625 0.28271484375 0.025390625 0.0263671875
37 0.08349609375 0.6787109375 0.025390625 0.01953125
54 0.15625 0.41015625 0.0263671875 0.0234375
54 0.15771484375 0.51171875 0.02734375 0.0234375
26 0.14794921875 0.544921875 0.0244140625 0.0224609375
32 0.169921875 0.9150390625 0.0234375 0.0263671875
16 0.14013671875 0.9130859375 0.029296875 0.02734375
16 0.056640625 0.81396484375 0.033203125 0.025390625
28 0.3512371875 0.2028722255859375 0.3577227490234375 0.252263041015625 0.3549432255859375 0.295068451171875 0.3577227490234375 0.3337578974609375 0.4781690849609375 0.3428128681640625 0.4841913974609375 0.2168663271484375 0.4682859619140625 0.165521662109375 0.3628185654296875 0.169945015625 0.3609655380859375 0.1872317880859375 0.3512371875 0.2028722255859375
41 0.30419921875 0.0234375 0.0234375 0.02734375
41 0.3056640625 0.1259765625 0.029296875 0.0234375
27 0.3769341337890625 0.0137971845703125 0.374198376953125 0.0283810810546875 0.3561423818359375 0.0361591884765625 0.371462619140625 0.1849148876953125 0.4901944794921875 0.1654696923828125 0.4951188515625 0.145052251953125 0.4974557685546875 0.0306312451171875 0.4765156982421875 0.0186584833984375 0.4715913369140625 0.000185533203125 0.4168761884765625 0.0147694296875 0.3769341337890625 0.0137971845703125
52 0.265625 0.123046875 0.02734375 0.0283203125
52 0.265625 0.01806640625 0.0224609375 0.02734375
52 0.18359375 0.12451171875 0.03125 0.033203125
10 0.4560546875 0.3037109375 0.0234375 0.03125
10 0.37109375 0.28662109375 0.025390625 0.0302734375
10 0.46240234375 0.2021484375 0.02734375 0.0234375
5 0.373046875 0.31298828125 0.03125 0.0205078125
28 0.371726294921875 0.86145059375 0.4866135576171875 0.88861556640625 0.498194935546875 0.7544371611328125 0.49173044140625 0.7381036044921875 0.3842341865234375 0.7190403857421875 0.3735793046875 0.72974175390625 0.371726294921875 0.86145059375
15 0.47216796875 0.86474609375 0.025390625 0.0283203125
10 0.37744140625 0.18798828125 0.0263671875 0.0302734375
15 0.3876953125 0.8408203125 0.02734375 0.03125
15 0.39453125 0.7421875 0.0341796875 0.029296875
15 0.48095703125 0.76416015625 0.0302734375 0.037109375