41 0.30126953125 0.1123046875 0.0283203125 0.025390625
41 0.29931640625 0.0087890625 0.0283203125 0.017578125
51 0.40185546875 0.7373046875 0.02734375 0.025390625
51 0.484375 0.7412109375 0.029296875 0.03125
51 0.48779296875 0.638671875 0.029296875 0.0244140625
0 0.2265625 0.01953125 0.029296875 0.033203125
10 0.26953125 0.1455078125 0.029296875 0.02734375
52 0.267578125 0.11669921875 0.029296875 0.03125
0 0.23095703125 0.12255859375 0.03125 0.03515625
37 0.22607421875 0.15869140625 0.029296875 0.029296875
52 0.26220703125 0.01513671875 0.0283203125 0.02734375
10 0.2724609375 0.24658203125 0.0263671875 0.03125
13 0.43115234375 0.060546875 0.119140625 0.12109375
4 0.265625 0.3056640625 0.029296875 0.03125
34 0.3271484375 0.3056640625 0.029296875 0.03125
9 0.3720703125 0.3017578125 0.029296875 0.02734375
9 0.37451171875 0.40673828125 0.02734375 0.0361328125
47 0.29345703125 0.3154296875 0.0283203125 0.0341796875
4 0.2666015625 0.41357421875 0.0283203125 0.0302734375
34 0.3310546875 0.41064453125 0.029296875 0.029296875
14 0.28759765625 0.49951171875 0.03125 0.03515625
50 0.318359375 0.48681640625 0.03125 0.0244140625
22 0.35595703125 0.50048828125 0.03125 0.029296875
50 0.32373046875 0.587890625 0.02734375 0.0205078125
42 0.28955078125 0.60107421875 0.03125 0.0283203125
26 0.25439453125 0.49658203125 0.033203125 0.02734375
26 0.251953125 0.60302734375 0.029296875 0.0234375
39 0.220703125 0.49609375 0.029296875 0.0302734375
39 0.220703125 0.59619140625 0.025390625 0.044921875
11 0.28515625 0.634765625 0.0244140625 0.02734375
25 0.25390625 0.6513671875 0.0302734375 0.0341796875
12 0.21533203125 0.64599609375 0.02734375 0.0283203125
24 0.18115234375 0.6259765625 0.03125 0.02734375
24 0.185546875 0.72900390625 0.0283203125 0.033203125
49 0.349609375 0.89404296875 0.03515625 0.0400390625
30 0.3154296875 0.89404296875 0.0322265625 0.03515625
13 0.462890625 0.15380859375 0.04296875 0.017578125
13 0.41259765625 0.2646484375 0.0439453125 0.015625
13 0.43798828125 0.21142578125 0.1171875 0.1357421875
32 0.12451171875 0.79541015625 0.0302734375 0.02734375
15 0.50634765625 0.3134765625 0.03125 0.0361328125
15 0.4248046875 0.3251953125 0.033203125 0.03125
23 0.4853515625 0.78564453125 0.029296875 0.029296875
23 0.4814453125 0.88525390625 0.0322265625 0.033203125
23 0.39794921875 0.87841796875 0.0302734375 0.0234375
23 0.40087890625 0.77783203125 0.037109375 0.0380859375
46 0.20263671875 0.01953125 0.029296875 0.033203125
46 0.20654296875 0.123046875 0.0283203125 0.033203125
45 0.23193359375 0.30615234375 0.029296875 0.033203125
18 0.201171875 0.16943359375 0.029296875 0.03125
18 0.20166015625 0.26806640625 0.0263671875 0.033203125
2 0.20361328125 0.3134765625 0.029296875 0.033203125
2 0.205078125 0.41015625 0.033203125 0.033203125
16 0.17431640625 0.3173828125 0.029296875 0.0302734375
16 0.1748046875 0.42431640625 0.029296875 0.03125
33 0.1376953125 0.31591796875 0.03125 0.033203125
33 0.13818359375 0.42041015625 0.0283203125 0.025390625
19 0.166015625 0.02001953125 0.029296875 0.0400390625
36 0.19091796875 0.47998046875 0.02734375 0.03125
36 0.193359375 0.587890625 0.02734375 0.03125
19 0.171875 0.11474609375 0.029296875 0.0341796875
36 0.17333984375 0.26611328125 0.02734375 0.02734375
36 0.171875 0.1650390625 0.0263671875 0.03515625
29 0.16650390625 0.484375 0.02734375 0.025390625
29 0.169921875 0.5908203125 0.02734375 0.021484375
6 0.15234375 0.6455078125 0.02734375 0.03125
6 0.15185546875 0.75048828125 0.02734375 0.03125
6 0.06640625 0.64990234375 0.03515625 0.029296875
45 0.23486328125 0.408203125 0.0302734375 0.033203125
13 0.41015625 0.1064453125 0.048828125 0.021484375
35 0.13623046875 0.48681640625 0.02734375 0.0390625
35 0.13916015625 0.59130859375 0.02734375 0.03125
35 0.05517578125 0.60302734375 0.0263671875 0.025390625
35 0.052734375 0.5 0.0283203125 0.0341796875
6 0.0693359375 0.75439453125 0.03125 0.0322265625
48 0.142578125 0.1591796875 0.025390625 0.03125
48 0.15087890625 0.263671875 0.033203125 0.025390625
48 0.06787109375 0.28125 0.03125 0.037109375
20 0.0673828125 0.095703125 0.037109375 0.037109375
20 0.0556640625 0.21044921875 0.03125 0.04296875
5 0.02880859375 0.31591796875 0.025390625 0.0380859375
5 0.0302734375 0.41845703125 0.0302734375 0.03515625
5 0.1162109375 0.40673828125 0.029296875 0.0283203125
5 0.111328125 0.30322265625 0.0283203125 0.0263671875
31 0.12939453125 0.01318359375 0.0283203125 0.0263671875
31 0.138671875 0.10986328125 0.029296875 0.033203125
31 0.04345703125 0.03466796875 0.033203125 0.0390625