27 0.91064453125 0.43359375 0.146484375 0.126953125
35 0.7822265625 0.38427734375 0.015625 0.0263671875
37 0.21533203125 0.166015625 0.025390625 0.0263671875
35 0.78759765625 0.46826171875 0.017578125 0.025390625
35 0.68310546875 0.47021484375 0.01953125 0.0224609375
35 0.67626953125 0.38427734375 0.021484375 0.0263671875
23 0.25634765625 0.4755859375 0.029296875 0.0283203125
23 0.15185546875 0.47900390625 0.025390625 0.029296875
23 0.25244140625 0.392578125 0.0341796875 0.025390625
23 0.14794921875 0.39111328125 0.033203125 0.02734375
47 0.724609375 0.18017578125 0.01953125 0.0234375
53 0.35009765625 0.20458984375 0.025390625 0.029296875
40 0.59033203125 0.26513671875 0.015625 0.0224609375
40 0.48291015625 0.2646484375 0.033203125 0.021484375
54 0.48388671875 0.24072265625 0.021484375 0.0263671875
32 0.18798828125 0.16943359375 0.0224609375 0.0234375
32 0.0869140625 0.169921875 0.025390625 0.02734375