41 0.111328125 0.6982421875 0.0234375 0.02734375
41 0.0087890625 0.70068359375 0.017578125 0.0283203125
0 0.0283203125 0.8583984375 0.02734375 0.03125
26 0.55029296875 0.765625 0.0283203125 0.029296875
16 0.78564453125 0.51416015625 0.0244140625 0.02734375
16 0.89013671875 0.5146484375 0.0234375 0.0263671875
16 0.88427734375 0.59912109375 0.0263671875 0.029296875
16 0.78271484375 0.59912109375 0.0234375 0.029296875
51 0.73388671875 0.59912109375 0.025390625 0.02734375
51 0.7412109375 0.515625 0.03125 0.029296875
51 0.638671875 0.51220703125 0.0244140625 0.029296875
51 0.6337890625 0.59521484375 0.029296875 0.03125
32 0.9306640625 0.83544921875 0.025390625 0.0283203125
32 0.82763671875 0.82861328125 0.02734375 0.029296875
44 0.8232421875 0.86181640625 0.0283203125 0.02734375
44 0.92626953125 0.8662109375 0.029296875 0.02734375
24 0.78662109375 0.83349609375 0.0302734375 0.029296875
12 0.787109375 0.8056640625 0.0263671875 0.02734375
26 0.65380859375 0.7666015625 0.0263671875 0.029296875
44 0.91748046875 0.9501953125 0.02734375 0.033203125
39 0.64892578125 0.80517578125 0.03125 0.0283203125
39 0.54248046875 0.802734375 0.0263671875 0.02734375
38 0.60693359375 0.51513671875 0.025390625 0.02734375
38 0.60009765625 0.599609375 0.03125 0.029296875
38 0.501953125 0.513671875 0.0234375 0.0283203125
13 0.171875 0.89990234375 0.0830078125 0.0078125
13 0.08642578125 0.962890625 0.07421875 0.009765625
38 0.498046875 0.59765625 0.03125 0.029296875
0 0.01904296875 0.7734375 0.02734375 0.029296875
24 0.68408203125 0.82763671875 0.029296875 0.029296875
28 0.83984375 0.5576171875 0.154296875 0.125
10 0.1455078125 0.73046875 0.02734375 0.029296875
52 0.11669921875 0.732421875 0.03125 0.029296875
0 0.12451171875 0.7705078125 0.03125 0.029296875
37 0.26123046875 0.77587890625 0.029296875 0.0283203125
37 0.16015625 0.7763671875 0.029296875 0.029296875
4 0.29248046875 0.7802734375 0.02734375 0.02734375
4 0.40234375 0.8642578125 0.033203125 0.03125
39 0.53857421875 0.88525390625 0.037109375 0.03125
39 0.63916015625 0.88818359375 0.0322265625 0.03515625
24 0.671875 0.91259765625 0.0361328125 0.0302734375
24 0.77294921875 0.91650390625 0.0341796875 0.033203125
44 0.81201171875 0.9453125 0.0341796875 0.03125
52 0.01513671875 0.73681640625 0.02734375 0.0263671875
37 0.16650390625 0.86181640625 0.029296875 0.03125
37 0.271484375 0.86083984375 0.03125 0.03125
0 0.13330078125 0.853515625 0.025390625 0.02734375
4 0.29931640625 0.865234375 0.02734375 0.029296875
4 0.3955078125 0.78076171875 0.03125 0.02734375
54 0.25244140625 0.70068359375 0.021484375 0.029296875
10 0.24658203125 0.7275390625 0.03125 0.0263671875