37 0.78466796875 0.83251953125 0.0234375 0.0234375
37 0.6796875 0.83154296875 0.0263671875 0.0234375
32 0.9150390625 0.830078125 0.0263671875 0.0234375
32 0.81103515625 0.83056640625 0.0263671875 0.025390625
28 0.2183984541015625 0.66007805078125 0.25570072265625 0.6560247109375 0.3487485830078125 0.638830048828125 0.346950677734375 0.6312414775390625 0.35953615234375 0.624664720703125 0.3370619921875 0.5755919580078125 0.3423056650390625 0.5226872529296875 0.30469623046875 0.509699572265625 0.207610884765625 0.518930625 0.165014458984375 0.532570375 0.198621220703125 0.641359572265625 0.2183984541015625 0.66007805078125
41 0.01318359375 0.697265625 0.0263671875 0.02734375
41 0.11181640625 0.6943359375 0.0234375 0.029296875
27 0.0136116513671875 0.6230658876953125 0.0208479072265625 0.6369348623046875 0.05417570703125 0.6486050048828125 0.1823025478515625 0.6373516162109375 0.1630464970703125 0.575666400390625 0.1630464970703125 0.510230056640625 0.14486671875 0.504881169921875 0.0304457119140625 0.5025442529296875 0.0178854248046875 0.5131475966796875 0.0141823359375 0.531486443359375 0.014583896484375 0.583123833984375 0.0136116513671875 0.6230658876953125
52 0.11962890625 0.73291015625 0.0283203125 0.02734375
52 0.013671875 0.73681640625 0.02734375 0.029296875
52 0.1279296875 0.81591796875 0.02734375 0.03125
28 0.7566835771484375 0.6319794013671876 0.8852356640625 0.6269203544921875 0.87305565234375 0.5539853935546875 0.869970572265625 0.5094241728515625 0.7414010390625 0.5075268466796875 0.728815564453125 0.5166331279296875 0.733200107421875 0.5499343603515625 0.728815564453125 0.621861306640625 0.7566835771484375 0.6319794013671876
16 0.85546875 0.52685546875 0.0283203125 0.025390625
16 0.7529296875 0.6103515625 0.03125 0.0302734375
16 0.755859375 0.52587890625 0.0302734375 0.03125
16 0.8525390625 0.61083984375 0.0283203125 0.03125
52 0.0263671875 0.8173828125 0.0224609375 0.0302734375
51 0.70458984375 0.51806640625 0.0234375 0.03125
51 0.60205078125 0.513671875 0.02734375 0.029296875
51 0.58740234375 0.5966796875 0.02734375 0.03125
51 0.69287109375 0.6015625 0.029296875 0.02734375
40 0.2529296875 0.67919921875 0.025390625 0.02734375
40 0.15087890625 0.6796875 0.03125 0.02734375
54 0.158203125 0.70654296875 0.02734375 0.0234375
44 0.197265625 0.5400390625 0.03125 0.02734375
26 0.6591796875 0.76708984375 0.029296875 0.025390625
26 0.65234375 0.8486328125 0.0263671875 0.02734375
26 0.54736328125 0.84765625 0.029296875 0.02734375
26 0.55224609375 0.76513671875 0.025390625 0.029296875
13 0.50146484375 0.6005859375 0.021484375 0.044921875
13 0.39599609375 0.5478515625 0.017578125 0.044921875
32 0.91748046875 0.91650390625 0.0234375 0.02734375
32 0.81396484375 0.91552734375 0.0283203125 0.0263671875
13 0.5201946572265626 0.5169482802734375 0.3864091953125 0.5150565859375 0.3803585869140625 0.6323416572265625 0.5161609345703125 0.63461169921875 0.5201946572265626 0.5169482802734375
44 0.3029065341796875 0.5138708173828125 0.282322298828125 0.5171319951171875 0.292118896484375 0.5437192138671875 0.314593056640625 0.542707380859375 0.3029065341796875 0.5138708173828125
44 0.337067216796875 0.59582738671875 0.3160391357421875 0.5980524052734375 0.3244817412109375 0.62668756640625 0.3514507333984375 0.623652146484375 0.337067216796875 0.59582738671875
44 0.2309892216796875 0.6064513779296875 0.2094140146484375 0.6104986123046875 0.2219995576171875 0.6393351845703125 0.24806959765625 0.6347820537109375 0.2309892216796875 0.6064513779296875
42 0.1552734375 0.84326171875 0.029296875 0.0263671875