28 0.3407185361328125 0.5140605537109375 0.2163007236328125 0.5099418740234375 0.195560376953125 0.5160332080078125 0.182638486328125 0.52190669921875 0.1895964189453125 0.6335030166015625 0.3377950625 0.63159264453125 0.3407185361328125 0.5140605537109375
41 0.005859375 0.69970703125 0.01171875 0.025390625
52 0.0205078125 0.736328125 0.0302734375 0.0283203125
52 0.12255859375 0.73486328125 0.0283203125 0.02734375
52 0.02294921875 0.82080078125 0.02734375 0.03125
52 0.12841796875 0.8173828125 0.02734375 0.02734375
10 0.146484375 0.73486328125 0.01953125 0.02734375
10 0.2509765625 0.73193359375 0.0263671875 0.0234375
37 0.1552734375 0.78173828125 0.0234375 0.025390625
37 0.25732421875 0.7783203125 0.0224609375 0.029296875
37 0.15869140625 0.865234375 0.01953125 0.0283203125
37 0.263671875 0.86181640625 0.02734375 0.0283203125
4 0.298828125 0.865234375 0.0224609375 0.029296875
27 0.129760947265625 0.631592185546875 0.162244203125 0.629154783203125 0.1882307822265625 0.619709921875 0.1576644501953125 0.523975310546875 0.16106600390625 0.508015935546875 0.0271145224609375 0.502844953125 0.016139076171875 0.61532346875 0.025381541015625 0.62247528515625 0.0311580869140625 0.64198023046875 0.069666890625 0.6404276767578125 0.129760947265625 0.631592185546875
28 0.9138608095703125 0.5011210205078125 0.769900900390625 0.49812045703125 0.7592371865234375 0.61280873828125 0.8848318056640625 0.61880983984375 0.913268345703125 0.6134755068359375 0.9138608095703125 0.5011210205078125
16 0.78564453125 0.51416015625 0.0244140625 0.02734375
16 0.89013671875 0.5146484375 0.0234375 0.0263671875
16 0.88427734375 0.59912109375 0.0263671875 0.029296875
16 0.78271484375 0.59912109375 0.0234375 0.029296875
51 0.73388671875 0.59912109375 0.025390625 0.02734375
51 0.7412109375 0.515625 0.03125 0.029296875
51 0.638671875 0.51220703125 0.0244140625 0.029296875
51 0.6337890625 0.59521484375 0.029296875 0.03125
44 0.810546875 0.9462890625 0.03515625 0.03125
24 0.669921875 0.91064453125 0.0322265625 0.03125
39 0.53857421875 0.88671875 0.0224609375 0.029296875
39 0.64404296875 0.88916015625 0.02734375 0.0244140625
38 0.59326171875 0.5146484375 0.02734375 0.029296875
38 0.59228515625 0.60009765625 0.03125 0.029296875
38 0.490234375 0.513671875 0.0234375 0.0283203125
13 0.1279296875 0.931640625 0.2119140625 0.078125
13 0.171875 0.89990234375 0.0830078125 0.0078125
13 0.08642578125 0.962890625 0.07421875 0.009765625
38 0.48828125 0.59765625 0.02734375 0.025390625
36 0.21875 0.52978515625 0.021484375 0.0263671875
36 0.322265625 0.53173828125 0.0263671875 0.0283203125
36 0.31689453125 0.61474609375 0.025390625 0.0302734375
4 0.2939453125 0.7802734375 0.02734375 0.0263671875
4 0.3974609375 0.77880859375 0.037109375 0.0322265625
4 0.40283203125 0.86376953125 0.029296875 0.0263671875