27 0.91064453125 0.43359375 0.146484375 0.126953125
35 0.7822265625 0.38427734375 0.015625 0.0263671875
52 0.74755859375 0.2119140625 0.017578125 0.025390625
35 0.78759765625 0.46826171875 0.017578125 0.025390625
35 0.68310546875 0.47021484375 0.01953125 0.0224609375
35 0.67626953125 0.38427734375 0.021484375 0.0263671875
52 0.8466796875 0.29541015625 0.0224609375 0.02734375
52 0.7451171875 0.29443359375 0.017578125 0.02734375
47 0.72119140625 0.26123046875 0.0205078125 0.0283203125
47 0.61865234375 0.259765625 0.0205078125 0.02734375
47 0.61962890625 0.1748046875 0.017578125 0.025390625
23 0.25634765625 0.4755859375 0.029296875 0.0283203125
23 0.15185546875 0.47900390625 0.025390625 0.029296875
23 0.25244140625 0.392578125 0.0341796875 0.025390625
23 0.14794921875 0.39111328125 0.033203125 0.02734375
47 0.724609375 0.17626953125 0.01953125 0.0244140625
37 0.3212890625 0.08349609375 0.01953125 0.025390625
40 0.59375 0.26513671875 0.0234375 0.0224609375
40 0.48291015625 0.2646484375 0.033203125 0.021484375
54 0.48388671875 0.24072265625 0.021484375 0.0263671875
54 0.5908203125 0.2421875 0.0263671875 0.0234375
54 0.5927734375 0.15966796875 0.021484375 0.0234375
54 0.48828125 0.15771484375 0.0234375 0.02734375
32 0.08642578125 0.1708984375 0.021484375 0.02734375
16 0.08544921875 0.14208984375 0.025390625 0.025390625
53 0.97265625 0.32275390625 0.021484375 0.025390625
53 0.8642578125 0.32177734375 0.02734375 0.025390625
53 0.96923828125 0.2373046875 0.01953125 0.025390625
37 0.3212890625 0.1669921875 0.025390625 0.025390625
37 0.21875 0.16650390625 0.025390625 0.029296875
37 0.2216796875 0.08203125 0.0224609375 0.03125
16 0.19091796875 0.1396484375 0.02734375 0.0263671875
16 0.1904296875 0.056640625 0.0263671875 0.0283203125
32 0.189453125 0.169921875 0.0224609375 0.0263671875
26 0.35302734375 0.2314453125 0.029296875 0.0234375
26 0.45751953125 0.2333984375 0.029296875 0.0263671875
26 0.455078125 0.14794921875 0.0224609375 0.0244140625
26 0.35302734375 0.14697265625 0.0205078125 0.025390625