47 0.1728515625 0.384765625 0.0302734375 0.025390625
23 0.4755859375 0.74365234375 0.0283203125 0.029296875
23 0.47900390625 0.84814453125 0.029296875 0.025390625
23 0.392578125 0.74755859375 0.025390625 0.033203125
23 0.39111328125 0.85205078125 0.02734375 0.033203125
47 0.17431640625 0.28271484375 0.025390625 0.0263671875
54 0.15771484375 0.41015625 0.029296875 0.0234375
37 0.16748046875 0.78466796875 0.0234375 0.0234375
32 0.169921875 0.9150390625 0.0234375 0.0263671875
32 0.16943359375 0.81103515625 0.025390625 0.0263671875
16 0.14013671875 0.9130859375 0.029296875 0.02734375
28 0.3565356552734375 0.1897899072265625 0.352158447265625 0.3395179248046875 0.3685729921875 0.3414624150390625 0.37295019921875 0.357990875 0.4434153251953125 0.340370318359375 0.47742226171875 0.3454060322265625 0.483656869140625 0.3252631787109375 0.4758682412109375 0.1953465947265625 0.4682859619140625 0.165521662109375 0.3867370966796875 0.1943346318359375 0.3565356552734375 0.1897899072265625
26 0.2314453125 0.6494140625 0.029296875 0.02734375
41 0.30419921875 0.0234375 0.0234375 0.02734375
27 0.3769341337890625 0.0137971845703125 0.374198376953125 0.0283810810546875 0.3561423818359375 0.0361591884765625 0.371462619140625 0.1849148876953125 0.4901944794921875 0.1654696923828125 0.4951188515625 0.145052251953125 0.4974557685546875 0.0306312451171875 0.4765156982421875 0.0186584833984375 0.4715913369140625 0.000185533203125 0.4168761884765625 0.0147694296875 0.3769341337890625 0.0137971845703125
52 0.265625 0.123046875 0.02734375 0.0283203125
52 0.265625 0.01806640625 0.0224609375 0.02734375
52 0.18359375 0.12451171875 0.03125 0.033203125
10 0.46240234375 0.3095703125 0.029296875 0.021484375
10 0.4599609375 0.2080078125 0.025390625 0.0234375
10 0.375 0.21484375 0.02734375 0.0263671875