41 0.6982421875 0.888671875 0.02734375 0.0234375
41 0.70068359375 0.9912109375 0.0283203125 0.017578125
0 0.8583984375 0.9716796875 0.03125 0.02734375
26 0.765625 0.44970703125 0.029296875 0.0283203125
16 0.51416015625 0.21435546875 0.02734375 0.0244140625
16 0.5146484375 0.10986328125 0.0263671875 0.0234375
16 0.59912109375 0.11572265625 0.029296875 0.0263671875
16 0.59912109375 0.21728515625 0.029296875 0.0234375
51 0.59912109375 0.26611328125 0.02734375 0.025390625
51 0.515625 0.2587890625 0.029296875 0.03125
51 0.51220703125 0.361328125 0.029296875 0.0244140625
51 0.59521484375 0.3662109375 0.03125 0.029296875
32 0.83544921875 0.0693359375 0.0283203125 0.025390625
32 0.82861328125 0.17236328125 0.029296875 0.02734375
44 0.86181640625 0.1767578125 0.02734375 0.0283203125
44 0.8662109375 0.07373046875 0.02734375 0.029296875
24 0.83349609375 0.21337890625 0.029296875 0.0302734375
12 0.8056640625 0.212890625 0.02734375 0.0263671875
26 0.7666015625 0.34619140625 0.029296875 0.0263671875
44 0.9501953125 0.08251953125 0.033203125 0.02734375
39 0.80517578125 0.35107421875 0.0283203125 0.03125
39 0.802734375 0.45751953125 0.02734375 0.0263671875
38 0.51513671875 0.39306640625 0.02734375 0.025390625
38 0.599609375 0.39990234375 0.029296875 0.03125
38 0.513671875 0.498046875 0.0283203125 0.0234375
13 0.89990234375 0.828125 0.0078125 0.0830078125
13 0.962890625 0.91357421875 0.009765625 0.07421875
38 0.59765625 0.501953125 0.029296875 0.03125
0 0.7734375 0.98095703125 0.029296875 0.02734375
24 0.82763671875 0.31591796875 0.029296875 0.029296875
28 0.5576171875 0.16015625 0.125 0.154296875
10 0.73046875 0.8544921875 0.029296875 0.02734375
52 0.732421875 0.88330078125 0.029296875 0.0322265625
0 0.7705078125 0.87548828125 0.029296875 0.03125
37 0.77587890625 0.73876953125 0.0283203125 0.0283203125
37 0.7763671875 0.83984375 0.029296875 0.029296875
4 0.7802734375 0.70751953125 0.02734375 0.02734375
4 0.8642578125 0.59765625 0.03125 0.033203125
39 0.88525390625 0.46142578125 0.03125 0.037109375
39 0.88818359375 0.36083984375 0.03515625 0.0322265625
24 0.91259765625 0.328125 0.0302734375 0.0361328125
24 0.91650390625 0.22705078125 0.033203125 0.0341796875
44 0.9453125 0.18798828125 0.03125 0.0341796875
52 0.73681640625 0.98486328125 0.0263671875 0.02734375
37 0.86181640625 0.83349609375 0.03125 0.029296875
37 0.86083984375 0.728515625 0.03125 0.03125
0 0.853515625 0.86669921875 0.02734375 0.0263671875
4 0.865234375 0.70068359375 0.029296875 0.02734375
4 0.78076171875 0.6044921875 0.02734375 0.03125
54 0.70068359375 0.74755859375 0.029296875 0.021484375
10 0.7275390625 0.75341796875 0.0263671875 0.03125