28 0.83984375 0.5576171875 0.154296875 0.125
41 0.1123046875 0.69873046875 0.025390625 0.0283203125
41 0.0087890625 0.70068359375 0.017578125 0.0283203125
0 0.0283203125 0.8583984375 0.02734375 0.03125
16 0.78564453125 0.51416015625 0.0244140625 0.02734375
16 0.89013671875 0.5146484375 0.0234375 0.0263671875
16 0.88427734375 0.59912109375 0.0263671875 0.029296875
16 0.78271484375 0.59912109375 0.0234375 0.029296875
51 0.7373046875 0.59814453125 0.025390625 0.02734375
51 0.7412109375 0.515625 0.03125 0.029296875
51 0.638671875 0.51220703125 0.0244140625 0.029296875
38 0.60693359375 0.51513671875 0.025390625 0.02734375
38 0.501953125 0.513671875 0.0234375 0.0283203125
13 0.1279296875 0.931640625 0.2119140625 0.078125
13 0.171875 0.89990234375 0.0830078125 0.0078125
13 0.08642578125 0.962890625 0.07421875 0.009765625
0 0.01953125 0.7734375 0.033203125 0.029296875
10 0.1455078125 0.73046875 0.02734375 0.029296875
52 0.11669921875 0.732421875 0.03125 0.029296875
0 0.12255859375 0.76904296875 0.03515625 0.03125
37 0.26123046875 0.77783203125 0.029296875 0.0283203125
37 0.15869140625 0.77978515625 0.029296875 0.029296875
52 0.01513671875 0.73779296875 0.02734375 0.0283203125
37 0.1640625 0.8642578125 0.029296875 0.03125
37 0.26708984375 0.86083984375 0.03125 0.03125
0 0.130859375 0.85546875 0.03125 0.03125
10 0.24658203125 0.7275390625 0.03125 0.0263671875
38 0.60107421875 0.59765625 0.025390625 0.029296875
51 0.6376953125 0.5966796875 0.025390625 0.0302734375
38 0.4970703125 0.59814453125 0.02734375 0.03125
2 0.30712890625 0.796875 0.033203125 0.03125
45 0.30419921875 0.7666015625 0.029296875 0.0302734375
9 0.40673828125 0.62548828125 0.0361328125 0.02734375
2 0.412109375 0.7958984375 0.0380859375 0.029296875
2 0.4169921875 0.880859375 0.03125 0.03125
2 0.3173828125 0.8798828125 0.041015625 0.03125
22 0.50048828125 0.64404296875 0.029296875 0.03125
22 0.60302734375 0.64599609375 0.0341796875 0.033203125
50 0.587890625 0.67626953125 0.0205078125 0.02734375
42 0.60107421875 0.71044921875 0.0283203125 0.03125
39 0.49609375 0.86181640625 0.0302734375 0.03125
3 0.64404296875 0.646484375 0.0244140625 0.0302734375
3 0.7470703125 0.64453125 0.0361328125 0.029296875
8 0.63916015625 0.681640625 0.0205078125 0.029296875
8 0.74169921875 0.6806640625 0.0361328125 0.02734375
11 0.634765625 0.71484375 0.02734375 0.0244140625
11 0.734375 0.71142578125 0.033203125 0.025390625
25 0.75146484375 0.74462890625 0.0302734375 0.029296875
12 0.75048828125 0.7841796875 0.025390625 0.029296875
49 0.79150390625 0.65087890625 0.02734375 0.037109375
49 0.89404296875 0.650390625 0.041015625 0.03515625
30 0.791015625 0.6884765625 0.03515625 0.02734375
30 0.89404296875 0.6845703125 0.03515625 0.0322265625
21 0.78125 0.7197265625 0.0302734375 0.025390625
21 0.8818359375 0.71240234375 0.0322265625 0.0283203125
43 0.7841796875 0.755859375 0.0263671875 0.0283203125
43 0.88525390625 0.748046875 0.0341796875 0.029296875
17 0.7939453125 0.787109375 0.0361328125 0.02734375
17 0.89599609375 0.78173828125 0.033203125 0.02734375
44 0.9033203125 0.8505859375 0.037109375 0.0322265625
1 0.90478515625 0.81689453125 0.0283203125 0.03125