28 0.16015625 0.4423828125 0.154296875 0.125
41 0.8876953125 0.30126953125 0.025390625 0.0283203125
41 0.9912109375 0.29931640625 0.017578125 0.0283203125
0 0.9716796875 0.1416015625 0.02734375 0.03125
16 0.21435546875 0.48583984375 0.0244140625 0.02734375
16 0.10986328125 0.4853515625 0.0234375 0.0263671875
16 0.11572265625 0.40087890625 0.0263671875 0.029296875
16 0.21728515625 0.40087890625 0.0244140625 0.029296875
51 0.2626953125 0.40185546875 0.025390625 0.02734375
51 0.2587890625 0.484375 0.03125 0.029296875
51 0.361328125 0.48779296875 0.0244140625 0.029296875
38 0.39306640625 0.48486328125 0.025390625 0.02734375
38 0.498046875 0.486328125 0.0234375 0.0283203125
13 0.8720703125 0.068359375 0.2119140625 0.078125
13 0.828125 0.10009765625 0.0830078125 0.0078125
13 0.91357421875 0.037109375 0.07421875 0.009765625
0 0.98046875 0.2265625 0.033203125 0.029296875
10 0.8544921875 0.26953125 0.02734375 0.029296875
52 0.88330078125 0.267578125 0.03125 0.029296875
0 0.87744140625 0.23095703125 0.03515625 0.03125
37 0.73876953125 0.22216796875 0.029296875 0.0283203125
37 0.84130859375 0.22021484375 0.029296875 0.029296875
52 0.98486328125 0.26220703125 0.02734375 0.0283203125
37 0.8359375 0.1357421875 0.029296875 0.03125
37 0.73291015625 0.13916015625 0.03125 0.03125
0 0.869140625 0.14453125 0.03125 0.03125
10 0.75341796875 0.2724609375 0.03125 0.0263671875
38 0.39892578125 0.40234375 0.025390625 0.029296875
51 0.3623046875 0.4033203125 0.025390625 0.0302734375
38 0.5029296875 0.40185546875 0.02734375 0.03125
24 0.33056640625 0.0908203125 0.04296875 0.037109375
24 0.322265625 0.16943359375 0.037109375 0.029296875
24 0.22412109375 0.0830078125 0.0341796875 0.03125
1 0.18701171875 0.03125 0.041015625 0.0322265625
24 0.21630859375 0.1669921875 0.029296875 0.03125
32 0.171875 0.1728515625 0.0380859375 0.0322265625
32 0.06591796875 0.1650390625 0.029296875 0.03125
1 0.1767578125 0.1162109375 0.0341796875 0.029296875
1 0.07373046875 0.1123046875 0.0400390625 0.0283203125
1 0.08251953125 0.02734375 0.02734375 0.029296875
27 0.8720703125 0.439453125 0.15234375 0.119140625
2 0.69287109375 0.203125 0.033203125 0.03125
45 0.69580078125 0.2333984375 0.029296875 0.0302734375
4 0.6943359375 0.265625 0.03125 0.029296875
34 0.6943359375 0.3271484375 0.03125 0.029296875
9 0.6982421875 0.3720703125 0.02734375 0.029296875
9 0.59326171875 0.37451171875 0.0361328125 0.02734375
47 0.6845703125 0.29345703125 0.0341796875 0.0283203125
4 0.58642578125 0.2666015625 0.0302734375 0.0283203125
45 0.58935546875 0.23291015625 0.0302734375 0.0244140625
34 0.58935546875 0.3310546875 0.029296875 0.029296875
2 0.587890625 0.2041015625 0.0380859375 0.029296875
2 0.5830078125 0.119140625 0.03125 0.03125
2 0.6826171875 0.1201171875 0.041015625 0.03125
14 0.50048828125 0.28759765625 0.03515625 0.03125
14 0.501953125 0.20361328125 0.0458984375 0.033203125
14 0.39501953125 0.20654296875 0.03515625 0.02734375
50 0.51318359375 0.318359375 0.0244140625 0.03125
22 0.49951171875 0.35595703125 0.029296875 0.03125