28 0.271484375 0.587890625 0.2119140625 0.1484375
32 0.9296875 0.83837890625 0.0263671875 0.025390625
32 0.82763671875 0.830078125 0.0263671875 0.025390625
41 0.01318359375 0.697265625 0.0263671875 0.02734375
41 0.11181640625 0.6943359375 0.0234375 0.029296875
52 0.11962890625 0.73291015625 0.0283203125 0.02734375
52 0.013671875 0.73681640625 0.02734375 0.029296875
52 0.1279296875 0.81591796875 0.02734375 0.03125
28 0.80712890625 0.56982421875 0.15625 0.125
16 0.85546875 0.52685546875 0.0283203125 0.025390625
16 0.7529296875 0.6103515625 0.03125 0.0302734375
16 0.755859375 0.52587890625 0.0302734375 0.03125
16 0.8525390625 0.61083984375 0.0283203125 0.03125
52 0.0263671875 0.8173828125 0.0224609375 0.0302734375
51 0.70458984375 0.51806640625 0.0234375 0.03125
51 0.60205078125 0.513671875 0.02734375 0.029296875
51 0.58740234375 0.5966796875 0.02734375 0.03125
51 0.69287109375 0.6015625 0.029296875 0.02734375
47 0.2978515625 0.8466796875 0.025390625 0.029296875
40 0.2529296875 0.67919921875 0.025390625 0.02734375
40 0.15087890625 0.6796875 0.03125 0.02734375
10 0.14892578125 0.7333984375 0.0341796875 0.025390625
10 0.25341796875 0.73291015625 0.025390625 0.025390625
47 0.287109375 0.76513671875 0.025390625 0.0283203125
47 0.3984375 0.841796875 0.0263671875 0.029296875
54 0.259765625 0.70556640625 0.0234375 0.025390625
54 0.158203125 0.70654296875 0.02734375 0.0234375
26 0.54736328125 0.84765625 0.029296875 0.02734375
13 0.50146484375 0.6005859375 0.021484375 0.044921875
13 0.39599609375 0.5478515625 0.017578125 0.044921875
13 0.5201946572265626 0.5169482802734375 0.3864091953125 0.5150565859375 0.3803585869140625 0.6323416572265625 0.5161609345703125 0.63461169921875 0.5201946572265626 0.5169482802734375
44 0.34033203125 0.546875 0.02734375 0.025390625
44 0.2392578125 0.55908203125 0.03125 0.0283203125
37 0.25634765625 0.77978515625 0.02734375 0.025390625
37 0.1533203125 0.7802734375 0.0234375 0.025390625
37 0.16162109375 0.865234375 0.01953125 0.0283203125
37 0.26611328125 0.86474609375 0.0263671875 0.02734375
12 0.78759765625 0.806640625 0.029296875 0.025390625
2 0.203125 0.5634765625 0.025390625 0.025390625
5 0.23583984375 0.646484375 0.0234375 0.0224609375
27 0.09375 0.57568359375 0.1669921875 0.142578125