32 0.9296875 0.83837890625 0.0263671875 0.025390625
32 0.82763671875 0.830078125 0.0263671875 0.025390625
28 0.2724609375 0.587890625 0.212890625 0.146484375
41 0.01318359375 0.697265625 0.0263671875 0.02734375
27 0.09130859375 0.5751953125 0.181640625 0.1455078125
52 0.013671875 0.73681640625 0.02734375 0.029296875
52 0.1279296875 0.81591796875 0.02734375 0.03125
28 0.80712890625 0.5693359375 0.15625 0.125
16 0.85546875 0.52685546875 0.0283203125 0.025390625
16 0.7529296875 0.6103515625 0.03125 0.0302734375
16 0.755859375 0.52587890625 0.0302734375 0.03125
16 0.8525390625 0.61083984375 0.0283203125 0.03125
52 0.0263671875 0.8173828125 0.0224609375 0.0302734375
51 0.70458984375 0.51806640625 0.0234375 0.03125
51 0.60205078125 0.513671875 0.02734375 0.029296875
51 0.58740234375 0.5966796875 0.02734375 0.03125
51 0.69287109375 0.6015625 0.029296875 0.02734375
47 0.2978515625 0.8466796875 0.025390625 0.029296875
26 0.6591796875 0.76708984375 0.029296875 0.025390625
26 0.5556640625 0.76513671875 0.025390625 0.029296875
13 0.50146484375 0.6005859375 0.021484375 0.044921875
13 0.39599609375 0.5478515625 0.017578125 0.044921875
13 0.5201946572265626 0.5169482802734375 0.3864091953125 0.5150565859375 0.3803585869140625 0.6323416572265625 0.5161609345703125 0.63461169921875 0.5201946572265626 0.5169482802734375
37 0.1533203125 0.7802734375 0.0234375 0.025390625
37 0.16162109375 0.865234375 0.01953125 0.0283203125
37 0.26611328125 0.86474609375 0.0263671875 0.02734375
12 0.78759765625 0.806640625 0.029296875 0.025390625
12 0.68310546875 0.8017578125 0.0234375 0.025390625
12 0.78125 0.890625 0.0234375 0.0263671875
2 0.20263671875 0.56396484375 0.02734375 0.0244140625
2 0.2998046875 0.5439453125 0.0322265625 0.0234375
2 0.35400390625 0.62451171875 0.03515625 0.025390625
44 0.92578125 0.86572265625 0.0302734375 0.029296875
44 0.8212890625 0.861328125 0.0244140625 0.02734375
44 0.9150390625 0.94921875 0.0302734375 0.0341796875