28 0.5576171875 0.16015625 0.125 0.154296875
41 0.69873046875 0.8876953125 0.0283203125 0.025390625
41 0.70068359375 0.9912109375 0.0283203125 0.017578125
0 0.8583984375 0.9716796875 0.03125 0.02734375
16 0.51416015625 0.21435546875 0.02734375 0.0244140625
16 0.5146484375 0.10986328125 0.0263671875 0.0234375
16 0.59912109375 0.11572265625 0.029296875 0.0263671875
16 0.59912109375 0.21728515625 0.029296875 0.0234375
51 0.59814453125 0.2626953125 0.02734375 0.025390625
51 0.515625 0.2587890625 0.029296875 0.03125
51 0.51220703125 0.361328125 0.029296875 0.0244140625
38 0.51513671875 0.39306640625 0.02734375 0.025390625
38 0.513671875 0.498046875 0.0283203125 0.0234375
0 0.7734375 0.98046875 0.029296875 0.0341796875
10 0.73046875 0.8544921875 0.029296875 0.02734375
52 0.732421875 0.88330078125 0.029296875 0.0322265625
0 0.76904296875 0.87744140625 0.03125 0.03515625
37 0.77783203125 0.73876953125 0.0283203125 0.0283203125
37 0.77978515625 0.84130859375 0.029296875 0.029296875
39 0.88525390625 0.46142578125 0.03125 0.037109375
52 0.73779296875 0.98486328125 0.0283203125 0.02734375
10 0.7275390625 0.75341796875 0.0263671875 0.03125
38 0.59765625 0.39892578125 0.029296875 0.025390625
51 0.5966796875 0.3623046875 0.0302734375 0.025390625
38 0.59814453125 0.5029296875 0.03125 0.02734375
39 0.8876953125 0.36181640625 0.0283203125 0.02734375
24 0.9091796875 0.33056640625 0.037109375 0.04296875
1 0.96875 0.18701171875 0.0322265625 0.041015625
32 0.8349609375 0.06591796875 0.03125 0.029296875
27 0.560546875 0.8720703125 0.119140625 0.15234375
2 0.890625 0.6650390625 0.0302734375 0.0400390625
2 0.88916015625 0.56787109375 0.029296875 0.033203125
2 0.97119140625 0.67333984375 0.03125 0.0322265625
2 0.9736328125 0.56689453125 0.0302734375 0.0380859375