27 0.56640625 0.91064453125 0.126953125 0.146484375
35 0.61572265625 0.7822265625 0.0263671875 0.015625
52 0.7880859375 0.74755859375 0.025390625 0.0166015625
35 0.53173828125 0.78759765625 0.025390625 0.017578125
35 0.52978515625 0.68310546875 0.0224609375 0.01953125
35 0.61572265625 0.67626953125 0.0263671875 0.021484375
52 0.70458984375 0.8466796875 0.02734375 0.0224609375
52 0.70556640625 0.7451171875 0.02734375 0.017578125
47 0.73876953125 0.72119140625 0.0283203125 0.0205078125
47 0.740234375 0.61865234375 0.02734375 0.0205078125
47 0.8251953125 0.61962890625 0.025390625 0.017578125
23 0.5244140625 0.25634765625 0.0283203125 0.029296875
23 0.52099609375 0.15185546875 0.029296875 0.025390625
23 0.607421875 0.25244140625 0.025390625 0.033203125
23 0.60888671875 0.14794921875 0.02734375 0.033203125
47 0.82373046875 0.724609375 0.0244140625 0.01953125
37 0.91650390625 0.3212890625 0.025390625 0.01953125
40 0.73486328125 0.59375 0.0224609375 0.0234375
40 0.7353515625 0.48291015625 0.021484375 0.033203125
54 0.75927734375 0.48388671875 0.0263671875 0.021484375
54 0.7578125 0.5908203125 0.0234375 0.0263671875
54 0.84033203125 0.5927734375 0.0234375 0.021484375
54 0.84228515625 0.48828125 0.02734375 0.0234375
32 0.8291015625 0.08642578125 0.02734375 0.021484375
16 0.85791015625 0.08544921875 0.025390625 0.025390625
53 0.67724609375 0.97265625 0.025390625 0.0224609375
53 0.67822265625 0.8642578125 0.025390625 0.0263671875
53 0.7626953125 0.96923828125 0.025390625 0.01953125
37 0.8330078125 0.3212890625 0.025390625 0.025390625
37 0.83349609375 0.21875 0.029296875 0.025390625
37 0.91796875 0.2216796875 0.03125 0.0224609375
16 0.8603515625 0.19091796875 0.0263671875 0.02734375
16 0.943359375 0.1904296875 0.0283203125 0.0263671875
32 0.830078125 0.189453125 0.0263671875 0.021484375
26 0.7685546875 0.35302734375 0.0234375 0.029296875
26 0.7666015625 0.45751953125 0.0263671875 0.029296875
26 0.85205078125 0.455078125 0.0244140625 0.0224609375
26 0.85302734375 0.35302734375 0.025390625 0.0205078125