32 0.0703125 0.16162109375 0.0263671875 0.025390625
32 0.17236328125 0.169921875 0.0263671875 0.025390625
28 0.7816015458984376 0.33992194921875 0.74429927734375 0.3439752890625 0.6512514169921875 0.361169951171875 0.653049322265625 0.3687585224609375 0.64046384765625 0.375335279296875 0.6629380078125 0.4244080419921875 0.6576943349609375 0.4773127470703125 0.69530376953125 0.490300427734375 0.792389115234375 0.481069375 0.834985541015625 0.467429625 0.801378779296875 0.358640427734375 0.7816015458984376 0.33992194921875
41 0.98681640625 0.302734375 0.0263671875 0.02734375
41 0.88818359375 0.3056640625 0.0234375 0.029296875
27 0.9863883486328126 0.3769341123046875 0.980066951171875 0.3642215390625 0.9467391513671874 0.3521345634765625 0.8178716474609375 0.3650551103515625 0.836387091796875 0.424656375 0.8371277548828125 0.489675931640625 0.85513328125 0.495118830078125 0.9695542880859375 0.4974557470703125 0.9793263447265625 0.4900927255859375 0.985991916015625 0.470920291015625 0.985416103515625 0.416876166015625 0.9863883486328126 0.3769341123046875
52 0.88037109375 0.26708984375 0.0283203125 0.02734375
52 0.986328125 0.26318359375 0.02734375 0.029296875
52 0.8720703125 0.18408203125 0.02734375 0.03125
28 0.2433164228515625 0.3680205986328125 0.1147643359375 0.3730796455078125 0.12694434765625 0.4460146064453125 0.130029427734375 0.4905758271484375 0.2585989609375 0.4924731533203125 0.271184435546875 0.4833668720703125 0.266799892578125 0.4500656396484375 0.271184435546875 0.378138693359375 0.2433164228515625 0.3680205986328125
16 0.14453125 0.47314453125 0.0283203125 0.025390625
16 0.2470703125 0.3896484375 0.0322265625 0.0302734375
16 0.244140625 0.47412109375 0.0302734375 0.03125
16 0.1474609375 0.38916015625 0.0283203125 0.03125
52 0.9736328125 0.1826171875 0.0224609375 0.0302734375
51 0.29541015625 0.48193359375 0.0234375 0.03125
51 0.39794921875 0.486328125 0.02734375 0.029296875
51 0.41259765625 0.4033203125 0.02734375 0.03125
51 0.30712890625 0.3984375 0.029296875 0.02734375
47 0.7021484375 0.1533203125 0.025390625 0.029296875
40 0.7470703125 0.32080078125 0.025390625 0.02734375
40 0.84912109375 0.3203125 0.03125 0.02734375
10 0.85107421875 0.2666015625 0.0341796875 0.025390625
10 0.74658203125 0.26708984375 0.025390625 0.025390625
47 0.712890625 0.23486328125 0.025390625 0.0283203125
47 0.6083984375 0.23779296875 0.02734375 0.02734375
47 0.6015625 0.158203125 0.0263671875 0.029296875
54 0.740234375 0.29443359375 0.0234375 0.025390625
54 0.841796875 0.29345703125 0.02734375 0.0234375
44 0.802734375 0.4599609375 0.03125 0.02734375
26 0.3408203125 0.23291015625 0.029296875 0.025390625
26 0.34765625 0.1513671875 0.0263671875 0.02734375
26 0.45263671875 0.15234375 0.029296875 0.02734375
26 0.4443359375 0.23486328125 0.025390625 0.029296875
13 0.49853515625 0.3994140625 0.021484375 0.044921875
13 0.60400390625 0.4521484375 0.017578125 0.044921875
32 0.0908203125 0.080078125 0.0234375 0.02734375
32 0.1953125 0.0888671875 0.0283203125 0.0263671875
13 0.4798053427734375 0.4830517197265625 0.6135908046875 0.4849434140625 0.6196414130859375 0.3676583427734375 0.4838390654296875 0.36538830078125 0.4798053427734375 0.4830517197265625
44 0.6970934658203125 0.4861291826171875 0.717677701171875 0.4828680048828125 0.707881103515625 0.4562807861328125 0.685406943359375 0.457292619140625 0.6970934658203125 0.4861291826171875
44 0.662932783203125 0.40417261328125 0.6839608642578126 0.4019475947265625 0.6755182587890625 0.37331243359375 0.6485492666015625 0.376347853515625 0.662932783203125 0.40417261328125
44 0.7690107783203125 0.3935486220703125 0.7905859853515625 0.3895013876953125 0.7780004423828125 0.3606648154296875 0.75193040234375 0.3652179462890625 0.7690107783203125 0.3935486220703125
37 0.74365234375 0.22021484375 0.02734375 0.025390625
37 0.8466796875 0.2197265625 0.0234375 0.025390625
37 0.83837890625 0.134765625 0.01953125 0.0283203125
37 0.73388671875 0.13525390625 0.0263671875 0.0283203125
12 0.21240234375 0.193359375 0.029296875 0.025390625
12 0.31689453125 0.1982421875 0.0234375 0.025390625
12 0.3212890625 0.1142578125 0.02734375 0.02734375
12 0.21875 0.109375 0.0234375 0.0263671875