27 0.43359375 0.08935546875 0.126953125 0.146484375
35 0.38427734375 0.2177734375 0.0263671875 0.015625
37 0.166015625 0.78466796875 0.0263671875 0.025390625
35 0.46826171875 0.21240234375 0.025390625 0.017578125
35 0.47021484375 0.31689453125 0.0224609375 0.01953125
35 0.38427734375 0.32373046875 0.0263671875 0.021484375
23 0.4755859375 0.74365234375 0.0283203125 0.029296875
23 0.47900390625 0.84814453125 0.029296875 0.025390625
23 0.392578125 0.74755859375 0.025390625 0.033203125
23 0.39111328125 0.85205078125 0.02734375 0.033203125
47 0.18017578125 0.275390625 0.0234375 0.01953125
53 0.20458984375 0.64990234375 0.029296875 0.025390625
40 0.26513671875 0.40966796875 0.0224609375 0.015625
40 0.2646484375 0.51708984375 0.021484375 0.033203125
54 0.24072265625 0.51611328125 0.0263671875 0.021484375
32 0.16943359375 0.81201171875 0.0234375 0.021484375
32 0.169921875 0.9130859375 0.02734375 0.0263671875