28 0.6506074423828125 0.709444115234375 0.6376842255859375 0.696740587890625 0.6379591982421875 0.6786626328125 0.618161904296875 0.662539048828125 0.5692186142578125 0.658630380859375 0.5417223681640625 0.6459269287109375 0.5340234365234375 0.658141619140625 0.5026777255859375 0.6591189169921875 0.4996531455078125 0.7822446240234375 0.5079020107421875 0.8061856181640625 0.52190669921875 0.817361513671875 0.582416802734375 0.812048658203125 0.628335501953125 0.834035431640625 0.6506074423828125 0.709444115234375
41 0.6953125 0.89208984375 0.02734375 0.0234375
41 0.69970703125 0.994140625 0.025390625 0.01171875
52 0.732421875 0.9755859375 0.0283203125 0.0302734375
0 0.849609375 0.984375 0.03125 0.02734375
37 0.8623046875 0.8388671875 0.0283203125 0.0234375
26 0.765625 0.44970703125 0.029296875 0.0283203125
27 0.502952697265625 0.9732847216796875 0.61532346875 0.983860923828125 0.6253109326171875 0.96986458984375 0.624486037109375 0.83794425 0.5095517919921875 0.8384327861328125 0.502952697265625 0.9732847216796875
28 0.5011210205078125 0.0861391904296875 0.49812045703125 0.230099099609375 0.61280873828125 0.2407628134765625 0.61880983984375 0.1151681943359375 0.6134755068359375 0.086731654296875 0.5011210205078125 0.0861391904296875
16 0.51416015625 0.21435546875 0.02734375 0.0244140625
16 0.5146484375 0.10986328125 0.0263671875 0.0234375
16 0.59912109375 0.11572265625 0.029296875 0.0263671875
16 0.59912109375 0.21728515625 0.029296875 0.0234375
51 0.59912109375 0.26611328125 0.02734375 0.025390625
51 0.515625 0.2587890625 0.029296875 0.03125
51 0.51220703125 0.361328125 0.029296875 0.0244140625
51 0.59521484375 0.3662109375 0.03125 0.029296875
32 0.83544921875 0.0693359375 0.0283203125 0.025390625
32 0.82568359375 0.17236328125 0.029296875 0.02734375
44 0.86181640625 0.1767578125 0.02734375 0.0283203125
44 0.8662109375 0.07373046875 0.02734375 0.029296875
24 0.83349609375 0.21337890625 0.029296875 0.0302734375
12 0.8056640625 0.212890625 0.02734375 0.0263671875
26 0.7666015625 0.34619140625 0.029296875 0.0263671875
44 0.9501953125 0.08251953125 0.033203125 0.02734375
39 0.80517578125 0.35107421875 0.0283203125 0.03125
39 0.802734375 0.45751953125 0.02734375 0.0263671875
38 0.5146484375 0.40673828125 0.029296875 0.02734375
38 0.60009765625 0.40771484375 0.029296875 0.03125
38 0.513671875 0.509765625 0.0283203125 0.0234375
13 0.931640625 0.8720703125 0.0791015625 0.2119140625
13 0.89990234375 0.828125 0.0078125 0.0830078125
13 0.962890625 0.91357421875 0.009765625 0.07421875
38 0.59765625 0.51171875 0.025390625 0.02734375
46 0.5354657626953125 0.67170118359375 0.5621634677734375 0.6878609189453125 0.5672861416015625 0.6692913623046876 0.5426973037109375 0.651085908203125 0.5354657626953125 0.67170118359375
46 0.549664140625 0.7657802646484375 0.523687154296875 0.749997630859375 0.5189280947265625 0.7726983427734375 0.5461807275390625 0.7861703671875 0.549664140625 0.7657802646484375
46 0.602735064453125 0.79454488671875 0.5986369248046876 0.81894018359375 0.6236355634765625 0.836053326171875 0.628553333984375 0.810929794921875 0.602735064453125 0.79454488671875
46 0.6172834423828125 0.71771787890625 0.6404379296875 0.7322822412109375 0.6455606044921876 0.7144408916015625 0.6215864931640624 0.6980559833984376 0.6172834423828125 0.71771787890625
0 0.85107421875 0.88037109375 0.0283203125 0.0283203125
0 0.76416015625 0.9853515625 0.029296875 0.02734375
24 0.82763671875 0.31591796875 0.029296875 0.029296875