52 0.154296875 0.7900390625 0.021484375 0.02734375
16 0.1376953125 0.67919921875 0.0224609375 0.0234375
16 0.03369140625 0.67822265625 0.0185546875 0.029296875
16 0.03076171875 0.763671875 0.01953125 0.02734375
27 0.091796875 0.5693359375 0.140625 0.1240234375
35 0.2177734375 0.61572265625 0.015625 0.0263671875
37 0.78466796875 0.833984375 0.025390625 0.0263671875
52 0.25830078125 0.79296875 0.017578125 0.025390625
35 0.21240234375 0.53173828125 0.017578125 0.025390625
35 0.31689453125 0.52978515625 0.01953125 0.0224609375
35 0.32373046875 0.61572265625 0.021484375 0.0263671875
16 0.13525390625 0.76416015625 0.0185546875 0.025390625
52 0.16064453125 0.70751953125 0.0224609375 0.02734375
52 0.26220703125 0.708984375 0.017578125 0.02734375
47 0.28271484375 0.73876953125 0.0205078125 0.0283203125
47 0.388671875 0.7392578125 0.0205078125 0.02734375
47 0.27734375 0.82177734375 0.0234375 0.02734375
47 0.38232421875 0.8251953125 0.017578125 0.025390625
23 0.408794056640625 0.754191201171875 0.40418142578125 0.778801322265625 0.4222419736328125 0.7807372861328125 0.423101984375 0.7541178818359375 0.408794056640625 0.754191201171875
23 0.53318496484375 0.7579897919921875 0.510938814453125 0.7572152236328125 0.505664236328125 0.7836412138671875 0.5297449228515625 0.7846091953125 0.53318496484375 0.7579897919921875
23 0.4205218876953125 0.837364021484375 0.4012676005859375 0.8358398076171875 0.3973012763671875 0.8625314619140625 0.4170817802734375 0.86301548046875 0.4205218876953125 0.837364021484375
23 0.5228647080078125 0.84075194921875 0.5013641181640625 0.84075194921875 0.5005041083984375 0.86640337109375 0.520284611328125 0.86640337109375 0.5228647080078125 0.84075194921875
53 0.54443359375 0.794921875 0.021484375 0.0283203125
53 0.64892578125 0.794921875 0.0224609375 0.025390625
37 0.6806640625 0.83203125 0.021484375 0.02734375
37 0.78564453125 0.91748046875 0.01953125 0.029296875
54 0.81201171875 0.85302734375 0.017578125 0.02734375
54 0.91455078125 0.8544921875 0.03125 0.0263671875
54 0.81103515625 0.9375 0.0234375 0.0263671875
54 0.91259765625 0.93896484375 0.02734375 0.0302734375