54 0.2587890625 0.70703125 0.025390625 0.02734375
10 0.2509765625 0.73193359375 0.0263671875 0.0234375
37 0.25732421875 0.7783203125 0.0224609375 0.029296875
37 0.15869140625 0.865234375 0.01953125 0.0283203125
37 0.263671875 0.86181640625 0.02734375 0.0283203125
47 0.39111328125 0.7607421875 0.02734375 0.03125
47 0.2900390625 0.763671875 0.025390625 0.02734375
47 0.298828125 0.84765625 0.0224609375 0.029296875
47 0.40283203125 0.84228515625 0.02734375 0.029296875
26 0.55029296875 0.763671875 0.0283203125 0.025390625
27 0.027820529296875 0.64255128515625 0.041040716796875 0.6486206181640625 0.1718508798828125 0.638244025390625 0.1593265068359375 0.5881231171875 0.16106600390625 0.508015935546875 0.0354743310546875 0.5039044619140625 0.0161799990234375 0.51446562890625 0.0072944736328125 0.53879977734375 0.0159775302734375 0.5630314638671875 0.0125129775390625 0.6237703837890625 0.027820529296875 0.64255128515625
28 0.9138608095703125 0.5011210205078125 0.769900900390625 0.49812045703125 0.7592371865234375 0.61280873828125 0.8848318056640625 0.61880983984375 0.913268345703125 0.6134755068359375 0.9138608095703125 0.5011210205078125
28 0.1559099306640625 0.5709815078125 0.185735837890625 0.6060544423828125 0.185928908203125 0.6190678466796875 0.196000376953125 0.62416890625 0.199525375 0.638055123046875 0.2471682412109375 0.664676291015625 0.385847578125 0.62255848046875 0.343043837890625 0.5823167587890625 0.3373917861328125 0.521057107421875 0.315287181640625 0.51959362890625 0.30959809375 0.501391369140625 0.175670265625 0.506513572265625 0.17241958984375 0.52517302734375 0.161697056640625 0.530146609375 0.1625873681640625 0.543925259765625 0.1559099306640625 0.5709815078125
16 0.78564453125 0.51416015625 0.0244140625 0.02734375
16 0.89013671875 0.5146484375 0.0234375 0.0263671875
16 0.88427734375 0.59912109375 0.0263671875 0.029296875
16 0.78271484375 0.59912109375 0.0234375 0.029296875
51 0.73388671875 0.59912109375 0.025390625 0.02734375
51 0.7412109375 0.515625 0.03125 0.029296875
51 0.638671875 0.51220703125 0.0244140625 0.029296875
51 0.6337890625 0.59521484375 0.029296875 0.03125
44 0.810546875 0.9462890625 0.03515625 0.03125
24 0.77392578125 0.916015625 0.02734375 0.0302734375
24 0.669921875 0.91064453125 0.0322265625 0.03125
19 0.193359375 0.521484375 0.0283203125 0.0263671875
39 0.64892578125 0.80517578125 0.03125 0.0283203125
30 0.54248046875 0.802734375 0.0263671875 0.02734375
39 0.53857421875 0.88671875 0.0224609375 0.029296875
39 0.64404296875 0.88916015625 0.02734375 0.0244140625
38 0.59326171875 0.5146484375 0.02734375 0.029296875
38 0.59228515625 0.60009765625 0.03125 0.029296875
38 0.490234375 0.513671875 0.0234375 0.0283203125
13 0.18212890625 0.89990234375 0.09765625 0.013671875