47 0.26123046875 0.27880859375 0.0283203125 0.0205078125
47 0.1748046875 0.38037109375 0.025390625 0.017578125
23 0.4755859375 0.74365234375 0.0283203125 0.029296875
23 0.47900390625 0.84814453125 0.029296875 0.025390625
23 0.392578125 0.74755859375 0.025390625 0.033203125
23 0.39111328125 0.85205078125 0.02734375 0.033203125
47 0.17626953125 0.275390625 0.0244140625 0.01953125
37 0.16748046875 0.78466796875 0.0234375 0.0234375
32 0.169921875 0.9150390625 0.0234375 0.0263671875
32 0.16943359375 0.81103515625 0.025390625 0.0263671875
16 0.14013671875 0.9130859375 0.029296875 0.02734375
16 0.14013671875 0.8134765625 0.0234375 0.02734375
28 0.4758682412109375 0.1953465947265625 0.4682859619140625 0.165521662109375 0.407214755859375 0.185932287109375 0.3565356552734375 0.1897899072265625 0.352158447265625 0.3395179248046875 0.3685729921875 0.3414624150390625 0.37295019921875 0.357990875 0.408097779296875 0.3455831416015625 0.491682076171875 0.3754915068359375 0.509190927734375 0.2510423017578125 0.47984176171875 0.2302579697265625 0.480283255859375 0.21535198046875 0.4758682412109375 0.1953465947265625
10 0.4192510400390625 0.2390843662109375 0.42312705078125 0.214407080078125 0.3960722177734375 0.201819421875 0.3934232158203125 0.224962919921875 0.4192510400390625 0.2390843662109375
10 0.40569852734375 0.3367577529296875 0.4088053876953125 0.3183739208984375 0.3836234541015625 0.3030231474609375 0.380974443359375 0.3269511884765625 0.40569852734375 0.3367577529296875
10 0.50157504296875 0.27377436328125 0.5037825498046875 0.252199921875 0.48104521875 0.2380784755859375 0.479058470703125 0.2600451728515625 0.50157504296875 0.27377436328125
10 0.48736025 0.3737846005859375 0.489083849609375 0.358054302734375 0.4655059248046875 0.3420113076171875 0.461973916015625 0.36201672265625 0.48736025 0.3737846005859375
5 0.47419249609375 0.2229512861328125 0.4728679951171875 0.20490718359375 0.44726090625 0.210006609375 0.4485854150390625 0.226481625 0.47419249609375 0.2229512861328125
41 0.30419921875 0.0234375 0.0234375 0.02734375
41 0.3056640625 0.1259765625 0.029296875 0.0234375
27 0.3769341337890625 0.0137971845703125 0.374198376953125 0.0283810810546875 0.3561423818359375 0.0361591884765625 0.371462619140625 0.1849148876953125 0.4901944794921875 0.1654696923828125 0.4951188515625 0.145052251953125 0.4974557685546875 0.0306312451171875 0.4765156982421875 0.0186584833984375 0.4715913369140625 0.000185533203125 0.4168761884765625 0.0147694296875 0.3769341337890625 0.0137971845703125
5 0.391560763671875 0.24398516015625 0.3893721494140625 0.223567646484375 0.3636560458984375 0.229401263671875 0.3631088828125 0.2517631943359375 0.391560763671875 0.24398516015625
52 0.2510014462890625 0 0.252359693359375 0.0177071767578125 0.2769504326171875 0.014031001953125 0.2751103515625 0 0.2510014462890625 0
52 0.2851204091796875 0.1213665654296875 0.2829517041015625 0.1001714619140625 0.2569273603515625 0.1065942294921875 0.2590960517578125 0.1271470654296875 0.2851204091796875 0.1213665654296875
52 0.196418548828125 0.0314478193359375 0.192855294921875 0.011402291015625 0.1667797119140625 0.0179600166015625 0.1696713037109375 0.040439703125 0.196418548828125 0.0314478193359375
15 0.324205021484375 0.261759521484375 0.3196207490234375 0.2387590419921875 0.2983173798828125 0.25600941015625 0.30182299609375 0.2823641513671875 0.324205021484375 0.261759521484375
15 0.33445220703125 0.3571157705078125 0.330089052734375 0.339193888671875 0.3120701875 0.359990826171875 0.3158454736328125 0.3815537958984375 0.33445220703125 0.3571157705078125