28 0.83984375 0.5576171875 0.154296875 0.125
41 0.1123046875 0.69873046875 0.025390625 0.0283203125
41 0.0087890625 0.70068359375 0.017578125 0.0283203125
0 0.0283203125 0.8583984375 0.02734375 0.03125
16 0.78564453125 0.51416015625 0.0244140625 0.02734375
16 0.89013671875 0.5146484375 0.0234375 0.0263671875
16 0.88427734375 0.59912109375 0.0263671875 0.029296875
16 0.78271484375 0.59912109375 0.0234375 0.029296875
51 0.7373046875 0.59814453125 0.025390625 0.02734375
51 0.7412109375 0.515625 0.03125 0.029296875
51 0.638671875 0.51220703125 0.0244140625 0.029296875
38 0.60693359375 0.51513671875 0.025390625 0.02734375
38 0.501953125 0.513671875 0.0234375 0.0283203125
13 0.1279296875 0.931640625 0.2119140625 0.078125
13 0.171875 0.89990234375 0.0830078125 0.0078125
13 0.08642578125 0.962890625 0.07421875 0.009765625
0 0.01953125 0.7734375 0.033203125 0.029296875
10 0.1455078125 0.73046875 0.02734375 0.029296875
52 0.11669921875 0.732421875 0.03125 0.029296875
0 0.12255859375 0.76904296875 0.03515625 0.03125
37 0.26123046875 0.77783203125 0.029296875 0.0283203125
37 0.15869140625 0.77978515625 0.029296875 0.029296875
39 0.53857421875 0.88525390625 0.037109375 0.03125
52 0.01513671875 0.73779296875 0.02734375 0.0283203125
37 0.1640625 0.8642578125 0.029296875 0.03125
37 0.26708984375 0.86083984375 0.03125 0.03125
0 0.130859375 0.85546875 0.03125 0.03125
10 0.24658203125 0.7275390625 0.03125 0.0263671875
39 0.640625 0.88720703125 0.02734375 0.0302734375
24 0.66943359375 0.91015625 0.033203125 0.03125
26 0.55322265625 0.765625 0.03125 0.0283203125
24 0.68603515625 0.8271484375 0.02734375 0.025390625
24 0.77294921875 0.9150390625 0.03515625 0.033203125
39 0.54345703125 0.80224609375 0.02734375 0.02734375
39 0.6484375 0.8046875 0.0302734375 0.029296875
38 0.60107421875 0.59765625 0.025390625 0.029296875
51 0.6376953125 0.5966796875 0.025390625 0.0302734375
1 0.8125 0.96875 0.025390625 0.02734375
1 0.9189453125 0.97412109375 0.029296875 0.03125
27 0.125 0.55908203125 0.1708984375 0.166015625
28 0.3193359375 0.56884765625 0.228515625 0.15234375
2 0.3046875 0.82421875 0.03515625 0.025390625
2 0.40673828125 0.81787109375 0.02734375 0.02734375
2 0.42138671875 0.90283203125 0.0341796875 0.033203125
2 0.3203125 0.9091796875 0.029296875 0.03125
19 0.31005859375 0.630859375 0.037109375 0.0341796875
5 0.2509765625 0.59765625 0.044921875 0.029296875
31 0.25830078125 0.52294921875 0.0302734375 0.029296875
32 0.830078125 0.82666015625 0.03515625 0.029296875
32 0.9326171875 0.8349609375 0.03125 0.0322265625
1 0.8212890625 0.88330078125 0.03515625 0.029296875
1 0.92578125 0.8876953125 0.033203125 0.02734375
19 0.29150390625 0.54736328125 0.0380859375 0.0244140625
19 0.4111328125 0.6259765625 0.03515625 0.03515625
19 0.3974609375 0.54150390625 0.0302734375 0.02734375
29 0.275390625 0.6240234375 0.02734375 0.03125
38 0.4970703125 0.59814453125 0.02734375 0.03125
24 0.7890625 0.83349609375 0.0400390625 0.0302734375