52 0.7880859375 0.74755859375 0.025390625 0.0166015625
47 0.8251953125 0.61962890625 0.025390625 0.017578125
23 0.5244140625 0.25634765625 0.0283203125 0.029296875
23 0.52099609375 0.15185546875 0.029296875 0.025390625
23 0.607421875 0.25244140625 0.025390625 0.033203125
23 0.60888671875 0.14794921875 0.02734375 0.033203125
47 0.82373046875 0.724609375 0.0244140625 0.01953125
54 0.84033203125 0.5927734375 0.0234375 0.021484375
53 0.67724609375 0.97265625 0.025390625 0.0224609375
53 0.7626953125 0.96923828125 0.025390625 0.01953125
52 0.787109375 0.84765625 0.0302734375 0.0166015625
53 0.763671875 0.86767578125 0.029296875 0.0224609375
37 0.83251953125 0.21533203125 0.0234375 0.0234375
32 0.830078125 0.0849609375 0.0234375 0.0263671875
32 0.83056640625 0.18896484375 0.025390625 0.0263671875
16 0.85986328125 0.0869140625 0.029296875 0.02734375
28 0.52444540234375 0.807333435546875 0.5311669052734375 0.834478337890625 0.6228237158203125 0.8095049951171875 0.6555050029296875 0.8048837099609375 0.6539870498046875 0.6640083046875 0.6356556845703125 0.6488071435546875 0.5824947236328125 0.6596651044921875 0.5226122587890625 0.655321986328125 0.5189459951171875 0.673780486328125 0.5122244931640625 0.6878958681640625 0.517723900390625 0.732413490234375 0.5146686728515625 0.779102671875 0.52444540234375 0.807333435546875
26 0.7685546875 0.3505859375 0.029296875 0.02734375
10 0.53662109375 0.6728515625 0.025390625 0.029296875
10 0.62109375 0.68408203125 0.029296875 0.0234375
10 0.53076171875 0.7763671875 0.0234375 0.025390625