47 0.3876953125 0.74462890625 0.0205078125 0.02734375
47 0.28564453125 0.828125 0.0263671875 0.025390625
37 0.6787109375 0.91650390625 0.01953125 0.025390625
26 0.5390625 0.84521484375 0.0224609375 0.0244140625
32 0.9150390625 0.830078125 0.0263671875 0.0234375
16 0.81396484375 0.943359375 0.025390625 0.033203125
28 0.1909670029296875 0.642283962890625 0.205744384765625 0.64852108203125 0.252263041015625 0.6422772509765625 0.295068451171875 0.6450567744140625 0.3337578974609375 0.6422772509765625 0.3428128681640625 0.5218309150390625 0.2168663271484375 0.5158086025390625 0.165521662109375 0.5317140380859375 0.1724952763671875 0.6260674482421875 0.1917058603515625 0.6335519873046875 0.1909670029296875 0.642283962890625
41 0.0234375 0.69580078125 0.02734375 0.0234375
41 0.1259765625 0.6943359375 0.0234375 0.029296875
27 0.0137971845703125 0.6230658662109375 0.0283810810546875 0.625801623046875 0.0361591884765625 0.6438576181640625 0.1849148876953125 0.628537380859375 0.1654696923828125 0.5098055205078125 0.145052251953125 0.5048811484375 0.0306312451171875 0.5025442314453125 0.0186584833984375 0.5234843017578125 0.000185533203125 0.5284086630859375 0.0147694296875 0.5831238115234375 0.0137971845703125 0.6230658662109375
52 0.123046875 0.734375 0.0283203125 0.02734375
52 0.01806640625 0.734375 0.02734375 0.0224609375
52 0.11279296875 0.818359375 0.02734375 0.03125
10 0.310546875 0.5400390625 0.03125 0.0234375
10 0.2080078125 0.53076171875 0.0234375 0.02734375
28 0.86145059375 0.628273705078125 0.88861556640625 0.5133864423828125 0.7544371611328125 0.501805064453125 0.7381036044921875 0.50826955859375 0.7190403857421875 0.6157658134765625 0.72974175390625 0.6264206953125 0.86145059375 0.628273705078125
15 0.86474609375 0.52783203125 0.0283203125 0.025390625
10 0.19140625 0.6162109375 0.0302734375 0.0263671875
15 0.74560546875 0.60400390625 0.03125 0.0302734375
15 0.75927734375 0.51904296875 0.0302734375 0.03125
15 0.84716796875 0.6103515625 0.0283203125 0.03125
52 0.01123046875 0.81787109375 0.0224609375 0.0302734375
54 0.1572265625 0.69580078125 0.0244140625 0.029296875
54 0.2568359375 0.69873046875 0.033203125 0.02734375
54 0.25244140625 0.78125 0.0302734375 0.029296875
54 0.14990234375 0.77880859375 0.025390625 0.02734375
10 0.3090036259765625 0.6093238251953125 0.2868375537109375 0.605997365234375 0.2772322333984375 0.6355197373046875 0.297181732421875 0.63635133984375 0.3090036259765625 0.6093238251953125
51 0.42529296875 0.79248046875 0.02734375 0.029296875
51 0.41845703125 0.7119140625 0.0283203125 0.029296875