41 0.3046875 0.10791015625 0.02734375 0.0234375
41 0.30029296875 0.005859375 0.025390625 0.01171875
52 0.263671875 0.0205078125 0.0283203125 0.0302734375
52 0.26513671875 0.12255859375 0.02734375 0.0283203125
52 0.17919921875 0.02294921875 0.03125 0.02734375
52 0.1826171875 0.12841796875 0.02734375 0.02734375
40 0.3203125 0.14501953125 0.0263671875 0.0224609375
40 0.3212890625 0.24951171875 0.02734375 0.025390625
54 0.29248046875 0.1533203125 0.025390625 0.025390625
54 0.29296875 0.2587890625 0.02734375 0.025390625
10 0.26513671875 0.146484375 0.02734375 0.01953125
10 0.26806640625 0.2509765625 0.0234375 0.0263671875
37 0.21826171875 0.1552734375 0.025390625 0.0234375
37 0.2216796875 0.25732421875 0.029296875 0.0224609375
37 0.134765625 0.15869140625 0.0283203125 0.01953125
37 0.13818359375 0.263671875 0.0283203125 0.02734375
47 0.15234375 0.298828125 0.029296875 0.0224609375
47 0.15771484375 0.40283203125 0.029296875 0.02734375
27 0.35744871484375 0.027820529296875 0.3513793818359375 0.041040716796875 0.361755974609375 0.1718508798828125 0.4118768828125 0.1593265068359375 0.491984064453125 0.16106600390625 0.4960955380859375 0.0354743310546875 0.48553437109375 0.0161799990234375 0.46120022265625 0.0072944736328125 0.4369685361328125 0.0159775302734375 0.3762296162109375 0.0125129775390625 0.35744871484375 0.027820529296875
28 0.36757082421875 0.7567141689453125 0.3725812412109375 0.871120984375 0.379846330078125 0.88492098046875 0.4454827978515625 0.8724564169921875 0.490326015625 0.873346796875 0.4918461240234375 0.74031682421875 0.4808062314453125 0.7295592978515625 0.4484890498046875 0.7344560439453125 0.3785937255859375 0.7273334853515625 0.36757082421875 0.7567141689453125
28 0.4290184921875 0.1559099306640625 0.3939455576171875 0.185735837890625 0.3809321533203125 0.185928908203125 0.37583109375 0.196000376953125 0.361944876953125 0.199525375 0.335323708984375 0.2471682412109375 0.37744151953125 0.385847578125 0.4176832412109375 0.343043837890625 0.4993002255859375 0.3375044990234375 0.4936323798828125 0.188446775390625 0.475778666015625 0.1904610771484375 0.469853390625 0.161697056640625 0.456074740234375 0.1625873681640625 0.4290184921875 0.1559099306640625
16 0.47265625 0.75048828125 0.02734375 0.0244140625
16 0.47412109375 0.85693359375 0.0263671875 0.0234375
16 0.3896484375 0.85546875 0.029296875 0.0263671875
16 0.3896484375 0.75048828125 0.029296875 0.0234375
51 0.39892578125 0.69384765625 0.02734375 0.025390625
51 0.482421875 0.70263671875 0.029296875 0.03125
51 0.48681640625 0.599609375 0.029296875 0.0244140625
51 0.4033203125 0.58935546875 0.03125 0.029296875
38 0.39697265625 0.328125 0.029296875 0.02734375
38 0.39501953125 0.2216796875 0.029296875 0.01953125
38 0.47998046875 0.3212890625 0.029296875 0.0244140625
38 0.4794921875 0.21875 0.0263671875 0.0283203125
32 0.1650390625 0.93212890625 0.02734375 0.0224609375
32 0.1748046875 0.82763671875 0.02734375 0.02734375
44 0.13818359375 0.8232421875 0.02734375 0.0283203125
44 0.1337890625 0.92626953125 0.02734375 0.0302734375
24 0.16748046875 0.78564453125 0.02734375 0.02734375
12 0.1953125 0.78857421875 0.0263671875 0.0234375
12 0.2333984375 0.65380859375 0.029296875 0.0263671875