47 0.384765625 0.8271484375 0.025390625 0.0302734375
23 0.74365234375 0.5244140625 0.029296875 0.0283203125
23 0.84814453125 0.52099609375 0.025390625 0.029296875
23 0.74755859375 0.607421875 0.033203125 0.025390625
23 0.85205078125 0.60888671875 0.033203125 0.02734375
47 0.28271484375 0.82568359375 0.0263671875 0.025390625
54 0.41015625 0.84228515625 0.0234375 0.029296875
37 0.78466796875 0.83251953125 0.0234375 0.0234375
32 0.9150390625 0.830078125 0.0263671875 0.0234375
32 0.81103515625 0.83056640625 0.0263671875 0.025390625
16 0.9130859375 0.85986328125 0.02734375 0.029296875
28 0.1897899072265625 0.6434643447265626 0.3395179248046875 0.647841552734375 0.3414624150390625 0.6314270078125 0.357990875 0.62704980078125 0.340370318359375 0.5565846748046875 0.3454060322265625 0.52257773828125 0.3252631787109375 0.516343130859375 0.1953465947265625 0.5241317587890625 0.165521662109375 0.5317140380859375 0.1943346318359375 0.6132629033203125 0.1897899072265625 0.6434643447265626
26 0.6494140625 0.7685546875 0.02734375 0.029296875
41 0.0234375 0.69580078125 0.02734375 0.0234375
27 0.0137971845703125 0.6230658662109375 0.0283810810546875 0.625801623046875 0.0361591884765625 0.6438576181640625 0.1849148876953125 0.628537380859375 0.1654696923828125 0.5098055205078125 0.145052251953125 0.5048811484375 0.0306312451171875 0.5025442314453125 0.0186584833984375 0.5234843017578125 0.000185533203125 0.5284086630859375 0.0147694296875 0.5831238115234375 0.0137971845703125 0.6230658662109375
52 0.123046875 0.734375 0.0283203125 0.02734375
52 0.01806640625 0.734375 0.02734375 0.0224609375
52 0.12451171875 0.81640625 0.033203125 0.03125
10 0.3095703125 0.53759765625 0.021484375 0.029296875
10 0.2080078125 0.5400390625 0.0234375 0.025390625
10 0.21484375 0.625 0.0263671875 0.02734375