29 0.9033203125 0.29638671875 0.041015625 0.0361328125
34 0.71337890625 0.39111328125 0.046875 0.037109375
34 0.71435546875 0.60791015625 0.05078125 0.0380859375
29 0.72021484375 0.08154296875 0.0458984375 0.037109375
26 0.892578125 0.68359375 0.05078125 0.037109375
29 0.72021484375 0.2939453125 0.041015625 0.0361328125
34 0.89208984375 0.38525390625 0.044921875 0.033203125
34 0.8984375 0.6005859375 0.0458984375 0.03515625
29 0.90087890625 0.0908203125 0.04296875 0.0390625
26 0.71435546875 0.6962890625 0.05078125 0.0390625
26 0.7197265625 0.91552734375 0.046875 0.044921875
26 0.90087890625 0.89599609375 0.0458984375 0.046875
5 0.44580078125 0.076171875 0.0478515625 0.0546875
5 0.63623046875 0.0859375 0.0458984375 0.0478515625
5 0.6318359375 0.30029296875 0.0478515625 0.044921875
5 0.4443359375 0.29052734375 0.0478515625 0.0517578125
19 0.447265625 0.40087890625 0.05078125 0.0390625
19 0.63525390625 0.3974609375 0.044921875 0.048828125
19 0.63623046875 0.6142578125 0.0458984375 0.04296875
19 0.447265625 0.6162109375 0.0478515625 0.04296875
47 0.4462890625 0.71630859375 0.05078125 0.04296875
47 0.63525390625 0.705078125 0.048828125 0.0478515625
47 0.6396484375 0.923828125 0.0458984375 0.04296875
47 0.45166015625 0.93798828125 0.0537109375 0.05078125
2 0.16943359375 0.06396484375 0.048828125 0.046875
2 0.36474609375 0.07470703125 0.044921875 0.04296875
2 0.36474609375 0.287109375 0.046875 0.04296875
2 0.16748046875 0.28515625 0.048828125 0.0390625
15 0.15966796875 0.41015625 0.0498046875 0.05078125
15 0.35693359375 0.39697265625 0.052734375 0.0478515625
15 0.36181640625 0.619140625 0.052734375 0.05078125
15 0.16455078125 0.6376953125 0.0546875 0.05078125
9 0.16796875 0.73291015625 0.046875 0.044921875
9 0.365234375 0.7314453125 0.0458984375 0.04296875
9 0.3671875 0.955078125 0.04296875 0.0390625
9 0.169921875 0.9609375 0.046875 0.041015625