27 0.81591796875 0.7763671875 0.287109375 0.388671875
48 0.30029296875 0.4736328125 0.0234375 0.08984375
48 0.212890625 0.83984375 0.0224609375 0.0859375
48 0.333984375 0.80859375 0.021484375 0.087890625
48 0.18017578125 0.5107421875 0.021484375 0.083984375
27 0.505859375 0.7109375 0.2216796875 0.5263671875
28 0.265625 0.65869140625 0.240234375 0.484375
28 0.6865234375 0.33349609375 0.333984375 0.5341796875
52 0.61865234375 0.52294921875 0.041015625 0.0517578125
52 0.56494140625 0.31689453125 0.04296875 0.0625
52 0.79931640625 0.369140625 0.0478515625 0.052734375
52 0.74609375 0.16162109375 0.04296875 0.052734375
0 0.71484375 0.12548828125 0.046875 0.0712890625