50 0.466796875 0.294921875 0.08203125 0.017578125
48 0.4404296875 0.953125 0.0859375 0.0205078125
48 0.09619140625 0.95361328125 0.0859375 0.0185546875
25 0.5908203125 0.41845703125 0.083984375 0.017578125
48 0.09716796875 0.828125 0.083984375 0.017578125
25 0.94091796875 0.3056640625 0.083984375 0.017578125
50 0.1201171875 0.40185546875 0.0869140625 0.017578125
26 0.93017578125 0.60009765625 0.0810546875 0.0185546875
50 0.1328125 0.28466796875 0.083984375 0.017578125
25 0.6015625 0.294921875 0.080078125 0.017578125
49 0.435546875 0.57958984375 0.0830078125 0.017578125
26 0.60009765625 0.46240234375 0.080078125 0.0185546875
23 0.9287109375 0.7763671875 0.083984375 0.017578125
26 0.5869140625 0.58447265625 0.083984375 0.01953125
49 0.09765625 0.57177734375 0.083984375 0.017578125
50 0.453125 0.41748046875 0.083984375 0.017578125
23 0.58935546875 0.64208984375 0.083984375 0.01953125
49 0.111328125 0.451171875 0.083984375 0.017578125
23 0.93359375 0.65185546875 0.08203125 0.017578125
10 0.44580078125 0.634765625 0.080078125 0.017578125
10 0.10791015625 0.63037109375 0.072265625 0.017578125
48 0.43896484375 0.82763671875 0.087890625 0.01953125
25 0.92578125 0.4306640625 0.083984375 0.017578125
38 0.93017578125 0.96142578125 0.078125 0.0166015625
10 0.09814453125 0.75732421875 0.068359375 0.0185546875
38 0.94189453125 0.83203125 0.078125 0.0166015625
49 0.44384765625 0.45849609375 0.0849609375 0.0185546875
38 0.58251953125 0.94580078125 0.080078125 0.017578125
38 0.59423828125 0.81884765625 0.080078125 0.017578125
26 0.9384765625 0.4765625 0.0830078125 0.017578125