28 0.6328125 0.7021484375 0.4921875 0.2138671875
27 0.7353515625 0.201171875 0.400390625 0.3046875
7 0.77685546875 0.62060546875 0.08203125 0.0205078125
7 0.48388671875 0.77392578125 0.0810546875 0.017578125
7 0.8134765625 0.73828125 0.080078125 0.017578125
7 0.4453125 0.6552734375 0.0830078125 0.0166015625
27 0.54296875 0.494140625 0.5068359375 0.2529296875
28 0.31201171875 0.294921875 0.45703125 0.3193359375
42 0.36376953125 0.17431640625 0.060546875 0.0537109375
42 0.48291015625 0.36328125 0.052734375 0.048828125
42 0.2685546875 0.4052734375 0.060546875 0.0478515625