48 0.47265625 0.69921875 0.08984375 0.0234375
48 0.83984375 0.78662109375 0.0859375 0.0224609375
48 0.5107421875 0.8193359375 0.083984375 0.021484375
48 0.8076171875 0.666015625 0.087890625 0.0224609375
35 0.36376953125 0.1865234375 0.0546875 0.05078125
35 0.30126953125 0.42578125 0.05078125 0.0478515625
35 0.150390625 0.23828125 0.0537109375 0.0556640625
35 0.50927734375 0.373046875 0.052734375 0.048828125
27 0.6923828125 0.50146484375 0.498046875 0.2158203125
27 0.7421875 0.20361328125 0.515625 0.2919921875
28 0.66455078125 0.73388671875 0.48828125 0.234375
28 0.33447265625 0.30419921875 0.5234375 0.349609375