28 0.7021484375 0.3671875 0.2138671875 0.4921875
27 0.201171875 0.2646484375 0.3046875 0.400390625
7 0.62060546875 0.22314453125 0.0205078125 0.08203125
7 0.77392578125 0.51611328125 0.017578125 0.0810546875
7 0.73828125 0.1865234375 0.017578125 0.080078125
7 0.6552734375 0.5546875 0.0166015625 0.0830078125
27 0.494140625 0.45703125 0.2529296875 0.5068359375
28 0.294921875 0.68798828125 0.3193359375 0.45703125
42 0.17431640625 0.63623046875 0.0537109375 0.060546875
42 0.36328125 0.51708984375 0.048828125 0.052734375
42 0.4052734375 0.7314453125 0.0478515625 0.060546875