28 0.71142578125 0.3154296875 0.23828125 0.50390625
3 0.79052734375 0.48388671875 0.01953125 0.08203125
3 0.66552734375 0.15283203125 0.01953125 0.080078125
3 0.66943359375 0.49169921875 0.01953125 0.080078125
3 0.78515625 0.14794921875 0.01953125 0.080078125
27 0.17431640625 0.2158203125 0.32421875 0.431640625
28 0.28662109375 0.6728515625 0.3310546875 0.51171875
27 0.5048828125 0.38232421875 0.201171875 0.4736328125
12 0.36279296875 0.505859375 0.048828125 0.056640625
12 0.408203125 0.71337890625 0.048828125 0.0546875
12 0.17431640625 0.6376953125 0.0458984375 0.052734375
12 0.21875 0.85107421875 0.0458984375 0.056640625