41 0.8427734375 0.80322265625 0.05859375 0.0439453125
11 0.462890625 0.837890625 0.046875 0.046875
11 0.25537109375 0.86962890625 0.048828125 0.046875
11 0.16845703125 0.67578125 0.0517578125 0.044921875
11 0.38232421875 0.64697265625 0.0478515625 0.044921875
41 0.6318359375 0.8408203125 0.041015625 0.0458984375
41 0.5224609375 0.65283203125 0.052734375 0.046875
41 0.7314453125 0.61474609375 0.05078125 0.048828125
13 0.4677734375 0.56494140625 0.046875 0.0224609375
13 0.3896484375 0.3583984375 0.04296875 0.01953125
13 0.60009765625 0.33203125 0.046875 0.021484375
13 0.68408203125 0.5380859375 0.044921875 0.0234375
9 0.1318359375 0.6025390625 0.041015625 0.04296875
9 0.080078125 0.41552734375 0.046875 0.0390625
9 0.28759765625 0.39306640625 0.04296875 0.04296875
9 0.34912109375 0.5791015625 0.04296875 0.041015625