44 0.859375 0.66455078125 0.0908203125 0.01953125
44 0.8701171875 0.78369140625 0.091796875 0.01953125
44 0.53564453125 0.79931640625 0.087890625 0.021484375
44 0.52099609375 0.67529296875 0.091796875 0.01953125
28 0.68896484375 0.720703125 0.501953125 0.24609375
27 0.7744140625 0.1533203125 0.44921875 0.306640625
10 0.83935546875 0.6298828125 0.076171875 0.015625
27 0.68115234375 0.50244140625 0.486328125 0.208984375
28 0.33447265625 0.30224609375 0.5263671875 0.33984375
41 0.5341796875 0.34765625 0.068359375 0.04296875
41 0.34521484375 0.416015625 0.0712890625 0.044921875
41 0.33447265625 0.17578125 0.07421875 0.04296875
41 0.14501953125 0.24609375 0.064453125 0.0400390625