12 0.9697265625 0.89013671875 0.04296875 0.0419921875
16 0.7490234375 0.30029296875 0.04296875 0.0458984375
16 0.740234375 0.09033203125 0.048828125 0.044921875
16 0.91650390625 0.068359375 0.046875 0.048828125
16 0.92919921875 0.2744140625 0.0478515625 0.048828125
12 0.76904296875 0.7333984375 0.0439453125 0.03515625
12 0.78857421875 0.9521484375 0.04296875 0.04296875
12 0.95068359375 0.68310546875 0.044921875 0.041015625
54 0.75537109375 0.421875 0.046875 0.044921875
54 0.9345703125 0.3876953125 0.044921875 0.04296875
54 0.94775390625 0.59375 0.0458984375 0.04296875
54 0.77099609375 0.6357421875 0.0439453125 0.041015625
4 0.47802734375 0.10107421875 0.044921875 0.046875
4 0.6650390625 0.07958984375 0.044921875 0.0390625
4 0.67724609375 0.29345703125 0.0458984375 0.04296875
4 0.48779296875 0.318359375 0.046875 0.033203125
42 0.48291015625 0.4248046875 0.0478515625 0.0478515625
42 0.66796875 0.38232421875 0.0498046875 0.05078125
42 0.68505859375 0.59521484375 0.0478515625 0.052734375
42 0.4990234375 0.64208984375 0.0458984375 0.0517578125
38 0.50341796875 0.72802734375 0.04296875 0.0390625
38 0.6865234375 0.669921875 0.04296875 0.04296875
38 0.70849609375 0.8876953125 0.04296875 0.037109375
38 0.5244140625 0.94921875 0.044921875 0.04296875
30 0.2001953125 0.08154296875 0.0478515625 0.0517578125
30 0.39208984375 0.04541015625 0.0458984375 0.0546875
30 0.4072265625 0.2587890625 0.0458984375 0.04296875
30 0.21337890625 0.298828125 0.0458984375 0.04296875
50 0.20068359375 0.4384765625 0.052734375 0.0517578125
50 0.39599609375 0.41064453125 0.048828125 0.046875
50 0.40625 0.62890625 0.048828125 0.04296875
50 0.2099609375 0.66259765625 0.0498046875 0.037109375
6 0.2021484375 0.7431640625 0.0498046875 0.0478515625
6 0.39990234375 0.71875 0.048828125 0.046875
6 0.4072265625 0.9453125 0.048828125 0.048828125
6 0.20703125 0.96826171875 0.046875 0.044921875