43 0.50830078125 0.7822265625 0.087890625 0.01953125
27 0.734375 0.20166015625 0.400390625 0.3046875
43 0.81689453125 0.63818359375 0.0849609375 0.021484375
43 0.48193359375 0.662109375 0.08984375 0.021484375
43 0.8388671875 0.76025390625 0.083984375 0.01953125
42 0.13427734375 0.18994140625 0.05078125 0.056640625
27 0.5888671875 0.4990234375 0.546875 0.259765625
42 0.35400390625 0.16259765625 0.0517578125 0.0498046875
42 0.43115234375 0.3583984375 0.0478515625 0.048828125
42 0.2158203125 0.38525390625 0.0556640625 0.048828125
28 0.6513671875 0.7041015625 0.48046875 0.2294921875
28 0.29638671875 0.29150390625 0.4609375 0.322265625