39 0.84423828125 0.77294921875 0.0439453125 0.041015625
39 0.65380859375 0.8359375 0.044921875 0.04296875
39 0.62744140625 0.62109375 0.0400390625 0.0390625
39 0.8173828125 0.55078125 0.044921875 0.041015625
10 0.5576171875 0.84716796875 0.04296875 0.04296875
10 0.3720703125 0.87060546875 0.04296875 0.04296875
10 0.55029296875 0.6318359375 0.04296875 0.041015625
10 0.36328125 0.65283203125 0.037109375 0.033203125
40 0.52294921875 0.5302734375 0.04296875 0.044921875
40 0.33740234375 0.57861328125 0.044921875 0.0390625
40 0.3173828125 0.3642578125 0.04296875 0.041015625
40 0.5048828125 0.3046875 0.0498046875 0.041015625
53 0.80859375 0.4677734375 0.048828125 0.0517578125
53 0.61474609375 0.52099609375 0.046875 0.0390625
53 0.595703125 0.302734375 0.046875 0.04296875
53 0.787109375 0.24560546875 0.0478515625 0.041015625