28 0.36279296875 0.3037109375 0.49609375 0.2119140625
53 0.54638671875 0.3388671875 0.083984375 0.01953125
53 0.19189453125 0.2431640625 0.078125 0.01953125
53 0.52099609375 0.21875 0.080078125 0.0234375
27 0.23828125 0.7900390625 0.447265625 0.3125
53 0.21826171875 0.3662109375 0.080078125 0.021484375
50 0.6201171875 0.82421875 0.0390625 0.048828125
50 0.546875 0.63037109375 0.0517578125 0.048828125
50 0.7646484375 0.60546875 0.04296875 0.048828125
50 0.84326171875 0.79931640625 0.04296875 0.048828125
28 0.6962890625 0.7197265625 0.3505859375 0.3037109375
27 0.43310546875 0.5078125 0.5224609375 0.24609375