27 0.72607421875 0.20654296875 0.3984375 0.2998046875
36 0.46728515625 0.77001953125 0.080078125 0.015625
36 0.79931640625 0.76025390625 0.080078125 0.0166015625
36 0.79150390625 0.64111328125 0.08203125 0.01953125
36 0.455078125 0.6494140625 0.08203125 0.017578125
5 0.466796875 0.35693359375 0.0458984375 0.05078125
5 0.25244140625 0.38916015625 0.05078125 0.048828125
27 0.56103515625 0.47021484375 0.5703125 0.2490234375
5 0.3828125 0.1650390625 0.046875 0.0458984375
5 0.162109375 0.1943359375 0.04296875 0.048828125
28 0.31201171875 0.2822265625 0.39453125 0.2958984375
28 0.64111328125 0.68994140625 0.466796875 0.21484375