14 0.1376953125 0.3525390625 0.080078125 0.01953125
27 0.22412109375 0.83935546875 0.4482421875 0.314453125
14 0.48486328125 0.23828125 0.083984375 0.021484375
14 0.47802734375 0.3623046875 0.083984375 0.01953125
14 0.14794921875 0.2333984375 0.083984375 0.021484375
28 0.31103515625 0.291015625 0.501953125 0.240234375
27 0.31787109375 0.49267578125 0.501953125 0.201171875
28 0.6640625 0.70166015625 0.5263671875 0.3271484375
20 0.52001953125 0.64892578125 0.060546875 0.05078125
20 0.7255859375 0.60302734375 0.0546875 0.0498046875
20 0.65087890625 0.83642578125 0.05859375 0.0546875
20 0.85693359375 0.79150390625 0.052734375 0.05078125