17 0.90283203125 0.66552734375 0.046875 0.0302734375
48 0.70654296875 0.578125 0.05078125 0.02734375
48 0.703125 0.36376953125 0.0458984375 0.0390625
48 0.88671875 0.35595703125 0.046875 0.04296875
48 0.8916015625 0.56884765625 0.0458984375 0.0390625
17 0.7197265625 0.677734375 0.0458984375 0.04296875
17 0.72412109375 0.89501953125 0.0478515625 0.041015625
17 0.90478515625 0.8837890625 0.0478515625 0.0390625
21 0.69921875 0.2783203125 0.046875 0.04296875
21 0.88037109375 0.2744140625 0.0478515625 0.04296875
21 0.8740234375 0.06494140625 0.0478515625 0.0390625
21 0.69580078125 0.0615234375 0.0458984375 0.041015625
39 0.43115234375 0.0751953125 0.0439453125 0.0390625
39 0.619140625 0.06591796875 0.0458984375 0.037109375
39 0.6259765625 0.28564453125 0.04296875 0.037109375
39 0.439453125 0.2978515625 0.0439453125 0.03125
32 0.43994140625 0.384765625 0.0439453125 0.037109375
32 0.626953125 0.37451171875 0.0498046875 0.04296875
32 0.63232421875 0.58984375 0.04296875 0.0478515625
32 0.44287109375 0.60009765625 0.0498046875 0.046875
23 0.44921875 0.69921875 0.0498046875 0.046875
23 0.63525390625 0.68701171875 0.048828125 0.04296875
23 0.64208984375 0.904296875 0.0478515625 0.048828125
23 0.45361328125 0.92578125 0.048828125 0.0390625