28 0.6962890625 0.36279296875 0.2119140625 0.49609375
53 0.6611328125 0.54638671875 0.01953125 0.083984375
53 0.7568359375 0.19189453125 0.01953125 0.078125
53 0.78125 0.52099609375 0.0234375 0.080078125
27 0.2099609375 0.23828125 0.3125 0.447265625
53 0.6337890625 0.21826171875 0.021484375 0.080078125
50 0.17578125 0.6201171875 0.048828125 0.0390625
50 0.36962890625 0.546875 0.048828125 0.0517578125
50 0.39453125 0.7646484375 0.048828125 0.04296875
50 0.20068359375 0.84326171875 0.048828125 0.04296875
28 0.2802734375 0.6962890625 0.3037109375 0.3505859375
27 0.4921875 0.43310546875 0.24609375 0.5224609375