43 0.4912109375 0.2177734375 0.0888671875 0.01953125
27 0.228515625 0.806640625 0.4345703125 0.30859375
43 0.18359375 0.361328125 0.0859375 0.021484375
43 0.517578125 0.33740234375 0.08984375 0.021484375
43 0.1611328125 0.23974609375 0.083984375 0.01953125
38 0.546875 0.63037109375 0.0517578125 0.0458984375
38 0.76611328125 0.59912109375 0.044921875 0.0458984375
38 0.85400390625 0.7900390625 0.04296875 0.04296875
38 0.638671875 0.8203125 0.044921875 0.046875
28 0.6787109375 0.70654296875 0.4921875 0.3203125
28 0.34521484375 0.28955078125 0.494140625 0.21484375
27 0.41552734375 0.4873046875 0.5185546875 0.244140625