39 0.1357421875 0.30078125 0.076171875 0.01953125
39 0.12548828125 0.18212890625 0.0693359375 0.017578125
39 0.4609375 0.1669921875 0.078125 0.01953125
27 0.2275390625 0.84619140625 0.447265625 0.3076171875
39 0.47265625 0.2919921875 0.076171875 0.0185546875
28 0.322265625 0.25830078125 0.5146484375 0.24609375
27 0.26708984375 0.5068359375 0.4736328125 0.1904296875
28 0.66064453125 0.693359375 0.525390625 0.333984375
41 0.46484375 0.658203125 0.064453125 0.0439453125
41 0.65478515625 0.58544921875 0.06640625 0.04296875
41 0.66748046875 0.8291015625 0.0595703125 0.041015625
41 0.85400390625 0.75634765625 0.0673828125 0.044921875