27 0.203125 0.2578125 0.3046875 0.419921875
25 0.7509765625 0.18603515625 0.017578125 0.0771484375
25 0.626953125 0.21142578125 0.01953125 0.0771484375
25 0.7744140625 0.5126953125 0.01953125 0.080078125
28 0.69677734375 0.36376953125 0.201171875 0.486328125
25 0.65380859375 0.54296875 0.01953125 0.0791015625
27 0.4912109375 0.44970703125 0.248046875 0.53125
6 0.1669921875 0.64111328125 0.0498046875 0.048828125
6 0.3583984375 0.53125 0.046875 0.048828125
6 0.39794921875 0.740234375 0.05078125 0.048828125
6 0.20751953125 0.85693359375 0.044921875 0.0478515625
28 0.27783203125 0.705078125 0.314453125 0.3837890625