17 0.33447265625 0.90283203125 0.0302734375 0.046875
48 0.421875 0.70654296875 0.02734375 0.05078125
48 0.63623046875 0.703125 0.0390625 0.0458984375
48 0.64404296875 0.88671875 0.04296875 0.046875
48 0.43115234375 0.8916015625 0.0390625 0.0458984375
17 0.322265625 0.7197265625 0.04296875 0.0458984375
17 0.10498046875 0.72412109375 0.041015625 0.0478515625
17 0.1162109375 0.90478515625 0.0390625 0.0478515625
21 0.7216796875 0.69921875 0.04296875 0.046875
21 0.7255859375 0.88037109375 0.04296875 0.0478515625
21 0.93505859375 0.8740234375 0.0390625 0.0478515625
21 0.9384765625 0.69580078125 0.041015625 0.0458984375