44 0.66455078125 0.140625 0.01953125 0.0908203125
44 0.78369140625 0.1298828125 0.01953125 0.091796875
44 0.79931640625 0.46435546875 0.021484375 0.087890625
44 0.67529296875 0.47900390625 0.01953125 0.091796875
28 0.720703125 0.31103515625 0.24609375 0.501953125
27 0.1533203125 0.2255859375 0.306640625 0.44921875
10 0.6298828125 0.16064453125 0.015625 0.076171875
27 0.50244140625 0.31884765625 0.208984375 0.486328125
28 0.30224609375 0.66552734375 0.33984375 0.5263671875
41 0.34765625 0.4658203125 0.04296875 0.068359375
41 0.416015625 0.65478515625 0.044921875 0.0712890625
41 0.17578125 0.66552734375 0.04296875 0.07421875
41 0.24609375 0.85498046875 0.0400390625 0.064453125