52 0.1318359375 0.2080078125 0.046875 0.044921875
11 0.52587890625 0.64453125 0.048828125 0.04296875
11 0.31201171875 0.66943359375 0.04296875 0.041015625
11 0.4521484375 0.45947265625 0.0478515625 0.0439453125
11 0.23828125 0.4833984375 0.052734375 0.044921875
52 0.34765625 0.17529296875 0.0556640625 0.046875
52 0.44384765625 0.3603515625 0.0517578125 0.044921875
52 0.2353515625 0.39599609375 0.0478515625 0.041015625
23 0.73095703125 0.123046875 0.048828125 0.048828125
23 0.77978515625 0.3134765625 0.041015625 0.0439453125
23 0.56005859375 0.3359375 0.03515625 0.0439453125
23 0.5068359375 0.1435546875 0.037109375 0.04296875
51 0.80810546875 0.3916015625 0.044921875 0.0439453125
51 0.87841796875 0.5732421875 0.044921875 0.04296875
51 0.66845703125 0.6015625 0.03515625 0.0439453125
51 0.595703125 0.41943359375 0.0390625 0.048828125