3 0.1201171875 0.8623046875 0.0205078125 0.07421875
3 0.24462890625 0.548828125 0.0166015625 0.076171875
3 0.126953125 0.53759765625 0.017578125 0.0751953125
50 0.2841796875 0.8642578125 0.021484375 0.0859375
48 0.953125 0.5595703125 0.01953125 0.0859375
48 0.95361328125 0.904296875 0.0185546875 0.0859375
48 0.82763671875 0.9033203125 0.017578125 0.083984375
32 0.1357421875 0.412109375 0.017578125 0.0810546875
25 0.41845703125 0.40966796875 0.01953125 0.08203125
50 0.40185546875 0.880859375 0.017578125 0.087890625
32 0.13720703125 0.08154296875 0.01953125 0.083984375
26 0.599609375 0.06982421875 0.0185546875 0.08203125
50 0.294921875 0.533203125 0.01953125 0.0859375
3 0.2353515625 0.88134765625 0.0185546875 0.072265625
25 0.2939453125 0.39892578125 0.017578125 0.078125
25 0.4306640625 0.07421875 0.0185546875 0.08203125
26 0.58447265625 0.4130859375 0.01953125 0.0859375
49 0.572265625 0.9033203125 0.017578125 0.083984375
49 0.5791015625 0.56494140625 0.017578125 0.08203125
23 0.77587890625 0.07080078125 0.0185546875 0.083984375
49 0.451171875 0.8896484375 0.0185546875 0.0849609375
25 0.3046875 0.0595703125 0.0185546875 0.080078125
26 0.46240234375 0.400390625 0.017578125 0.080078125
23 0.65087890625 0.06640625 0.0185546875 0.08203125
10 0.7578125 0.90185546875 0.0185546875 0.068359375
10 0.6298828125 0.89208984375 0.017578125 0.072265625
50 0.41748046875 0.54541015625 0.0166015625 0.083984375
23 0.6416015625 0.4111328125 0.01953125 0.0849609375
48 0.8271484375 0.5615234375 0.01953125 0.087890625
38 0.96142578125 0.06982421875 0.0166015625 0.078125
38 0.83154296875 0.05859375 0.0166015625 0.078125
32 0.25537109375 0.0849609375 0.0166015625 0.083984375
32 0.2529296875 0.4169921875 0.0185546875 0.08203125
10 0.634765625 0.5546875 0.017578125 0.078125
49 0.45849609375 0.5556640625 0.017578125 0.0849609375
38 0.9453125 0.41748046875 0.017578125 0.0810546875
38 0.81640625 0.404296875 0.017578125 0.080078125
23 0.7685546875 0.4189453125 0.017578125 0.08203125
26 0.47607421875 0.060546875 0.017578125 0.0830078125
10 0.763671875 0.55615234375 0.0166015625 0.072265625