27 0.1865234375 0.271484375 0.328125 0.408203125
25 0.7509765625 0.18603515625 0.017578125 0.0771484375
25 0.7744140625 0.5126953125 0.01953125 0.0810546875
25 0.626953125 0.20947265625 0.017578125 0.078125
29 0.39794921875 0.78076171875 0.046875 0.048828125
29 0.19970703125 0.88037109375 0.0546875 0.046875
29 0.3671875 0.5654296875 0.046875 0.046875
28 0.69873046875 0.36181640625 0.1982421875 0.484375
25 0.65380859375 0.54296875 0.01953125 0.078125
29 0.169921875 0.6630859375 0.048828125 0.05078125
28 0.27099609375 0.7158203125 0.3212890625 0.396484375
27 0.49658203125 0.451171875 0.2314453125 0.494140625