28 0.6845703125 0.71142578125 0.50390625 0.23828125
3 0.51611328125 0.79052734375 0.08203125 0.01953125
3 0.84716796875 0.66552734375 0.080078125 0.01953125
3 0.50830078125 0.66943359375 0.080078125 0.01953125
3 0.85205078125 0.78515625 0.080078125 0.01953125
27 0.7841796875 0.17431640625 0.431640625 0.32421875
28 0.3271484375 0.28662109375 0.51171875 0.3310546875
27 0.61767578125 0.5048828125 0.4736328125 0.201171875
12 0.494140625 0.36279296875 0.056640625 0.048828125
12 0.28662109375 0.408203125 0.0546875 0.048828125
12 0.3623046875 0.17431640625 0.052734375 0.0458984375
12 0.14892578125 0.21875 0.056640625 0.0458984375