27 0.2236328125 0.81591796875 0.388671875 0.287109375
48 0.5263671875 0.30029296875 0.08984375 0.0234375
48 0.16015625 0.212890625 0.0859375 0.0224609375
48 0.19140625 0.333984375 0.087890625 0.021484375
48 0.4892578125 0.18017578125 0.083984375 0.021484375
27 0.2890625 0.505859375 0.5263671875 0.2216796875
28 0.34130859375 0.265625 0.484375 0.240234375
28 0.66650390625 0.6865234375 0.5341796875 0.333984375
52 0.47705078125 0.61865234375 0.0517578125 0.041015625
52 0.68310546875 0.56494140625 0.0625 0.04296875
52 0.630859375 0.79931640625 0.052734375 0.0478515625
52 0.83837890625 0.74609375 0.052734375 0.04296875
0 0.87451171875 0.71484375 0.0712890625 0.046875