22 0.91162109375 0.64990234375 0.044921875 0.0361328125
8 0.7314453125 0.5703125 0.0439453125 0.029296875
8 0.9140625 0.5625 0.041015625 0.033203125
22 0.7294921875 0.65966796875 0.046875 0.033203125
22 0.73193359375 0.88037109375 0.0458984375 0.0341796875
35 0.9130859375 0.0546875 0.04296875 0.0302734375
35 0.7314453125 0.26025390625 0.0458984375 0.0302734375
8 0.90869140625 0.34814453125 0.0439453125 0.037109375
22 0.91552734375 0.86328125 0.044921875 0.03125
35 0.91650390625 0.2646484375 0.044921875 0.029296875
8 0.72412109375 0.3544921875 0.046875 0.04296875
35 0.73095703125 0.04541015625 0.046875 0.033203125
18 0.46044921875 0.04833984375 0.048828125 0.04296875
18 0.64892578125 0.04248046875 0.048828125 0.044921875
18 0.6552734375 0.25927734375 0.046875 0.04296875
18 0.46923828125 0.2724609375 0.052734375 0.04296875
41 0.45849609375 0.3623046875 0.048828125 0.044921875
41 0.6474609375 0.3505859375 0.04296875 0.04296875
41 0.65380859375 0.568359375 0.044921875 0.04296875
41 0.46630859375 0.58203125 0.0439453125 0.044921875
46 0.4599609375 0.6796875 0.0546875 0.04296875
46 0.64599609375 0.6728515625 0.05078125 0.041015625
46 0.65087890625 0.89501953125 0.048828125 0.041015625
46 0.4599609375 0.9033203125 0.048828125 0.0390625