28 0.70458984375 0.33984375 0.234375 0.4892578125
13 0.65966796875 0.12548828125 0.0234375 0.04296875
13 0.77685546875 0.12548828125 0.0234375 0.0390625
4 0.1611328125 0.64892578125 0.0400390625 0.0595703125
4 0.3994140625 0.71044921875 0.046875 0.056640625
4 0.35107421875 0.501953125 0.052734375 0.0546875
27 0.1962890625 0.2197265625 0.3203125 0.439453125
4 0.21533203125 0.85986328125 0.046875 0.0537109375
10 0.62353515625 0.169921875 0.01953125 0.0732421875
13 0.66015625 0.50048828125 0.0234375 0.0390625
13 0.7822265625 0.5 0.0283203125 0.044921875
27 0.51806640625 0.40478515625 0.2265625 0.5107421875
27 0.28125 0.67529296875 0.3359375 0.482421875