28 0.32470703125 0.28125 0.482421875 0.3359375
28 0.66015625 0.70458984375 0.4892578125 0.234375
13 0.87451171875 0.65966796875 0.04296875 0.0234375
13 0.87451171875 0.77685546875 0.0390625 0.0234375
12 0.35888671875 0.1728515625 0.0595703125 0.0400390625
12 0.283203125 0.4052734375 0.056640625 0.046875
12 0.490234375 0.36376953125 0.052734375 0.0419921875
27 0.7802734375 0.1962890625 0.439453125 0.3203125
12 0.1533203125 0.220703125 0.0537109375 0.046875
10 0.830078125 0.62353515625 0.0732421875 0.01953125
13 0.49951171875 0.66015625 0.0390625 0.0234375
13 0.5 0.7822265625 0.044921875 0.0283203125
27 0.59521484375 0.51806640625 0.5107421875 0.2265625