48 0.52734375 0.30078125 0.08984375 0.0234375
48 0.16015625 0.21337890625 0.0859375 0.0224609375
48 0.48974609375 0.1806640625 0.083984375 0.021484375
48 0.1923828125 0.333984375 0.087890625 0.0234375
27 0.22802734375 0.81591796875 0.455078125 0.3095703125
27 0.30078125 0.5 0.4775390625 0.220703125
28 0.34375 0.26708984375 0.505859375 0.2275390625
28 0.66796875 0.6865234375 0.5263671875 0.3349609375
11 0.46826171875 0.64453125 0.0634765625 0.04296875
11 0.65478515625 0.57421875 0.0556640625 0.0439453125
11 0.67529296875 0.81689453125 0.0546875 0.041015625
11 0.86767578125 0.74267578125 0.07421875 0.0400390625