48 0.69921875 0.52734375 0.0234375 0.08984375
48 0.78662109375 0.16015625 0.0224609375 0.0859375
48 0.8193359375 0.48974609375 0.021484375 0.083984375
48 0.666015625 0.1923828125 0.0234375 0.087890625
27 0.18408203125 0.22802734375 0.3095703125 0.455078125
27 0.5 0.30078125 0.220703125 0.4775390625
28 0.73291015625 0.34375 0.2275390625 0.505859375
28 0.3134765625 0.66796875 0.3349609375 0.5263671875
11 0.35546875 0.46826171875 0.04296875 0.0634765625
11 0.42578125 0.65478515625 0.0439453125 0.0556640625
11 0.18310546875 0.67529296875 0.041015625 0.0546875
11 0.25732421875 0.86767578125 0.0400390625 0.07421875