28 0.28125 0.67529296875 0.3359375 0.482421875
28 0.70458984375 0.33984375 0.234375 0.4892578125
13 0.65966796875 0.12548828125 0.0234375 0.04296875
13 0.77685546875 0.12548828125 0.0234375 0.0390625
12 0.1728515625 0.64111328125 0.0400390625 0.0595703125
12 0.4052734375 0.716796875 0.046875 0.056640625
12 0.36376953125 0.509765625 0.0419921875 0.052734375
27 0.1962890625 0.2197265625 0.3203125 0.439453125
12 0.220703125 0.8466796875 0.046875 0.0537109375
10 0.62353515625 0.169921875 0.01953125 0.0732421875
13 0.66015625 0.50048828125 0.0234375 0.0390625
13 0.7822265625 0.5 0.0283203125 0.044921875
27 0.51806640625 0.40478515625 0.2265625 0.5107421875