48 0.1708984375 0.09619140625 0.017578125 0.083984375
48 0.0458984375 0.4404296875 0.0205078125 0.0869140625
48 0.04541015625 0.095703125 0.0185546875 0.0859375
23 0.34912109375 0.9345703125 0.017578125 0.08203125
23 0.2236328125 0.92919921875 0.017578125 0.0849609375
48 0.171875 0.43798828125 0.01953125 0.087890625
10 0.2412109375 0.09765625 0.017578125 0.0703125
10 0.36376953125 0.44970703125 0.017578125 0.076171875
38 0.16650390625 0.94189453125 0.017578125 0.080078125
23 0.35791015625 0.58984375 0.01953125 0.08203125
10 0.36865234375 0.10546875 0.015625 0.068359375
23 0.23193359375 0.58154296875 0.017578125 0.0810546875
38 0.04052734375 0.931640625 0.017578125 0.080078125
38 0.05322265625 0.58349609375 0.017578125 0.0810546875
38 0.18115234375 0.5947265625 0.017578125 0.0791015625
10 0.2353515625 0.4443359375 0.017578125 0.0703125