24 0.8447265625 0.39013671875 0.080078125 0.01953125
2 0.06201171875 0.48486328125 0.080078125 0.017578125
4 0.90478515625 0.62353515625 0.0830078125 0.015625
24 0.82080078125 0.26953125 0.078125 0.017578125
24 0.49072265625 0.2900390625 0.078125 0.0185546875
11 0.1025390625 0.78369140625 0.076171875 0.017578125
12 0.56689453125 0.9296875 0.0751953125 0.01953125
4 0.55859375 0.6220703125 0.08203125 0.017578125
2 0.42333984375 0.58447265625 0.078125 0.01953125
4 0.5576171875 0.7470703125 0.083984375 0.0185546875
2 0.0859375 0.60791015625 0.08203125 0.017578125
47 0.8505859375 0.4365234375 0.0849609375 0.017578125
4 0.90673828125 0.751953125 0.083984375 0.0166015625
40 0.3701171875 0.29541015625 0.076171875 0.0205078125
2 0.40087890625 0.46337890625 0.0771484375 0.017578125
40 0.03955078125 0.31591796875 0.072265625 0.01953125
11 0.43115234375 0.6484375 0.076171875 0.0185546875
40 0.39306640625 0.41845703125 0.078125 0.0185546875
51 0.10400390625 0.95361328125 0.078125 0.0185546875
12 0.91845703125 0.923828125 0.0791015625 0.01953125
51 0.44921875 0.94287109375 0.080078125 0.0185546875
40 0.05810546875 0.43310546875 0.07421875 0.017578125
11 0.443359375 0.77197265625 0.076171875 0.0166015625
11 0.09228515625 0.658203125 0.0732421875 0.015625
51 0.09423828125 0.82568359375 0.078125 0.015625
51 0.43115234375 0.8154296875 0.0771484375 0.0185546875
24 0.51171875 0.41064453125 0.080078125 0.017578125
47 0.876953125 0.556640625 0.0859375 0.017578125
47 0.51416015625 0.45654296875 0.08203125 0.017578125
12 0.55712890625 0.8037109375 0.0732421875 0.017578125
47 0.53955078125 0.57861328125 0.08984375 0.021484375
12 0.90673828125 0.7939453125 0.080078125 0.017578125