24 0.39013671875 0.1552734375 0.01953125 0.080078125
2 0.48486328125 0.93798828125 0.017578125 0.080078125
4 0.62353515625 0.09521484375 0.015625 0.0830078125
24 0.26953125 0.17919921875 0.017578125 0.078125
24 0.2900390625 0.50927734375 0.0185546875 0.078125
11 0.78369140625 0.8974609375 0.017578125 0.076171875
12 0.9296875 0.43310546875 0.01953125 0.0751953125
4 0.6220703125 0.44140625 0.017578125 0.08203125
2 0.58447265625 0.57666015625 0.01953125 0.078125
4 0.7470703125 0.4423828125 0.0185546875 0.083984375
2 0.60791015625 0.9140625 0.017578125 0.08203125
47 0.4365234375 0.1494140625 0.017578125 0.0849609375
4 0.751953125 0.09326171875 0.017578125 0.083984375
40 0.29541015625 0.6298828125 0.0205078125 0.076171875
2 0.46337890625 0.59912109375 0.017578125 0.0771484375
40 0.31591796875 0.96044921875 0.01953125 0.072265625
11 0.6484375 0.56884765625 0.0185546875 0.076171875
40 0.41845703125 0.60693359375 0.0185546875 0.078125
51 0.95361328125 0.89599609375 0.017578125 0.078125
12 0.923828125 0.08154296875 0.01953125 0.0791015625
51 0.94287109375 0.55078125 0.017578125 0.080078125
40 0.43310546875 0.94189453125 0.017578125 0.07421875
11 0.77197265625 0.556640625 0.0166015625 0.076171875
11 0.658203125 0.90771484375 0.015625 0.0732421875
51 0.82568359375 0.90576171875 0.015625 0.078125
51 0.8154296875 0.56884765625 0.0185546875 0.0771484375
24 0.41064453125 0.48828125 0.017578125 0.080078125
47 0.556640625 0.123046875 0.017578125 0.0859375
47 0.45654296875 0.48583984375 0.017578125 0.08203125
12 0.8037109375 0.44287109375 0.017578125 0.0732421875
47 0.57861328125 0.46044921875 0.021484375 0.08984375
12 0.7939453125 0.09326171875 0.017578125 0.080078125