27 0.2138671875 0.7890625 0.318359375 0.2734375
17 0.19970703125 0.3486328125 0.083984375 0.01953125
17 0.5302734375 0.30810546875 0.0859375 0.021484375
17 0.48486328125 0.189453125 0.0859375 0.0185546875
28 0.3486328125 0.271484375 0.5 0.21875
17 0.15869140625 0.22900390625 0.0849609375 0.01953125
27 0.267578125 0.4951171875 0.478515625 0.17578125
8 0.501953125 0.64306640625 0.0546875 0.044921875
8 0.701171875 0.58349609375 0.05078125 0.041015625
8 0.67041015625 0.82421875 0.05859375 0.0478515625
8 0.87158203125 0.763671875 0.0556640625 0.044921875
28 0.66650390625 0.6943359375 0.529296875 0.345703125