27 0.21435546875 0.28564453125 0.2861328125 0.333984375
1 0.65380859375 0.54296875 0.017578125 0.0849609375
1 0.63037109375 0.20703125 0.017578125 0.080078125
1 0.7724609375 0.51513671875 0.017578125 0.080078125
1 0.7490234375 0.1826171875 0.0166015625 0.08203125
28 0.267578125 0.67333984375 0.2890625 0.37109375
28 0.689453125 0.35498046875 0.203125 0.5009765625
27 0.5009765625 0.50244140625 0.2255859375 0.505859375
19 0.1689453125 0.578125 0.05078125 0.04296875
19 0.365234375 0.5673828125 0.0546875 0.052734375
19 0.36669921875 0.7890625 0.052734375 0.048828125
19 0.171875 0.798828125 0.052734375 0.04296875