28 0.267578125 0.6796875 0.2216796875 0.515625
23 0.31982421875 0.85546875 0.015625 0.07421875
23 0.20068359375 0.87841796875 0.0166015625 0.076171875
23 0.17333984375 0.55517578125 0.0166015625 0.076171875
23 0.29345703125 0.52490234375 0.01953125 0.08203125
27 0.83642578125 0.7666015625 0.306640625 0.4501953125
41 0.58642578125 0.3486328125 0.041015625 0.0673828125
41 0.65673828125 0.533203125 0.0390625 0.08203125
41 0.82568359375 0.33837890625 0.044921875 0.076171875
41 0.7548828125 0.1474609375 0.0439453125 0.072265625
28 0.69873046875 0.32666015625 0.341796875 0.501953125
27 0.52099609375 0.68505859375 0.275390625 0.53125