28 0.6845703125 0.7119140625 0.505859375 0.236328125
3 0.515625 0.79052734375 0.08203125 0.01953125
3 0.84619140625 0.66552734375 0.0810546875 0.01953125
3 0.85107421875 0.78515625 0.080078125 0.01953125
3 0.50732421875 0.66943359375 0.080078125 0.01953125
27 0.78955078125 0.17578125 0.4208984375 0.3212890625
27 0.6123046875 0.4990234375 0.5 0.203125
28 0.33447265625 0.29150390625 0.4921875 0.322265625
54 0.48828125 0.35791015625 0.0556640625 0.0478515625
54 0.27783203125 0.400390625 0.044921875 0.0478515625
54 0.15478515625 0.2119140625 0.04296875 0.044921875
54 0.369140625 0.1689453125 0.05859375 0.0546875