5 0.90234375 0.0654296875 0.083984375 0.01953125
6 0.89013671875 0.37255859375 0.0810546875 0.017578125
5 0.8994140625 0.1904296875 0.0830078125 0.01953125
35 0.0908203125 0.541015625 0.083984375 0.01953125
6 0.900390625 0.24365234375 0.0771484375 0.017578125
43 0.43896484375 0.05859375 0.0869140625 0.021484375
43 0.09033203125 0.0498046875 0.087890625 0.01953125
35 0.4326171875 0.53564453125 0.08203125 0.01953125
5 0.55126953125 0.1865234375 0.080078125 0.01953125
5 0.5546875 0.06005859375 0.080078125 0.0185546875
43 0.4345703125 0.1845703125 0.083984375 0.01953125
35 0.07666015625 0.4189453125 0.0859375 0.017578125
6 0.55712890625 0.23681640625 0.08203125 0.017578125
13 0.06494140625 0.36083984375 0.041015625 0.0224609375
35 0.4208984375 0.4111328125 0.08203125 0.017578125
13 0.45263671875 0.2353515625 0.0361328125 0.0234375
13 0.453125 0.365234375 0.0390625 0.0244140625
13 0.91796875 0.42822265625 0.0400390625 0.025390625
6 0.55126953125 0.3662109375 0.0849609375 0.0185546875
43 0.0849609375 0.17626953125 0.087890625 0.0234375
13 0.06298828125 0.23388671875 0.0390625 0.025390625
13 0.912109375 0.54833984375 0.037109375 0.0234375
13 0.54150390625 0.42724609375 0.04296875 0.0224609375
13 0.54296875 0.548828125 0.046875 0.021484375