48 0.09619140625 0.8291015625 0.083984375 0.017578125
48 0.4404296875 0.9541015625 0.0869140625 0.0205078125
48 0.095703125 0.95458984375 0.0859375 0.0185546875
23 0.9345703125 0.65087890625 0.08203125 0.017578125
23 0.92919921875 0.7763671875 0.0849609375 0.017578125
48 0.43798828125 0.828125 0.087890625 0.01953125
10 0.09765625 0.7587890625 0.0703125 0.0185546875
10 0.44970703125 0.63623046875 0.076171875 0.017578125
38 0.94189453125 0.83349609375 0.080078125 0.017578125
23 0.58984375 0.64208984375 0.08203125 0.01953125
10 0.10546875 0.63134765625 0.068359375 0.015625
23 0.58154296875 0.76806640625 0.0810546875 0.017578125
38 0.931640625 0.95947265625 0.0810546875 0.017578125
38 0.58349609375 0.94677734375 0.0810546875 0.017578125
38 0.5947265625 0.81884765625 0.0791015625 0.017578125
10 0.4443359375 0.7646484375 0.0703125 0.017578125