28 0.7021484375 0.37109375 0.21484375 0.494140625
7 0.62060546875 0.2236328125 0.0205078125 0.08203125
7 0.77392578125 0.5166015625 0.017578125 0.080078125
7 0.73828125 0.18994140625 0.017578125 0.078125
7 0.6513671875 0.5595703125 0.017578125 0.083984375
30 0.23583984375 0.87646484375 0.0546875 0.056640625
30 0.416015625 0.72216796875 0.0498046875 0.060546875
30 0.36328125 0.5205078125 0.05078125 0.0537109375
30 0.18212890625 0.67333984375 0.0458984375 0.05859375
28 0.29345703125 0.6962890625 0.314453125 0.408203125
27 0.1962890625 0.25 0.318359375 0.478515625
27 0.4990234375 0.43994140625 0.248046875 0.51171875