27 0.24072265625 0.83935546875 0.3955078125 0.3076171875
44 0.14111328125 0.33544921875 0.091796875 0.01953125
44 0.13037109375 0.21630859375 0.091796875 0.01953125
44 0.46484375 0.2001953125 0.087890625 0.021484375
44 0.4794921875 0.32470703125 0.091796875 0.01953125
28 0.3076171875 0.28076171875 0.49609375 0.25
46 0.87109375 0.77880859375 0.05859375 0.0458984375
46 0.66259765625 0.8330078125 0.0546875 0.04296875
46 0.72021484375 0.5966796875 0.056640625 0.0458984375
10 0.1611328125 0.3701171875 0.0771484375 0.015625
46 0.5185546875 0.64697265625 0.052734375 0.0498046875
27 0.33154296875 0.4990234375 0.45703125 0.21484375
28 0.66064453125 0.70166015625 0.53515625 0.3466796875