10 0.42041015625 0.88134765625 0.041015625 0.0546875
10 0.5546875 0.5625 0.041015625 0.0595703125
24 0.7373046875 0.10595703125 0.04296875 0.0556640625
12 0.80078125 0.38330078125 0.04296875 0.05859375
12 0.61572265625 0.51123046875 0.0439453125 0.0498046875
10 0.59716796875 0.76806640625 0.041015625 0.048828125
10 0.37841796875 0.6796875 0.041015625 0.0478515625
26 0.3662109375 0.60791015625 0.04296875 0.0546875
26 0.3212890625 0.408203125 0.044921875 0.0546875
26 0.4931640625 0.28125 0.044921875 0.0546875
26 0.54052734375 0.4853515625 0.046875 0.0556640625
12 0.84814453125 0.59326171875 0.044921875 0.056640625
12 0.662109375 0.7197265625 0.041015625 0.0478515625
24 0.7822265625 0.31689453125 0.048828125 0.056640625
24 0.6015625 0.44580078125 0.0439453125 0.05078125
24 0.55615234375 0.24267578125 0.0439453125 0.0595703125