43 0.2177734375 0.5087890625 0.01953125 0.0888671875
27 0.806640625 0.771484375 0.30859375 0.4345703125
43 0.361328125 0.81640625 0.021484375 0.0859375
43 0.33740234375 0.482421875 0.021484375 0.08984375
43 0.23974609375 0.8388671875 0.01953125 0.083984375
38 0.63037109375 0.453125 0.0458984375 0.0517578125
38 0.59912109375 0.23388671875 0.0458984375 0.044921875
38 0.7900390625 0.14599609375 0.04296875 0.04296875
38 0.8203125 0.361328125 0.046875 0.044921875
28 0.70654296875 0.3212890625 0.3203125 0.4921875
28 0.28955078125 0.65478515625 0.21484375 0.494140625
27 0.4873046875 0.58447265625 0.244140625 0.5185546875