28 0.3037109375 0.66015625 0.345703125 0.5263671875
28 0.73388671875 0.3095703125 0.236328125 0.54296875
32 0.80078125 0.10205078125 0.01953125 0.083984375
32 0.82666015625 0.4365234375 0.017578125 0.087890625
32 0.68359375 0.12841796875 0.0224609375 0.083984375
32 0.70849609375 0.4609375 0.017578125 0.0869140625
27 0.494140625 0.255859375 0.1787109375 0.51171875
27 0.1533203125 0.22607421875 0.306640625 0.4453125
41 0.3427734375 0.46435546875 0.04296875 0.060546875
41 0.4130859375 0.6494140625 0.0439453125 0.068359375
41 0.17041015625 0.666015625 0.0478515625 0.0625
41 0.24560546875 0.85498046875 0.0458984375 0.056640625