28 0.33984375 0.3037109375 0.5263671875 0.345703125
28 0.6904296875 0.73388671875 0.54296875 0.236328125
32 0.89794921875 0.80078125 0.083984375 0.01953125
32 0.5634765625 0.82666015625 0.087890625 0.017578125
32 0.87158203125 0.68359375 0.083984375 0.0224609375
32 0.5390625 0.70849609375 0.0869140625 0.017578125
27 0.744140625 0.494140625 0.51171875 0.1787109375
27 0.77392578125 0.1533203125 0.4453125 0.306640625
41 0.53564453125 0.3427734375 0.060546875 0.04296875
41 0.3505859375 0.4130859375 0.068359375 0.0439453125
41 0.333984375 0.17041015625 0.0625 0.0478515625
41 0.14501953125 0.24560546875 0.056640625 0.0458984375