27 0.7890625 0.7861328125 0.2734375 0.318359375
17 0.3486328125 0.80029296875 0.01953125 0.083984375
17 0.30810546875 0.4697265625 0.021484375 0.0859375
17 0.189453125 0.51513671875 0.0185546875 0.0859375
28 0.271484375 0.6513671875 0.21875 0.5
17 0.22900390625 0.84130859375 0.01953125 0.0849609375
27 0.4951171875 0.732421875 0.17578125 0.478515625
8 0.64306640625 0.498046875 0.044921875 0.0546875
8 0.58349609375 0.298828125 0.041015625 0.05078125
8 0.82421875 0.32958984375 0.0478515625 0.05859375
8 0.763671875 0.12841796875 0.044921875 0.0556640625
28 0.6943359375 0.33349609375 0.345703125 0.529296875