48 0.52734375 0.30078125 0.08984375 0.0234375
48 0.16064453125 0.21337890625 0.0849609375 0.0224609375
48 0.1923828125 0.33349609375 0.087890625 0.0224609375
48 0.490234375 0.1806640625 0.0830078125 0.021484375
13 0.451171875 0.638671875 0.03515625 0.0244140625
27 0.31005859375 0.49755859375 0.4775390625 0.2216796875
27 0.19775390625 0.85595703125 0.3955078125 0.2880859375
13 0.64501953125 0.5693359375 0.04296875 0.021484375
13 0.66748046875 0.83203125 0.04296875 0.0234375
13 0.86376953125 0.76025390625 0.0478515625 0.0244140625
28 0.66357421875 0.69189453125 0.51171875 0.337890625
28 0.33642578125 0.2646484375 0.509765625 0.232421875