48 0.69921875 0.52734375 0.0234375 0.08984375
48 0.78662109375 0.16015625 0.0224609375 0.0859375
48 0.666015625 0.1923828125 0.0234375 0.08984375
48 0.8193359375 0.48974609375 0.021484375 0.083984375
0 0.435546875 0.66552734375 0.044921875 0.0693359375
0 0.25390625 0.837890625 0.052734375 0.06640625
0 0.19189453125 0.634765625 0.048828125 0.0634765625
0 0.37841796875 0.4697265625 0.046875 0.068359375
28 0.31103515625 0.6533203125 0.3291015625 0.5185546875
27 0.17578125 0.25390625 0.298828125 0.5078125
27 0.49951171875 0.30029296875 0.216796875 0.486328125
28 0.7392578125 0.33447265625 0.228515625 0.5