27 0.7822265625 0.17333984375 0.3583984375 0.2939453125
44 0.8583984375 0.66455078125 0.0908203125 0.01953125
44 0.869140625 0.78369140625 0.091796875 0.01953125
44 0.5361328125 0.796875 0.087890625 0.0205078125
44 0.5205078125 0.67578125 0.091796875 0.01953125
28 0.6923828125 0.71923828125 0.4951171875 0.2490234375
27 0.6640625 0.49853515625 0.4736328125 0.208984375
28 0.3427734375 0.30078125 0.544921875 0.3310546875
45 0.5244140625 0.3525390625 0.064453125 0.044921875
45 0.3359375 0.41796875 0.0634765625 0.044921875
45 0.1494140625 0.2431640625 0.060546875 0.044921875
45 0.35009765625 0.17626953125 0.056640625 0.0478515625