43 0.2177734375 0.50830078125 0.01953125 0.087890625
27 0.79833984375 0.734375 0.3046875 0.400390625
43 0.36181640625 0.81689453125 0.021484375 0.0849609375
43 0.337890625 0.48193359375 0.021484375 0.08984375
43 0.23974609375 0.8388671875 0.01953125 0.083984375
42 0.81005859375 0.13427734375 0.056640625 0.05078125
27 0.5009765625 0.5888671875 0.259765625 0.546875
42 0.83740234375 0.35400390625 0.0498046875 0.0517578125
42 0.6416015625 0.43115234375 0.048828125 0.0478515625
42 0.61474609375 0.2158203125 0.048828125 0.0556640625
28 0.2958984375 0.6513671875 0.2294921875 0.48046875
28 0.70849609375 0.29638671875 0.322265625 0.4609375