6 0.0771484375 0.921875 0.0556640625 0.013671875
23 0.1845703125 0.91650390625 0.0556640625 0.0087890625
23 0.1728515625 0.9951171875 0.05078125 0.009765625
31 0.2685546875 0.91748046875 0.052734375 0.01171875
31 0.24853515625 0.994140625 0.05078125 0.0107421875
19 0.0859375 0.85400390625 0.056640625 0.0126953125
19 0.0791015625 0.7763671875 0.0478515625 0.0126953125
2 0.16796875 0.84814453125 0.0546875 0.0126953125
2 0.1611328125 0.77099609375 0.0537109375 0.0126953125
2 0.3779296875 0.75830078125 0.052734375 0.013671875
2 0.3857421875 0.8349609375 0.0478515625 0.0107421875