6 0.9228515625 0.078125 0.0556640625 0.013671875
23 0.8154296875 0.08349609375 0.0556640625 0.0087890625
23 0.8271484375 0.0048828125 0.05078125 0.009765625
31 0.7314453125 0.08251953125 0.052734375 0.01171875
31 0.75146484375 0.005859375 0.05078125 0.0107421875
19 0.9140625 0.14599609375 0.056640625 0.0126953125
19 0.9208984375 0.2236328125 0.0478515625 0.0126953125
2 0.833984375 0.15234375 0.052734375 0.013671875
2 0.8388671875 0.22998046875 0.052734375 0.013671875
31 0.51953125 0.0732421875 0.052734375 0.0107421875
13 0.732421875 0.15869140625 0.072265625 0.0126953125
13 0.5546875 0.25146484375 0.080078125 0.009765625
13 0.9326171875 0.310546875 0.0791015625 0.01171875
49 0.84033203125 0.31982421875 0.0556640625 0.01171875
49 0.8544921875 0.396484375 0.056640625 0.01171875
4 0.76171875 0.32568359375 0.0517578125 0.009765625
4 0.75830078125 0.40283203125 0.05078125 0.0087890625
4 0.54296875 0.4033203125 0.048828125 0.0078125
4 0.54541015625 0.32763671875 0.05078125 0.013671875