6 0.921875 0.9228515625 0.013671875 0.0556640625
23 0.91650390625 0.8154296875 0.0087890625 0.0556640625
23 0.9951171875 0.8271484375 0.009765625 0.05078125
31 0.91748046875 0.7314453125 0.01171875 0.052734375
31 0.994140625 0.75146484375 0.0107421875 0.05078125
19 0.85400390625 0.9140625 0.0126953125 0.056640625
19 0.7763671875 0.9208984375 0.0126953125 0.0478515625
2 0.84765625 0.833984375 0.013671875 0.052734375
2 0.77001953125 0.8388671875 0.013671875 0.052734375
31 0.9267578125 0.51953125 0.0107421875 0.0537109375
13 0.84130859375 0.732421875 0.0126953125 0.072265625
13 0.74853515625 0.5546875 0.009765625 0.080078125
13 0.689453125 0.9326171875 0.01171875 0.0791015625
49 0.68017578125 0.84033203125 0.01171875 0.0556640625
49 0.603515625 0.8544921875 0.01171875 0.056640625
4 0.67431640625 0.76171875 0.009765625 0.0517578125
4 0.59716796875 0.75830078125 0.0087890625 0.05078125
4 0.5966796875 0.54296875 0.0078125 0.048828125
4 0.67236328125 0.54541015625 0.013671875 0.05078125