28 0.17626953125 0.0634765625 0.28515625 0.126953125
23 0.27099609375 0.08447265625 0.0478515625 0.01171875
23 0.0771484375 0.09228515625 0.0478515625 0.013671875
23 0.076171875 0.0166015625 0.046875 0.013671875
23 0.27197265625 0.009765625 0.05078125 0.009765625
36 0.8671875 0.3310546875 0.05859375 0.01171875
36 0.86962890625 0.40869140625 0.052734375 0.0107421875
9 0.48828125 0.18310546875 0.044921875 0.013671875
9 0.50146484375 0.25634765625 0.04296875 0.01171875
15 0.44775390625 0.265625 0.05078125 0.013671875
15 0.23974609375 0.203125 0.0458984375 0.01171875
15 0.43896484375 0.19140625 0.0537109375 0.013671875
52 0.78759765625 0.3291015625 0.05078125 0.0107421875
52 0.7890625 0.40771484375 0.05078125 0.01171875
52 0.5771484375 0.412109375 0.0478515625 0.01171875
52 0.57763671875 0.3359375 0.05078125 0.0126953125
37 0.48583984375 0.34814453125 0.052734375 0.01171875
37 0.47216796875 0.4228515625 0.052734375 0.0107421875
21 0.40283203125 0.341796875 0.048828125 0.009765625
21 0.39013671875 0.416015625 0.048828125 0.01171875
21 0.1923828125 0.40966796875 0.046875 0.0126953125
43 0.88427734375 0.49951171875 0.056640625 0.01171875
43 0.87109375 0.5771484375 0.056640625 0.0107421875
31 0.80126953125 0.501953125 0.056640625 0.013671875
31 0.79150390625 0.57861328125 0.0537109375 0.009765625
31 0.578125 0.5693359375 0.05078125 0.009765625
31 0.58740234375 0.4931640625 0.052734375 0.013671875
19 0.4833984375 0.48388671875 0.048828125 0.013671875
19 0.490234375 0.5595703125 0.05078125 0.0126953125
5 0.4052734375 0.49072265625 0.0546875 0.01171875
5 0.400390625 0.5654296875 0.0458984375 0.0107421875
5 0.201171875 0.55908203125 0.044921875 0.01171875
5 0.2060546875 0.4873046875 0.04296875 0.01171875
0 0.89111328125 0.66064453125 0.05078125 0.013671875
0 0.87841796875 0.73828125 0.048828125 0.013671875
40 0.81884765625 0.658203125 0.046875 0.015625
40 0.8173828125 0.7353515625 0.046875 0.01171875
40 0.6044921875 0.65380859375 0.044921875 0.0107421875
40 0.603515625 0.728515625 0.046875 0.01171875
10 0.47119140625 0.63427734375 0.0458984375 0.0107421875
10 0.4482421875 0.70751953125 0.046875 0.0107421875
24 0.4052734375 0.63916015625 0.05078125 0.01171875
24 0.37548828125 0.71142578125 0.05078125 0.013671875
24 0.21240234375 0.611328125 0.044921875 0.01171875
24 0.18408203125 0.6806640625 0.044921875 0.01171875
27 0.46435546875 0.8994140625 0.302734375 0.138671875
54 0.71923828125 0.17724609375 0.0478515625 0.01171875
54 0.7138671875 0.2568359375 0.044921875 0.01171875