27 0.5400390625 0.1572265625 0.3056640625 0.1337890625
28 0.18212890625 0.4755859375 0.23046875 0.177734375
31 0.10009765625 0.53369140625 0.02734375 0.0322265625
31 0.12353515625 0.412109375 0.033203125 0.03125
31 0.24169921875 0.5419921875 0.0322265625 0.03125
31 0.2646484375 0.421875 0.03125 0.029296875
27 0.48583984375 0.6005859375 0.3173828125 0.12890625
18 0.3115234375 0.96044921875 0.05859375 0.0185546875
18 0.29541015625 0.8857421875 0.0546875 0.0166015625
22 0.3818359375 0.95751953125 0.056640625 0.01953125
22 0.37255859375 0.8798828125 0.0546875 0.01171875
50 0.4677734375 0.94580078125 0.05078125 0.015625
50 0.46337890625 0.87060546875 0.0546875 0.013671875
50 0.67333984375 0.93017578125 0.056640625 0.013671875
50 0.66748046875 0.85693359375 0.0546875 0.013671875
44 0.767578125 0.9326171875 0.052734375 0.0146484375
44 0.76708984375 0.8583984375 0.0478515625 0.015625
44 0.96142578125 0.92333984375 0.052734375 0.015625
44 0.9599609375 0.85009765625 0.052734375 0.0146484375
16 0.7578125 0.79150390625 0.0498046875 0.017578125
16 0.75439453125 0.720703125 0.046875 0.017578125
16 0.95166015625 0.71240234375 0.048828125 0.017578125
42 0.28271484375 0.7978515625 0.05078125 0.013671875
42 0.2822265625 0.720703125 0.056640625 0.017578125
46 0.34423828125 0.80224609375 0.0576171875 0.015625
46 0.34619140625 0.7255859375 0.056640625 0.01171875
3 0.42724609375 0.78125 0.048828125 0.01171875
3 0.44775390625 0.70654296875 0.046875 0.01171875
3 0.63671875 0.79345703125 0.048828125 0.015625
3 0.65380859375 0.71728515625 0.048828125 0.0146484375
11 0.974609375 0.81103515625 0.048828125 0.015625
45 0.7333984375 0.65380859375 0.048828125 0.01171875
39 0.78662109375 0.6533203125 0.044921875 0.0126953125
39 0.978515625 0.65283203125 0.04296875 0.01171875