38 0.96435546875 0.9072265625 0.013671875 0.0517578125
38 0.884765625 0.89697265625 0.0107421875 0.048828125
48 0.96240234375 0.8408203125 0.009765625 0.0517578125
48 0.88427734375 0.83935546875 0.01171875 0.0517578125
41 0.9609375 0.77490234375 0.0087890625 0.0498046875
41 0.95263671875 0.56298828125 0.01171875 0.0478515625
41 0.88232421875 0.775390625 0.013671875 0.046875
41 0.875 0.5615234375 0.01171875 0.0458984375
2 0.93310546875 0.4794921875 0.01171875 0.0478515625
2 0.857421875 0.46240234375 0.01171875 0.044921875
51 0.9345703125 0.4140625 0.013671875 0.046875
51 0.85888671875 0.396484375 0.01171875 0.04296875
7 0.93798828125 0.35693359375 0.009765625 0.046875
7 0.86328125 0.33984375 0.01171875 0.048828125
7 0.94482421875 0.158203125 0.009765625 0.0439453125
7 0.87109375 0.14208984375 0.009765625 0.04296875
14 0.80322265625 0.91455078125 0.013671875 0.0546875
14 0.724609375 0.90576171875 0.013671875 0.0537109375
35 0.798828125 0.8505859375 0.01171875 0.052734375
6 0.80126953125 0.77734375 0.009765625 0.0498046875
6 0.80322265625 0.5625 0.01171875 0.048828125
35 0.7216796875 0.83740234375 0.01171875 0.0517578125
6 0.72314453125 0.76708984375 0.013671875 0.048828125
6 0.7265625 0.5537109375 0.0107421875 0.046875
17 0.79736328125 0.470703125 0.01171875 0.046875
17 0.72265625 0.44873046875 0.01171875 0.0498046875
47 0.806640625 0.3857421875 0.01171875 0.05078125
47 0.73193359375 0.37060546875 0.009765625 0.048828125
34 0.80517578125 0.2939453125 0.01171875 0.048828125
34 0.73095703125 0.28173828125 0.0126953125 0.05078125
34 0.8095703125 0.0986328125 0.01171875 0.044921875
34 0.73681640625 0.09033203125 0.0107421875 0.0458984375
42 0.66162109375 0.9228515625 0.015625 0.0546875
42 0.583984375 0.9150390625 0.017578125 0.0546875
46 0.67041015625 0.8291015625 0.0146484375 0.0537109375
46 0.59326171875 0.8427734375 0.0126953125 0.0546875
50 0.6552734375 0.74951171875 0.01171875 0.052734375
50 0.578125 0.74365234375 0.01171875 0.0498046875
50 0.658203125 0.53759765625 0.0126953125 0.0498046875
50 0.58251953125 0.53173828125 0.0087890625 0.0478515625
8 0.6533203125 0.43408203125 0.009765625 0.0517578125
8 0.57958984375 0.42236328125 0.009765625 0.048828125
18 0.65576171875 0.34814453125 0.009765625 0.0517578125
18 0.58203125 0.33251953125 0.009765625 0.046875
22 0.66650390625 0.27392578125 0.01171875 0.048828125
22 0.591796875 0.25927734375 0.009765625 0.05078125
22 0.6748046875 0.08056640625 0.0107421875 0.0439453125
22 0.6025390625 0.0693359375 0.01171875 0.046875
25 0.49755859375 0.923828125 0.0107421875 0.0556640625
25 0.419921875 0.9140625 0.01171875 0.0546875
20 0.501953125 0.84228515625 0.0087890625 0.048828125
20 0.42431640625 0.83447265625 0.01171875 0.052734375
29 0.51025390625 0.77001953125 0.013671875 0.052734375
29 0.4326171875 0.75146484375 0.013671875 0.052734375
29 0.4501953125 0.5390625 0.01171875 0.046875
29 0.5244140625 0.5576171875 0.01171875 0.044921875
44 0.5263671875 0.43359375 0.0107421875 0.05078125
3 0.5341796875 0.375 0.0107421875 0.044921875
3 0.46044921875 0.37158203125 0.009765625 0.04296875
16 0.53271484375 0.302734375 0.0107421875 0.048828125
16 0.46044921875 0.298828125 0.01171875 0.05078125
16 0.46337890625 0.10498046875 0.01171875 0.046875
16 0.53515625 0.1064453125 0.0107421875 0.04296875
30 0.3466796875 0.91552734375 0.009765625 0.052734375
30 0.26904296875 0.9111328125 0.009765625 0.056640625
53 0.3515625 0.82470703125 0.01171875 0.052734375
53 0.27392578125 0.83056640625 0.009765625 0.05078125
1 0.34814453125 0.75048828125 0.01171875 0.05078125
1 0.271484375 0.75341796875 0.009765625 0.048828125
1 0.27490234375 0.5390625 0.009765625 0.052734375
1 0.35009765625 0.5361328125 0.01171875 0.05078125
11 0.3779296875 0.42822265625 0.01171875 0.044921875
11 0.30419921875 0.40185546875 0.009765625 0.0458984375
26 0.38037109375 0.357421875 0.01171875 0.0498046875
26 0.30615234375 0.3369140625 0.0107421875 0.044921875
45 0.38916015625 0.2900390625 0.015625 0.046875
45 0.42333984375 0.10009765625 0.015625 0.044921875
33 0.19091796875 0.90234375 0.0126953125 0.05859375
33 0.11181640625 0.8916015625 0.01171875 0.052734375
12 0.19921875 0.830078125 0.01171875 0.048828125
12 0.1201171875 0.8134765625 0.013671875 0.046875
23 0.21240234375 0.75146484375 0.01171875 0.048828125
23 0.13525390625 0.74072265625 0.0107421875 0.044921875
23 0.22607421875 0.5419921875 0.009765625 0.048828125
45 0.318359375 0.25244140625 0.013671875 0.041015625
45 0.3544921875 0.0693359375 0.015625 0.044921875