27 0.57080078125 0.072265625 0.29296875 0.12890625
54 0.0986328125 0.98291015625 0.052734375 0.0126953125
54 0.1083984375 0.90185546875 0.052734375 0.013671875
38 0.1806640625 0.97509765625 0.048828125 0.0107421875
38 0.19287109375 0.89501953125 0.0439453125 0.0087890625
38 0.40771484375 0.89892578125 0.05078125 0.01171875
38 0.39404296875 0.9755859375 0.0439453125 0.0087890625
21 0.1240234375 0.833984375 0.056640625 0.009765625
21 0.12890625 0.7548828125 0.048828125 0.01171875
40 0.22802734375 0.82763671875 0.048828125 0.01171875
40 0.2275390625 0.74951171875 0.048828125 0.0126953125
40 0.43994140625 0.8232421875 0.044921875 0.01171875
40 0.443359375 0.74609375 0.046875 0.01171875
41 0.12939453125 0.67041015625 0.052734375 0.009765625
41 0.13427734375 0.59228515625 0.0498046875 0.01171875
50 0.23193359375 0.66748046875 0.05078125 0.01171875
50 0.2353515625 0.59033203125 0.052734375 0.009765625
50 0.4462890625 0.5908203125 0.044921875 0.009765625
50 0.443359375 0.666015625 0.044921875 0.009765625
47 0.12890625 0.482421875 0.05078125 0.0107421875
47 0.14208984375 0.40625 0.052734375 0.01171875
1 0.6748046875 0.724609375 0.048828125 0.013671875