28 0.52490234375 0.064453125 0.287109375 0.12890625
25 0.62890625 0.0146484375 0.048828125 0.015625
25 0.63427734375 0.0947265625 0.0478515625 0.01171875
25 0.42333984375 0.1064453125 0.04296875 0.0107421875
25 0.4189453125 0.029296875 0.046875 0.013671875
33 0.30859375 0.03857421875 0.056640625 0.01171875
33 0.31005859375 0.11572265625 0.052734375 0.0107421875
33 0.109375 0.12158203125 0.0498046875 0.01171875
33 0.10791015625 0.0478515625 0.048828125 0.0107421875
28 0.21044921875 0.078125 0.294921875 0.11328125
15 0.67236328125 0.2119140625 0.052734375 0.013671875
15 0.46142578125 0.2177734375 0.05078125 0.013671875