28 0.0634765625 0.82373046875 0.126953125 0.28515625
23 0.08447265625 0.72900390625 0.01171875 0.0478515625
23 0.09228515625 0.9228515625 0.013671875 0.0478515625
23 0.0166015625 0.923828125 0.013671875 0.046875
23 0.009765625 0.72802734375 0.009765625 0.05078125
36 0.3310546875 0.1328125 0.01171875 0.05859375
36 0.40869140625 0.13037109375 0.0107421875 0.052734375
9 0.18310546875 0.51171875 0.013671875 0.044921875
9 0.25634765625 0.49853515625 0.01171875 0.04296875
15 0.265625 0.55224609375 0.013671875 0.05078125
15 0.203125 0.76025390625 0.01171875 0.0458984375
15 0.19140625 0.56103515625 0.013671875 0.0537109375
52 0.3291015625 0.21240234375 0.0107421875 0.05078125
52 0.40771484375 0.2109375 0.01171875 0.05078125
52 0.412109375 0.4228515625 0.01171875 0.0478515625
52 0.3359375 0.42236328125 0.0126953125 0.05078125
37 0.34814453125 0.51416015625 0.01171875 0.052734375
37 0.4228515625 0.52783203125 0.0107421875 0.052734375
21 0.341796875 0.59716796875 0.009765625 0.048828125
21 0.416015625 0.60986328125 0.01171875 0.048828125
21 0.40966796875 0.8076171875 0.0126953125 0.046875
43 0.49951171875 0.11572265625 0.01171875 0.056640625
43 0.5771484375 0.12890625 0.0107421875 0.056640625
31 0.501953125 0.19873046875 0.013671875 0.056640625
31 0.57861328125 0.20849609375 0.009765625 0.0537109375
31 0.5693359375 0.421875 0.009765625 0.05078125
31 0.4931640625 0.41259765625 0.013671875 0.052734375
19 0.48388671875 0.5166015625 0.013671875 0.048828125
19 0.5595703125 0.509765625 0.0126953125 0.05078125
5 0.49072265625 0.5947265625 0.01171875 0.0546875
5 0.5654296875 0.599609375 0.0107421875 0.0458984375
5 0.55908203125 0.798828125 0.01171875 0.044921875
5 0.4873046875 0.7939453125 0.01171875 0.04296875
0 0.66064453125 0.10888671875 0.013671875 0.05078125
0 0.73828125 0.12158203125 0.013671875 0.048828125
40 0.658203125 0.18115234375 0.015625 0.046875
40 0.7353515625 0.1826171875 0.01171875 0.046875
40 0.65380859375 0.3955078125 0.0107421875 0.044921875
40 0.728515625 0.396484375 0.01171875 0.046875
10 0.63427734375 0.52880859375 0.0107421875 0.0458984375
10 0.70751953125 0.5517578125 0.0107421875 0.046875
24 0.63916015625 0.5947265625 0.01171875 0.05078125
24 0.71142578125 0.62451171875 0.013671875 0.05078125
24 0.611328125 0.78759765625 0.01171875 0.044921875
24 0.6806640625 0.81591796875 0.01171875 0.044921875
27 0.8994140625 0.53564453125 0.138671875 0.302734375
54 0.17724609375 0.28076171875 0.01171875 0.0478515625
54 0.2568359375 0.2861328125 0.01171875 0.044921875