27 0.4599609375 0.8427734375 0.3056640625 0.1337890625
28 0.81787109375 0.5244140625 0.23046875 0.177734375
31 0.89990234375 0.46630859375 0.02734375 0.0322265625
31 0.87646484375 0.587890625 0.033203125 0.03125
31 0.75830078125 0.4580078125 0.0322265625 0.03125
31 0.7353515625 0.578125 0.03125 0.029296875
27 0.51416015625 0.3994140625 0.3173828125 0.12890625
18 0.6884765625 0.03955078125 0.05859375 0.017578125
18 0.70458984375 0.1142578125 0.0546875 0.0166015625
22 0.6181640625 0.04248046875 0.0576171875 0.01953125
22 0.62744140625 0.1201171875 0.0546875 0.01171875
50 0.5322265625 0.05419921875 0.0517578125 0.015625
50 0.53662109375 0.12939453125 0.0546875 0.013671875
50 0.32666015625 0.06982421875 0.056640625 0.013671875
50 0.33251953125 0.14306640625 0.0546875 0.013671875
44 0.232421875 0.0673828125 0.052734375 0.0146484375
44 0.23291015625 0.1416015625 0.0478515625 0.015625
44 0.03857421875 0.07666015625 0.052734375 0.015625
44 0.0400390625 0.14990234375 0.052734375 0.0146484375
16 0.2421875 0.20849609375 0.0498046875 0.017578125
16 0.24560546875 0.279296875 0.046875 0.017578125
42 0.71728515625 0.2021484375 0.05078125 0.013671875
42 0.7177734375 0.279296875 0.056640625 0.017578125
46 0.65576171875 0.19775390625 0.0576171875 0.015625
46 0.65380859375 0.2744140625 0.056640625 0.01171875
3 0.57275390625 0.21875 0.048828125 0.01171875
3 0.55224609375 0.29345703125 0.046875 0.01171875
3 0.36328125 0.20654296875 0.048828125 0.015625
3 0.34619140625 0.28271484375 0.048828125 0.0146484375
45 0.2626953125 0.34912109375 0.048828125 0.01171875
39 0.19775390625 0.3486328125 0.044921875 0.0126953125
45 0.25439453125 0.4228515625 0.044921875 0.009765625
11 0.64892578125 0.50732421875 0.0517578125 0.01171875
11 0.642578125 0.5849609375 0.0546875 0.01171875
26 0.580078125 0.50732421875 0.048828125 0.013671875
26 0.56591796875 0.5830078125 0.05078125 0.0107421875
16 0.0478515625 0.21630859375 0.048828125 0.017578125
16 0.05224609375 0.2890625 0.05078125 0.013671875
39 0.19921875 0.42236328125 0.0478515625 0.013671875
4 0.4921875 0.509765625 0.048828125 0.013671875
4 0.47314453125 0.58251953125 0.052734375 0.015625
4 0.28955078125 0.49169921875 0.0478515625 0.0087890625
4 0.27197265625 0.564453125 0.0390625 0.009765625
30 0.6474609375 0.66162109375 0.056640625 0.009765625
30 0.63720703125 0.73828125 0.056640625 0.01171875
53 0.5751953125 0.64990234375 0.0556640625 0.01171875
53 0.56884765625 0.7255859375 0.0537109375 0.0126953125
53 0.369140625 0.642578125 0.046875 0.01171875
53 0.3642578125 0.71533203125 0.05078125 0.0126953125
49 0.20361328125 0.63232421875 0.0556640625 0.013671875
49 0.1923828125 0.7041015625 0.044921875 0.015625