28 0.47509765625 0.935546875 0.287109375 0.12890625
25 0.57666015625 0.8935546875 0.04296875 0.0107421875
25 0.5810546875 0.970703125 0.046875 0.013671875
22 0.17236328125 0.66357421875 0.05078125 0.0107421875
22 0.18310546875 0.5869140625 0.0498046875 0.01171875
33 0.25634765625 0.658203125 0.0478515625 0.01171875
33 0.27099609375 0.58056640625 0.05078125 0.009765625
33 0.4677734375 0.66455078125 0.0458984375 0.01171875
33 0.48095703125 0.58935546875 0.0478515625 0.009765625
45 0.1982421875 0.513671875 0.052734375 0.01171875
45 0.203125 0.43603515625 0.0546875 0.009765625
17 0.28125 0.51904296875 0.05078125 0.01171875
17 0.28173828125 0.4423828125 0.048828125 0.01171875
17 0.49169921875 0.51953125 0.052734375 0.01171875
17 0.49267578125 0.4443359375 0.05078125 0.0126953125
13 0.6123046875 0.52685546875 0.0703125 0.0078125
16 0.7158203125 0.5283203125 0.0517578125 0.009765625
16 0.73193359375 0.4560546875 0.0498046875 0.0126953125
16 0.9248046875 0.4716796875 0.044921875 0.013671875
16 0.90771484375 0.54248046875 0.044921875 0.01171875
9 0.20556640625 0.37744140625 0.0478515625 0.01171875
9 0.19775390625 0.30078125 0.044921875 0.01171875
48 0.28759765625 0.37548828125 0.048828125 0.01171875
48 0.2900390625 0.29833984375 0.05078125 0.01171875
48 0.49755859375 0.38134765625 0.048828125 0.009765625
48 0.5029296875 0.30615234375 0.052734375 0.01171875
6 0.61474609375 0.390625 0.048828125 0.01171875
6 0.6298828125 0.31689453125 0.048828125 0.0107421875
13 0.69873046875 0.4111328125 0.07421875 0.0078125
13 0.88037109375 0.3466796875 0.0693359375 0.009765625
2 0.18701171875 0.224609375 0.052734375 0.013671875
19 0.28271484375 0.23486328125 0.0546875 0.01171875
19 0.494140625 0.251953125 0.052734375 0.01171875
2 0.20703125 0.14990234375 0.05078125 0.0126953125
19 0.29345703125 0.16064453125 0.0546875 0.0107421875
19 0.50390625 0.177734375 0.0458984375 0.009765625
24 0.6171875 0.26708984375 0.0537109375 0.009765625
24 0.61962890625 0.193359375 0.046875 0.009765625
43 0.69140625 0.2646484375 0.05078125 0.01171875
43 0.88525390625 0.27294921875 0.044921875 0.009765625
43 0.69677734375 0.19189453125 0.05078125 0.0107421875
27 0.5771484375 0.07275390625 0.2919921875 0.1181640625
43 0.8916015625 0.2021484375 0.0478515625 0.009765625
46 0.70556640625 0.96142578125 0.056640625 0.01171875
46 0.7080078125 0.88427734375 0.052734375 0.0107421875
46 0.90673828125 0.8818359375 0.0498046875 0.01171875
46 0.9033203125 0.955078125 0.048828125 0.0107421875
28 0.80224609375 0.91748046875 0.2744140625 0.1162109375
30 0.36767578125 0.7197265625 0.0478515625 0.0185546875
30 0.4296875 0.78564453125 0.046875 0.021484375
30 0.17529296875 0.78515625 0.048828125 0.0234375