6 0.921875 0.9228515625 0.013671875 0.0556640625
23 0.91650390625 0.8154296875 0.0087890625 0.0556640625
23 0.9951171875 0.8271484375 0.009765625 0.05078125
31 0.91748046875 0.7314453125 0.01171875 0.052734375
31 0.994140625 0.75146484375 0.0107421875 0.05078125
19 0.85400390625 0.9140625 0.0126953125 0.056640625
19 0.7763671875 0.9208984375 0.0126953125 0.0478515625
2 0.84765625 0.8359375 0.01171875 0.0478515625
2 0.7705078125 0.8388671875 0.01171875 0.0498046875
31 0.9267578125 0.51953125 0.0107421875 0.0537109375
13 0.84130859375 0.732421875 0.0126953125 0.072265625
13 0.74853515625 0.5546875 0.009765625 0.080078125
13 0.689453125 0.9365234375 0.01171875 0.0791015625
49 0.67919921875 0.84423828125 0.01171875 0.0556640625
49 0.60107421875 0.8564453125 0.01171875 0.056640625
4 0.67236328125 0.765625 0.009765625 0.0517578125
4 0.595703125 0.7587890625 0.0087890625 0.05078125
32 0.53662109375 0.95751953125 0.0107421875 0.056640625
32 0.45849609375 0.95751953125 0.009765625 0.052734375
48 0.5263671875 0.8828125 0.009765625 0.060546875
48 0.44873046875 0.87841796875 0.009765625 0.056640625
9 0.525390625 0.806640625 0.0078125 0.048828125
9 0.44873046875 0.796875 0.009765625 0.04296875
9 0.45751953125 0.58154296875 0.0087890625 0.044921875
9 0.53271484375 0.5908203125 0.0087890625 0.0478515625
4 0.67333984375 0.55224609375 0.0107421875 0.048828125
4 0.59814453125 0.54541015625 0.009765625 0.0478515625
20 0.376953125 0.94970703125 0.0087890625 0.0556640625
20 0.29833984375 0.9443359375 0.009765625 0.0546875
26 0.376953125 0.87841796875 0.009765625 0.048828125
26 0.2998046875 0.86376953125 0.009765625 0.0478515625
44 0.38623046875 0.78369140625 0.009765625 0.0546875
44 0.31005859375 0.7685546875 0.009765625 0.052734375
44 0.400390625 0.57080078125 0.009765625 0.0517578125
44 0.3251953125 0.556640625 0.009765625 0.056640625
45 0.220703125 0.9189453125 0.01171875 0.056640625
45 0.14306640625 0.91455078125 0.009765625 0.0517578125
33 0.22119140625 0.8447265625 0.0087890625 0.0556640625
33 0.14453125 0.84033203125 0.0107421875 0.056640625
22 0.22607421875 0.76025390625 0.0107421875 0.056640625
22 0.14892578125 0.7578125 0.009765625 0.0537109375
22 0.1572265625 0.5458984375 0.009765625 0.046875
22 0.23291015625 0.546875 0.01171875 0.048828125
37 0.0888671875 0.91455078125 0.0107421875 0.05859375
37 0.01025390625 0.91015625 0.0107421875 0.0546875
8 0.08837890625 0.83447265625 0.01171875 0.0546875
8 0.0107421875 0.833984375 0.009765625 0.048828125
52 0.09326171875 0.75341796875 0.0107421875 0.0546875
52 0.01513671875 0.74755859375 0.0107421875 0.048828125
52 0.0283203125 0.53564453125 0.0087890625 0.0439453125
52 0.1064453125 0.54052734375 0.009765625 0.04296875
11 0.99365234375 0.42919921875 0.01171875 0.044921875
11 0.916015625 0.41943359375 0.009765625 0.048828125
39 0.98876953125 0.3330078125 0.01171875 0.046875
39 0.91162109375 0.3330078125 0.009765625 0.041015625
39 0.98046875 0.13720703125 0.01171875 0.041015625