38 0.96435546875 0.9072265625 0.013671875 0.0517578125
38 0.884765625 0.89697265625 0.0107421875 0.048828125
48 0.96240234375 0.8408203125 0.009765625 0.0517578125
48 0.88427734375 0.83935546875 0.01171875 0.0517578125
41 0.9609375 0.77490234375 0.0087890625 0.0498046875
41 0.95263671875 0.56298828125 0.01171875 0.0478515625
41 0.88232421875 0.775390625 0.013671875 0.046875
41 0.875 0.5615234375 0.01171875 0.0458984375
2 0.93310546875 0.4794921875 0.01171875 0.0478515625
2 0.857421875 0.46240234375 0.01171875 0.044921875
51 0.9345703125 0.4140625 0.013671875 0.046875
51 0.85888671875 0.396484375 0.01171875 0.04296875
7 0.93798828125 0.35693359375 0.009765625 0.046875
7 0.86328125 0.33984375 0.01171875 0.048828125
7 0.94482421875 0.158203125 0.009765625 0.0439453125
7 0.87109375 0.14208984375 0.009765625 0.04296875
14 0.80322265625 0.91455078125 0.013671875 0.0546875
14 0.724609375 0.90576171875 0.013671875 0.0537109375
35 0.798828125 0.8505859375 0.01171875 0.052734375
6 0.80126953125 0.77734375 0.009765625 0.0498046875
6 0.80322265625 0.5625 0.01171875 0.048828125