27 0.1572265625 0.4599609375 0.1337890625 0.3056640625
28 0.685546875 0.8466796875 0.1708984375 0.21484375
18 0.7490234375 0.921875 0.03515625 0.033203125
18 0.62353515625 0.9228515625 0.03125 0.03125
18 0.62451171875 0.77734375 0.03125 0.029296875
18 0.74609375 0.7802734375 0.03125 0.03125
28 0.4755859375 0.81787109375 0.177734375 0.23046875
31 0.53369140625 0.89990234375 0.0322265625 0.02734375
31 0.412109375 0.87646484375 0.03125 0.033203125
31 0.5419921875 0.75830078125 0.03125 0.0322265625
31 0.421875 0.7353515625 0.029296875 0.03125
5 0.9365234375 0.67431640625 0.01171875 0.0546875
5 0.85986328125 0.6650390625 0.01171875 0.0556640625
19 0.92822265625 0.58349609375 0.01171875 0.05078125
19 0.92626953125 0.37646484375 0.0107421875 0.0556640625