28 0.064453125 0.47509765625 0.12890625 0.287109375
25 0.0146484375 0.37109375 0.015625 0.048828125
25 0.0947265625 0.36572265625 0.01171875 0.0478515625
25 0.1064453125 0.57666015625 0.0107421875 0.04296875
25 0.029296875 0.5810546875 0.013671875 0.046875
33 0.03857421875 0.69140625 0.01171875 0.056640625
33 0.11572265625 0.68994140625 0.0107421875 0.052734375
33 0.12158203125 0.890625 0.01171875 0.0498046875
33 0.0478515625 0.89208984375 0.0107421875 0.048828125
28 0.078125 0.78955078125 0.11328125 0.294921875
15 0.1806640625 0.34619140625 0.013671875 0.052734375
39 0.19091796875 0.408203125 0.0185546875 0.046875
39 0.26611328125 0.3798828125 0.013671875 0.044921875
39 0.294921875 0.5810546875 0.015625 0.044921875
39 0.2236328125 0.61083984375 0.017578125 0.0478515625
31 0.22802734375 0.705078125 0.0146484375 0.0546875
31 0.30224609375 0.70849609375 0.013671875 0.05078125
11 0.22607421875 0.7744140625 0.0146484375 0.041015625
11 0.23486328125 0.96630859375 0.013671875 0.0361328125
11 0.29931640625 0.77001953125 0.0126953125 0.041015625
11 0.30712890625 0.962890625 0.0087890625 0.041015625
23 0.3876953125 0.28125 0.01171875 0.05078125
23 0.46484375 0.28125 0.009765625 0.05078125
29 0.40087890625 0.3369140625 0.013671875 0.05078125
29 0.47705078125 0.35595703125 0.0126953125 0.0498046875
29 0.45947265625 0.56005859375 0.0126953125 0.05078125
29 0.3857421875 0.54345703125 0.013671875 0.044921875
4 0.400390625 0.6640625 0.009765625 0.052734375
4 0.47314453125 0.6904296875 0.0107421875 0.052734375
4 0.3798828125 0.8583984375 0.01171875 0.0419921875
4 0.451171875 0.8857421875 0.0107421875 0.048828125