28 0.47509765625 0.935546875 0.287109375 0.12890625
25 0.37109375 0.9853515625 0.048828125 0.015625
25 0.36572265625 0.9052734375 0.0478515625 0.01171875
25 0.57666015625 0.8935546875 0.04296875 0.0107421875
25 0.5810546875 0.970703125 0.046875 0.013671875
33 0.69140625 0.96142578125 0.056640625 0.01171875
33 0.68994140625 0.88427734375 0.052734375 0.0107421875
33 0.890625 0.87841796875 0.0498046875 0.01171875
33 0.89208984375 0.9521484375 0.048828125 0.0107421875
28 0.78955078125 0.921875 0.294921875 0.1142578125
15 0.34619140625 0.8193359375 0.052734375 0.013671875
39 0.408203125 0.80908203125 0.046875 0.0185546875
39 0.3798828125 0.73388671875 0.044921875 0.013671875
39 0.5810546875 0.705078125 0.044921875 0.015625
39 0.61083984375 0.7763671875 0.0478515625 0.017578125
31 0.705078125 0.77197265625 0.0546875 0.0146484375
31 0.70849609375 0.69775390625 0.05078125 0.013671875
11 0.7744140625 0.77392578125 0.041015625 0.0146484375
11 0.96630859375 0.76513671875 0.0361328125 0.013671875
11 0.77001953125 0.70068359375 0.041015625 0.0126953125
11 0.962890625 0.69287109375 0.041015625 0.0087890625
23 0.28125 0.6123046875 0.05078125 0.01171875
23 0.28125 0.53515625 0.05078125 0.009765625
29 0.3369140625 0.59912109375 0.05078125 0.013671875
29 0.35595703125 0.52294921875 0.0498046875 0.0126953125
29 0.56005859375 0.54052734375 0.05078125 0.0126953125
29 0.54345703125 0.6142578125 0.044921875 0.013671875
4 0.6640625 0.599609375 0.052734375 0.009765625
4 0.6904296875 0.52685546875 0.052734375 0.0107421875
4 0.8583984375 0.6201171875 0.0419921875 0.01171875
4 0.8857421875 0.548828125 0.048828125 0.0107421875