28 0.17626953125 0.0634765625 0.28515625 0.126953125
29 0.65234375 0.0751953125 0.0517578125 0.009765625
28 0.5703125 0.04541015625 0.3076171875 0.0908203125
29 0.44482421875 0.0654296875 0.0478515625 0.015625
27 0.43310546875 0.93798828125 0.310546875 0.1240234375
23 0.27099609375 0.08447265625 0.0478515625 0.01171875
23 0.0771484375 0.09228515625 0.0478515625 0.013671875
23 0.076171875 0.0166015625 0.046875 0.013671875
23 0.27197265625 0.009765625 0.05078125 0.009765625
32 0.861328125 0.1572265625 0.052734375 0.013671875
32 0.873046875 0.2333984375 0.056640625 0.0126953125
54 0.79541015625 0.15771484375 0.05078125 0.0126953125
54 0.81005859375 0.23486328125 0.0478515625 0.013671875
54 0.59814453125 0.2548828125 0.048828125 0.015625
54 0.58349609375 0.1796875 0.05078125 0.015625
36 0.86865234375 0.337890625 0.05859375 0.01171875
36 0.87109375 0.4150390625 0.052734375 0.0107421875
36 0.65576171875 0.4189453125 0.048828125 0.009765625
36 0.65087890625 0.34326171875 0.05078125 0.0107421875
9 0.48193359375 0.18994140625 0.044921875 0.013671875
9 0.48291015625 0.26513671875 0.04296875 0.01171875
15 0.39697265625 0.26708984375 0.05078125 0.013671875
15 0.19873046875 0.27734375 0.05078125 0.013671875
15 0.193359375 0.2041015625 0.0458984375 0.01171875
15 0.39013671875 0.193359375 0.0537109375 0.013671875