28 0.064453125 0.47509765625 0.12890625 0.287109375
25 0.0146484375 0.37109375 0.015625 0.048828125
25 0.0947265625 0.36572265625 0.01171875 0.0478515625
25 0.1064453125 0.57666015625 0.0107421875 0.04296875
25 0.029296875 0.5810546875 0.013671875 0.046875
53 0.19091796875 0.1826171875 0.01171875 0.05078125
53 0.26953125 0.1875 0.013671875 0.05078125
30 0.1953125 0.26123046875 0.01171875 0.052734375
30 0.271484375 0.25537109375 0.01171875 0.05078125
30 0.28076171875 0.46875 0.013671875 0.0478515625
30 0.2060546875 0.47265625 0.0107421875 0.048828125
22 0.33642578125 0.17236328125 0.0107421875 0.05078125
22 0.4130859375 0.18310546875 0.01171875 0.0498046875
33 0.341796875 0.25634765625 0.01171875 0.0478515625
33 0.41943359375 0.27099609375 0.009765625 0.05078125
33 0.33544921875 0.4677734375 0.01171875 0.0458984375
33 0.41064453125 0.48095703125 0.009765625 0.0478515625
45 0.486328125 0.1982421875 0.01171875 0.052734375
45 0.56396484375 0.203125 0.009765625 0.0546875
17 0.48095703125 0.28125 0.01171875 0.05078125
17 0.5576171875 0.28173828125 0.01171875 0.048828125
35 0.1982421875 0.60107421875 0.01171875 0.048828125
17 0.48046875 0.49169921875 0.01171875 0.052734375
17 0.5556640625 0.49267578125 0.0126953125 0.05078125
35 0.2734375 0.5966796875 0.01171875 0.052734375
46 0.205078125 0.6728515625 0.0107421875 0.05078125
46 0.28076171875 0.6748046875 0.009765625 0.05078125
46 0.2099609375 0.86962890625 0.0107421875 0.046875
46 0.2822265625 0.8720703125 0.009765625 0.048828125
13 0.337890625 0.59619140625 0.0078125 0.0712890625
5 0.32958984375 0.6767578125 0.0107421875 0.0478515625
5 0.32275390625 0.87255859375 0.0107421875 0.046875
5 0.39453125 0.88427734375 0.0107421875 0.0458984375
5 0.4033203125 0.68798828125 0.01171875 0.048828125
13 0.47314453125 0.6123046875 0.0078125 0.0703125
16 0.4716796875 0.7158203125 0.009765625 0.0517578125
16 0.5439453125 0.73193359375 0.0126953125 0.0498046875
16 0.5283203125 0.9248046875 0.013671875 0.044921875
16 0.45751953125 0.90771484375 0.01171875 0.044921875
9 0.62255859375 0.20556640625 0.01171875 0.0478515625
9 0.69921875 0.19775390625 0.01171875 0.044921875
48 0.62451171875 0.28759765625 0.01171875 0.048828125
48 0.70166015625 0.2900390625 0.01171875 0.05078125
48 0.61865234375 0.49755859375 0.009765625 0.048828125
48 0.69384765625 0.5029296875 0.01171875 0.052734375
6 0.609375 0.61474609375 0.01171875 0.048828125
6 0.68310546875 0.6298828125 0.0107421875 0.048828125
13 0.5888671875 0.69873046875 0.0078125 0.07421875
13 0.6533203125 0.88037109375 0.009765625 0.0693359375
2 0.775390625 0.18701171875 0.013671875 0.052734375
19 0.76513671875 0.28271484375 0.01171875 0.0546875
19 0.748046875 0.494140625 0.01171875 0.052734375
2 0.85009765625 0.20703125 0.0126953125 0.05078125
19 0.83935546875 0.29345703125 0.0107421875 0.0546875
19 0.822265625 0.50390625 0.009765625 0.0458984375
24 0.73291015625 0.6171875 0.009765625 0.0537109375
24 0.806640625 0.61962890625 0.009765625 0.046875
43 0.7353515625 0.69140625 0.01171875 0.05078125
43 0.72705078125 0.88525390625 0.009765625 0.044921875
43 0.80810546875 0.69677734375 0.0107421875 0.05078125
27 0.92724609375 0.5771484375 0.1181640625 0.2919921875
43 0.7978515625 0.8916015625 0.009765625 0.0478515625