23 0.11279296875 0.125 0.0146484375 0.0546875
23 0.1904296875 0.1201171875 0.013671875 0.05078125
12 0.123046875 0.205078125 0.0126953125 0.046875
12 0.20068359375 0.203125 0.0126953125 0.04296875
12 0.20947265625 0.42041015625 0.009765625 0.044921875
1 0.2119140625 0.60546875 0.0126953125 0.05078125
53 0.25048828125 0.11279296875 0.013671875 0.0576171875
53 0.32861328125 0.10693359375 0.01171875 0.05078125
33 0.21142578125 0.53466796875 0.0107421875 0.046875
30 0.2626953125 0.19580078125 0.01171875 0.0546875
30 0.33935546875 0.1904296875 0.013671875 0.048828125
30 0.34765625 0.404296875 0.009765625 0.05078125
30 0.271484375 0.41064453125 0.009765625 0.05078125
49 0.27197265625 0.5244140625 0.009765625 0.048828125
49 0.3466796875 0.525390625 0.0107421875 0.0537109375
4 0.2734375 0.59375 0.01171875 0.046875
4 0.34716796875 0.60400390625 0.009765625 0.05078125
39 0.41064453125 0.0859375 0.013671875 0.05859375
39 0.48828125 0.08056640625 0.01171875 0.048828125
45 0.40673828125 0.162109375 0.013671875 0.052734375
45 0.4853515625 0.16650390625 0.009765625 0.056640625
45 0.4072265625 0.37646484375 0.0107421875 0.05078125
45 0.48291015625 0.3798828125 0.0146484375 0.056640625
26 0.40087890625 0.4951171875 0.015625 0.0546875
26 0.47509765625 0.49951171875 0.01171875 0.046875
11 0.40234375 0.55517578125 0.009765625 0.0478515625
11 0.4775390625 0.568359375 0.01171875 0.044921875
11 0.46826171875 0.767578125 0.009765625 0.048828125
11 0.39453125 0.7578125 0.0087890625 0.04296875
16 0.56298828125 0.08056640625 0.0107421875 0.056640625
16 0.6396484375 0.078125 0.009765625 0.0576171875
3 0.5517578125 0.15234375 0.009765625 0.046875
3 0.63037109375 0.1513671875 0.009765625 0.05078125
3 0.5517578125 0.369140625 0.009765625 0.0517578125
3 0.626953125 0.36669921875 0.009765625 0.0458984375
44 0.544921875 0.50341796875 0.0087890625 0.048828125
44 0.62060546875 0.51220703125 0.009765625 0.0517578125
50 0.53369140625 0.5810546875 0.009765625 0.044921875
50 0.6083984375 0.5859375 0.0078125 0.044921875
50 0.6015625 0.787109375 0.009765625 0.048828125
50 0.529296875 0.7802734375 0.009765625 0.044921875
46 0.703125 0.0771484375 0.01171875 0.0595703125
46 0.78125 0.1005859375 0.0107421875 0.052734375
4 0.26953125 0.7958984375 0.01171875 0.044921875
4 0.34228515625 0.8037109375 0.0078125 0.05078125
42 0.6904296875 0.17529296875 0.01171875 0.0537109375
42 0.7685546875 0.1845703125 0.013671875 0.0537109375
42 0.67822265625 0.38818359375 0.0146484375 0.05078125
42 0.75341796875 0.3984375 0.013671875 0.05078125
22 0.67041015625 0.4990234375 0.009765625 0.0556640625
22 0.7451171875 0.5166015625 0.009765625 0.048828125
18 0.6728515625 0.5751953125 0.0107421875 0.0537109375
18 0.6552734375 0.77294921875 0.013671875 0.048828125
18 0.7470703125 0.58935546875 0.009765625 0.0478515625
18 0.72802734375 0.78662109375 0.009765625 0.046875
27 0.84228515625 0.53759765625 0.126953125 0.296875