27 0.4599609375 0.8427734375 0.3056640625 0.1337890625
28 0.8466796875 0.314453125 0.21484375 0.1708984375
18 0.921875 0.2509765625 0.033203125 0.03515625
18 0.9228515625 0.37646484375 0.03125 0.03125
18 0.77734375 0.37548828125 0.029296875 0.03125
18 0.7802734375 0.25390625 0.03125 0.03125
28 0.81787109375 0.5244140625 0.23046875 0.177734375
31 0.89990234375 0.46630859375 0.02734375 0.0322265625
31 0.87646484375 0.587890625 0.033203125 0.03125
31 0.75830078125 0.4580078125 0.0322265625 0.03125
31 0.7353515625 0.578125 0.03125 0.029296875