42 0.85595703125 0.658203125 0.052734375 0.013671875
36 0.638671875 0.63671875 0.046875 0.009765625
42 0.837890625 0.734375 0.052734375 0.0126953125
36 0.6279296875 0.7109375 0.05078125 0.0107421875
3 0.1767578125 0.673828125 0.044921875 0.0107421875
52 0.84228515625 0.78759765625 0.0546875 0.009765625
52 0.8359375 0.865234375 0.046875 0.0078125
27 0.42529296875 0.92333984375 0.294921875 0.12890625
8 0.7587890625 0.78076171875 0.052734375 0.01171875
8 0.74853515625 0.85693359375 0.052734375 0.01171875
8 0.54248046875 0.76806640625 0.05078125 0.009765625
8 0.5361328125 0.84326171875 0.0478515625 0.0126953125
37 0.423828125 0.7353515625 0.048828125 0.01171875
37 0.43896484375 0.80908203125 0.048828125 0.009765625
7 0.330078125 0.748046875 0.046875 0.01171875
7 0.32568359375 0.8212890625 0.04296875 0.01171875
27 0.458984375 0.087890625 0.294921875 0.115234375
14 0.35693359375 0.68603515625 0.048828125 0.01171875