6 0.9228515625 0.078125 0.0556640625 0.013671875
23 0.8154296875 0.08349609375 0.0556640625 0.0087890625
23 0.8271484375 0.0048828125 0.05078125 0.009765625
31 0.7314453125 0.08251953125 0.052734375 0.01171875
31 0.75146484375 0.005859375 0.05078125 0.0107421875
19 0.9140625 0.14599609375 0.056640625 0.0126953125
19 0.9208984375 0.2236328125 0.0478515625 0.0126953125
2 0.833984375 0.15234375 0.0546875 0.013671875
2 0.83984375 0.23046875 0.052734375 0.0146484375
31 0.51953125 0.0732421875 0.052734375 0.0107421875
13 0.732421875 0.15869140625 0.072265625 0.0126953125
13 0.5546875 0.25146484375 0.080078125 0.009765625
13 0.9365234375 0.310546875 0.0791015625 0.01171875
49 0.84423828125 0.32080078125 0.0556640625 0.01171875
49 0.8564453125 0.39892578125 0.056640625 0.01171875
4 0.765625 0.32763671875 0.0517578125 0.009765625
4 0.7587890625 0.404296875 0.05078125 0.0087890625
32 0.95751953125 0.46337890625 0.056640625 0.0107421875
32 0.95751953125 0.54150390625 0.052734375 0.009765625
48 0.8828125 0.4736328125 0.060546875 0.009765625
48 0.87841796875 0.55126953125 0.056640625 0.009765625
9 0.806640625 0.474609375 0.048828125 0.0078125
9 0.796875 0.55126953125 0.04296875 0.009765625
9 0.58154296875 0.54248046875 0.044921875 0.0087890625
9 0.5908203125 0.46728515625 0.0478515625 0.0087890625
4 0.55224609375 0.32666015625 0.048828125 0.0107421875
4 0.54541015625 0.40185546875 0.0478515625 0.009765625
20 0.94970703125 0.623046875 0.0556640625 0.0087890625
20 0.9443359375 0.70166015625 0.0546875 0.0107421875
26 0.87841796875 0.623046875 0.048828125 0.009765625
26 0.86376953125 0.7001953125 0.0478515625 0.009765625
44 0.78369140625 0.61376953125 0.0546875 0.009765625
44 0.7685546875 0.68994140625 0.052734375 0.009765625
44 0.57080078125 0.599609375 0.0517578125 0.009765625
44 0.556640625 0.6748046875 0.056640625 0.009765625
33 0.26806640625 0.47607421875 0.048828125 0.015625