28 0.46728515625 0.58935546875 0.111328125 0.291015625
37 0.0888671875 0.91455078125 0.0107421875 0.05859375
37 0.01025390625 0.91015625 0.0107421875 0.0546875
8 0.08837890625 0.83447265625 0.01171875 0.0546875
8 0.0107421875 0.833984375 0.009765625 0.048828125
52 0.09326171875 0.75341796875 0.0107421875 0.0546875
52 0.01513671875 0.74755859375 0.0107421875 0.048828125
52 0.0283203125 0.53564453125 0.0087890625 0.0439453125
52 0.1064453125 0.54052734375 0.009765625 0.04296875
3 0.1015625 0.439453125 0.0107421875 0.046875
3 0.029296875 0.42041015625 0.009765625 0.048828125
14 0.037109375 0.337890625 0.0126953125 0.046875
36 0.048828125 0.265625 0.0107421875 0.044921875
36 0.0771484375 0.07568359375 0.0107421875 0.0400390625
7 0.80712890625 0.66943359375 0.01171875 0.0517578125
7 0.72900390625 0.66162109375 0.009765625 0.05078125
27 0.92041015625 0.55615234375 0.12109375 0.294921875
28 0.7744140625 0.5654296875 0.123046875 0.296875
7 0.80615234375 0.4599609375 0.01171875 0.046875
7 0.73095703125 0.4521484375 0.013671875 0.0498046875
24 0.92822265625 0.3095703125 0.009765625 0.0576171875
24 0.8525390625 0.306640625 0.01171875 0.044921875
24 0.9248046875 0.11474609375 0.009765625 0.04296875
24 0.8525390625 0.10791015625 0.009765625 0.044921875
28 0.89111328125 0.212890625 0.1162109375 0.265625
22 0.150390625 0.57470703125 0.0087890625 0.0546875
17 0.50390625 0.689453125 0.009765625 0.0498046875
17 0.42724609375 0.69091796875 0.0087890625 0.046875
17 0.50390625 0.48095703125 0.01171875 0.048828125