30 0.3466796875 0.91552734375 0.009765625 0.052734375
30 0.26904296875 0.9111328125 0.009765625 0.056640625
53 0.3515625 0.82470703125 0.01171875 0.052734375
53 0.27392578125 0.83056640625 0.009765625 0.05078125
1 0.34814453125 0.75048828125 0.01171875 0.05078125
1 0.271484375 0.75341796875 0.0107421875 0.048828125
1 0.27490234375 0.5390625 0.009765625 0.052734375
1 0.35009765625 0.5361328125 0.01171875 0.05078125
11 0.3779296875 0.42822265625 0.01171875 0.044921875
11 0.30419921875 0.40185546875 0.009765625 0.0458984375
26 0.38037109375 0.357421875 0.01171875 0.0498046875
26 0.30615234375 0.3369140625 0.0107421875 0.044921875
45 0.38916015625 0.2900390625 0.015625 0.046875
45 0.42333984375 0.10009765625 0.015625 0.044921875
33 0.19091796875 0.90234375 0.0126953125 0.05859375
33 0.11181640625 0.8916015625 0.01171875 0.052734375
12 0.19921875 0.830078125 0.01171875 0.048828125
12 0.1201171875 0.8134765625 0.013671875 0.046875
23 0.20361328125 0.751953125 0.01171875 0.048828125
23 0.1279296875 0.73876953125 0.0107421875 0.044921875
23 0.2216796875 0.54248046875 0.009765625 0.048828125
45 0.318359375 0.25244140625 0.013671875 0.041015625
45 0.3544921875 0.0693359375 0.015625 0.044921875
23 0.146484375 0.53125 0.009765625 0.0478515625
39 0.240234375 0.41015625 0.0107421875 0.048828125
39 0.1650390625 0.41259765625 0.0087890625 0.041015625
4 0.24462890625 0.3388671875 0.0126953125 0.04296875
4 0.169921875 0.34033203125 0.0126953125 0.048828125
49 0.240234375 0.28076171875 0.009765625 0.044921875
49 0.166015625 0.27734375 0.009765625 0.048828125
49 0.1728515625 0.08349609375 0.009765625 0.044921875
49 0.2451171875 0.0849609375 0.01171875 0.048828125
27 0.05859375 0.43115234375 0.1171875 0.3056640625
29 0.9248046875 0.65234375 0.009765625 0.0517578125
28 0.95458984375 0.5703125 0.0908203125 0.3076171875
16 0.90087890625 0.078125 0.013671875 0.05078125
28 0.93408203125 0.17626953125 0.1240234375 0.291015625
16 0.90673828125 0.27392578125 0.015625 0.0546875
16 0.97998046875 0.279296875 0.015625 0.05078125
16 0.97412109375 0.0791015625 0.013671875 0.0478515625
29 0.9345703125 0.44482421875 0.015625 0.0478515625