53 0.275390625 0.83203125 0.009765625 0.05078125
1 0.27490234375 0.75634765625 0.013671875 0.05078125
1 0.29443359375 0.5458984375 0.01171875 0.052734375
33 0.19091796875 0.90234375 0.0126953125 0.05859375
12 0.19921875 0.830078125 0.01171875 0.048828125
23 0.20361328125 0.751953125 0.01171875 0.048828125
23 0.1279296875 0.73876953125 0.0107421875 0.044921875
23 0.2216796875 0.54248046875 0.009765625 0.048828125
29 0.9248046875 0.65234375 0.009765625 0.0517578125
28 0.95458984375 0.5703125 0.0908203125 0.3076171875
49 0.8935546875 0.08056640625 0.013671875 0.05078125
28 0.93359375 0.17626953125 0.1328125 0.28515625
49 0.90283203125 0.28076171875 0.0126953125 0.048828125
49 0.978515625 0.279296875 0.0126953125 0.05078125
49 0.96875 0.07958984375 0.013671875 0.0478515625
29 0.9345703125 0.44482421875 0.015625 0.0478515625