30 0.91552734375 0.6533203125 0.052734375 0.009765625
30 0.9111328125 0.73095703125 0.056640625 0.009765625
53 0.82470703125 0.6484375 0.052734375 0.01171875
53 0.83056640625 0.72607421875 0.05078125 0.009765625
1 0.75048828125 0.65185546875 0.05078125 0.01171875
1 0.75341796875 0.72802734375 0.048828125 0.009765625
1 0.5390625 0.72509765625 0.052734375 0.009765625
1 0.5361328125 0.64990234375 0.05078125 0.01171875
33 0.90234375 0.80908203125 0.05859375 0.0126953125
33 0.8916015625 0.88818359375 0.052734375 0.01171875
12 0.830078125 0.80078125 0.048828125 0.01171875
12 0.8134765625 0.8798828125 0.046875 0.013671875
23 0.751953125 0.79638671875 0.048828125 0.01171875
23 0.73876953125 0.8720703125 0.044921875 0.0107421875
23 0.54248046875 0.7783203125 0.048828125 0.009765625
23 0.53125 0.853515625 0.0478515625 0.009765625
27 0.43115234375 0.94140625 0.3056640625 0.1171875
29 0.65234375 0.0751953125 0.0517578125 0.009765625
28 0.5703125 0.04541015625 0.3076171875 0.0908203125
16 0.078125 0.09912109375 0.05078125 0.013671875
28 0.17626953125 0.06591796875 0.291015625 0.1240234375
16 0.27392578125 0.09326171875 0.0546875 0.015625
16 0.279296875 0.02001953125 0.05078125 0.015625
16 0.0791015625 0.02587890625 0.0478515625 0.013671875
29 0.44482421875 0.0654296875 0.0478515625 0.015625
49 0.18798828125 0.61181640625 0.0263671875 0.025390625
49 0.07666015625 0.66259765625 0.0302734375 0.021484375
49 0.091796875 0.5302734375 0.0400390625 0.0224609375