27 0.927734375 0.57080078125 0.12890625 0.29296875
54 0.01708984375 0.0986328125 0.0126953125 0.052734375
54 0.09814453125 0.1083984375 0.013671875 0.052734375
38 0.02490234375 0.1806640625 0.0107421875 0.048828125
38 0.10498046875 0.19287109375 0.0087890625 0.0439453125
38 0.10107421875 0.40771484375 0.01171875 0.05078125
38 0.0244140625 0.39404296875 0.0087890625 0.0439453125
21 0.166015625 0.1240234375 0.009765625 0.056640625
21 0.2451171875 0.12890625 0.01171875 0.048828125
40 0.17236328125 0.22802734375 0.01171875 0.048828125
40 0.25048828125 0.2275390625 0.01171875 0.048828125
40 0.1767578125 0.43994140625 0.01171875 0.044921875