28 0.064453125 0.47509765625 0.12890625 0.287109375
25 0.0146484375 0.37109375 0.015625 0.048828125
25 0.0947265625 0.36572265625 0.01171875 0.0478515625
25 0.1064453125 0.57666015625 0.0107421875 0.04296875
25 0.029296875 0.5810546875 0.013671875 0.046875
33 0.03857421875 0.69140625 0.01171875 0.056640625
33 0.11572265625 0.68994140625 0.0107421875 0.052734375
33 0.12158203125 0.890625 0.01171875 0.0498046875
33 0.0478515625 0.89208984375 0.0107421875 0.048828125
28 0.078125 0.78955078125 0.11328125 0.294921875
15 0.2119140625 0.32763671875 0.013671875 0.052734375
15 0.2177734375 0.53857421875 0.013671875 0.05078125