27 0.1572265625 0.4599609375 0.1337890625 0.3056640625
28 0.4755859375 0.81787109375 0.177734375 0.23046875
31 0.53369140625 0.89990234375 0.0322265625 0.02734375
31 0.412109375 0.87646484375 0.03125 0.033203125
31 0.5419921875 0.75830078125 0.03125 0.0322265625
31 0.421875 0.7353515625 0.029296875 0.03125
27 0.6005859375 0.51416015625 0.12890625 0.3173828125
18 0.96044921875 0.6884765625 0.017578125 0.05859375
18 0.8857421875 0.70458984375 0.0166015625 0.0546875
22 0.95751953125 0.6181640625 0.01953125 0.056640625
22 0.8798828125 0.62744140625 0.01171875 0.0546875
50 0.94580078125 0.5322265625 0.015625 0.05078125
50 0.87060546875 0.53662109375 0.013671875 0.0546875
50 0.93017578125 0.32666015625 0.013671875 0.056640625
50 0.85693359375 0.33251953125 0.013671875 0.0546875
44 0.9326171875 0.232421875 0.0146484375 0.052734375
44 0.8583984375 0.23291015625 0.015625 0.0478515625
44 0.92333984375 0.03857421875 0.0166015625 0.052734375
44 0.85009765625 0.0400390625 0.0146484375 0.052734375
16 0.79150390625 0.2421875 0.017578125 0.0498046875
16 0.720703125 0.24560546875 0.017578125 0.046875
42 0.7978515625 0.71728515625 0.013671875 0.05078125
42 0.720703125 0.7177734375 0.017578125 0.056640625
46 0.80224609375 0.65576171875 0.015625 0.0576171875
46 0.7255859375 0.65380859375 0.01171875 0.056640625
3 0.78125 0.57275390625 0.01171875 0.048828125
3 0.70654296875 0.55224609375 0.01171875 0.046875
3 0.79345703125 0.36328125 0.015625 0.048828125
3 0.71728515625 0.34619140625 0.0146484375 0.048828125
45 0.65087890625 0.2626953125 0.01171875 0.048828125
39 0.6513671875 0.19775390625 0.0126953125 0.044921875
45 0.5771484375 0.25439453125 0.009765625 0.044921875
49 0.7158203125 0.10302734375 0.013671875 0.05078125
4 0.64208984375 0.09765625 0.015625 0.05078125
11 0.49267578125 0.64892578125 0.01171875 0.0517578125
11 0.4150390625 0.642578125 0.01171875 0.0546875
26 0.49267578125 0.580078125 0.013671875 0.048828125
26 0.4169921875 0.56591796875 0.0107421875 0.05078125
26 0.5048828125 0.37744140625 0.01171875 0.046875
26 0.4306640625 0.36328125 0.0087890625 0.048828125