38 0.96435546875 0.9072265625 0.013671875 0.0517578125
38 0.884765625 0.89697265625 0.0107421875 0.048828125
48 0.96240234375 0.8408203125 0.009765625 0.0517578125
48 0.88427734375 0.83935546875 0.01171875 0.0517578125
41 0.9609375 0.77490234375 0.0087890625 0.0498046875
41 0.95263671875 0.56298828125 0.01171875 0.0478515625
41 0.88232421875 0.775390625 0.013671875 0.046875
41 0.875 0.5615234375 0.01171875 0.0458984375
2 0.93310546875 0.4794921875 0.01171875 0.0478515625
2 0.857421875 0.46240234375 0.01171875 0.044921875
51 0.9345703125 0.4140625 0.013671875 0.046875
51 0.85888671875 0.396484375 0.01171875 0.04296875
7 0.93798828125 0.35693359375 0.009765625 0.046875
7 0.86328125 0.33984375 0.01171875 0.048828125
7 0.94482421875 0.158203125 0.009765625 0.0439453125
7 0.87109375 0.14208984375 0.009765625 0.04296875
14 0.80322265625 0.91455078125 0.013671875 0.0546875
14 0.724609375 0.90576171875 0.013671875 0.0537109375
35 0.798828125 0.8505859375 0.01171875 0.052734375
6 0.80126953125 0.77734375 0.009765625 0.0498046875
6 0.80322265625 0.5625 0.01171875 0.048828125
35 0.7216796875 0.83740234375 0.01171875 0.0517578125
6 0.72314453125 0.76708984375 0.013671875 0.048828125
6 0.7265625 0.5537109375 0.0107421875 0.046875
17 0.79736328125 0.470703125 0.01171875 0.046875
17 0.72265625 0.44873046875 0.01171875 0.0498046875
47 0.806640625 0.3857421875 0.01171875 0.05078125
47 0.73193359375 0.37060546875 0.009765625 0.048828125
34 0.80517578125 0.2939453125 0.01171875 0.048828125
34 0.73095703125 0.28173828125 0.0126953125 0.05078125
34 0.8095703125 0.0986328125 0.01171875 0.044921875
34 0.73681640625 0.09033203125 0.0107421875 0.0458984375
42 0.66162109375 0.9228515625 0.015625 0.0546875
42 0.583984375 0.9150390625 0.017578125 0.0546875
46 0.67041015625 0.8291015625 0.0146484375 0.0537109375
46 0.59326171875 0.8427734375 0.0126953125 0.0546875
50 0.6552734375 0.74951171875 0.01171875 0.052734375
50 0.578125 0.74365234375 0.01171875 0.0498046875
50 0.658203125 0.53759765625 0.0126953125 0.0498046875
50 0.58251953125 0.53173828125 0.0087890625 0.0478515625
8 0.6533203125 0.43408203125 0.009765625 0.0517578125
8 0.57958984375 0.42236328125 0.009765625 0.048828125
18 0.65576171875 0.34814453125 0.009765625 0.0517578125
18 0.58203125 0.33251953125 0.009765625 0.046875