7 0.19287109375 0.33056640625 0.01171875 0.0517578125
7 0.27099609375 0.33837890625 0.009765625 0.05078125
27 0.07958984375 0.44384765625 0.12109375 0.294921875
28 0.2255859375 0.4345703125 0.123046875 0.296875
7 0.19384765625 0.5400390625 0.01171875 0.046875
7 0.26904296875 0.5478515625 0.013671875 0.0498046875
24 0.07177734375 0.6904296875 0.009765625 0.0576171875
24 0.1474609375 0.693359375 0.01171875 0.044921875
24 0.0751953125 0.88525390625 0.009765625 0.04296875
24 0.1474609375 0.89208984375 0.009765625 0.044921875
28 0.10888671875 0.787109375 0.1162109375 0.265625
22 0.49072265625 0.3017578125 0.009765625 0.0498046875
22 0.5673828125 0.306640625 0.0087890625 0.046875
22 0.4794921875 0.50390625 0.01171875 0.048828125
28 0.5234375 0.40234375 0.111328125 0.291015625
22 0.55322265625 0.51806640625 0.0078125 0.0458984375
27 0.4072265625 0.7314453125 0.115234375 0.2900390625
27 0.638671875 0.75146484375 0.11328125 0.28125