28 0.58935546875 0.53271484375 0.291015625 0.111328125
37 0.91455078125 0.9111328125 0.05859375 0.009765625
37 0.91015625 0.98974609375 0.0546875 0.0107421875
8 0.83447265625 0.91162109375 0.0546875 0.01171875
8 0.833984375 0.9892578125 0.048828125 0.009765625
52 0.75341796875 0.90673828125 0.0546875 0.0107421875
52 0.74755859375 0.98486328125 0.048828125 0.0107421875
52 0.53564453125 0.9716796875 0.0439453125 0.0087890625
52 0.54052734375 0.8935546875 0.04296875 0.009765625
3 0.439453125 0.8984375 0.046875 0.0107421875
3 0.42041015625 0.970703125 0.048828125 0.009765625
14 0.337890625 0.962890625 0.046875 0.0126953125
36 0.265625 0.951171875 0.044921875 0.0107421875
36 0.07568359375 0.9228515625 0.0400390625 0.0107421875
7 0.66943359375 0.19287109375 0.0517578125 0.01171875
7 0.66162109375 0.27099609375 0.05078125 0.009765625
27 0.55615234375 0.07958984375 0.294921875 0.12109375
28 0.5654296875 0.2255859375 0.296875 0.123046875
7 0.4599609375 0.19384765625 0.046875 0.01171875
7 0.4521484375 0.26904296875 0.0498046875 0.013671875
24 0.3095703125 0.07177734375 0.0576171875 0.009765625
24 0.306640625 0.1474609375 0.044921875 0.01171875
24 0.11474609375 0.0751953125 0.04296875 0.009765625
24 0.10791015625 0.1474609375 0.044921875 0.009765625
28 0.212890625 0.10888671875 0.265625 0.1162109375
22 0.57470703125 0.849609375 0.0546875 0.0087890625
17 0.689453125 0.49609375 0.0498046875 0.009765625
17 0.69091796875 0.57275390625 0.046875 0.0087890625
17 0.48095703125 0.49609375 0.048828125 0.01171875