28 0.52490234375 0.064453125 0.287109375 0.12890625
25 0.62890625 0.0146484375 0.048828125 0.015625
25 0.63427734375 0.0947265625 0.0478515625 0.01171875
25 0.42333984375 0.1064453125 0.04296875 0.0107421875
25 0.4189453125 0.029296875 0.046875 0.013671875
22 0.82763671875 0.33642578125 0.05078125 0.0107421875
22 0.81689453125 0.4130859375 0.0498046875 0.01171875
33 0.74365234375 0.341796875 0.0478515625 0.01171875
33 0.72900390625 0.41943359375 0.05078125 0.009765625
33 0.5322265625 0.33544921875 0.0458984375 0.01171875
33 0.51904296875 0.41064453125 0.0478515625 0.009765625
45 0.8017578125 0.486328125 0.052734375 0.01171875
45 0.796875 0.56396484375 0.0546875 0.009765625
17 0.71875 0.48095703125 0.05078125 0.01171875
17 0.71826171875 0.5576171875 0.048828125 0.01171875
17 0.50830078125 0.48046875 0.052734375 0.01171875
17 0.50732421875 0.5556640625 0.05078125 0.0126953125
16 0.05224609375 0.53369140625 0.044921875 0.013671875
16 0.216796875 0.51953125 0.044921875 0.01171875
9 0.79443359375 0.62255859375 0.0478515625 0.01171875
9 0.80224609375 0.69921875 0.044921875 0.01171875
48 0.71240234375 0.62451171875 0.048828125 0.01171875
48 0.7099609375 0.70166015625 0.05078125 0.01171875
48 0.50244140625 0.61865234375 0.048828125 0.009765625
48 0.4970703125 0.69384765625 0.052734375 0.01171875
6 0.38525390625 0.609375 0.048828125 0.01171875
6 0.3701171875 0.68310546875 0.048828125 0.0107421875
13 0.30126953125 0.5888671875 0.07421875 0.0078125
13 0.11962890625 0.6533203125 0.0693359375 0.009765625
2 0.81298828125 0.775390625 0.052734375 0.013671875
19 0.71728515625 0.76513671875 0.0546875 0.01171875
19 0.505859375 0.748046875 0.052734375 0.01171875
2 0.79296875 0.85009765625 0.05078125 0.0126953125
19 0.70654296875 0.83935546875 0.0546875 0.0107421875
19 0.49609375 0.822265625 0.0458984375 0.009765625
24 0.3828125 0.73291015625 0.0537109375 0.009765625
24 0.38037109375 0.806640625 0.046875 0.009765625
43 0.30859375 0.7353515625 0.05078125 0.01171875
43 0.11474609375 0.72705078125 0.044921875 0.009765625
43 0.30322265625 0.80810546875 0.05078125 0.0107421875
27 0.4228515625 0.92724609375 0.2919921875 0.1181640625
43 0.1083984375 0.7978515625 0.0478515625 0.009765625
30 0.29736328125 0.037109375 0.056640625 0.01171875
30 0.29638671875 0.11181640625 0.052734375 0.0107421875
30 0.10107421875 0.11767578125 0.0498046875 0.01171875
30 0.10107421875 0.0458984375 0.048828125 0.0107421875