32 0.53662109375 0.95751953125 0.0107421875 0.056640625
32 0.45849609375 0.95751953125 0.009765625 0.052734375
48 0.5263671875 0.8828125 0.009765625 0.060546875
48 0.44873046875 0.87841796875 0.009765625 0.056640625
9 0.525390625 0.806640625 0.0078125 0.048828125
9 0.44873046875 0.796875 0.009765625 0.04296875
9 0.45751953125 0.58154296875 0.0087890625 0.044921875
9 0.53271484375 0.5908203125 0.0087890625 0.0478515625
20 0.376953125 0.94970703125 0.0087890625 0.0556640625
20 0.29833984375 0.9443359375 0.009765625 0.0546875
26 0.376953125 0.87841796875 0.009765625 0.048828125
26 0.2998046875 0.86376953125 0.009765625 0.0478515625
44 0.38623046875 0.78369140625 0.009765625 0.0546875
44 0.31005859375 0.7685546875 0.009765625 0.052734375
44 0.400390625 0.57080078125 0.009765625 0.0517578125
44 0.3251953125 0.556640625 0.009765625 0.056640625
45 0.220703125 0.9189453125 0.01171875 0.056640625
45 0.14306640625 0.91455078125 0.009765625 0.0517578125
33 0.22119140625 0.8447265625 0.0087890625 0.0556640625
33 0.14453125 0.84033203125 0.0107421875 0.056640625
22 0.22607421875 0.76025390625 0.0107421875 0.056640625
22 0.14892578125 0.7578125 0.009765625 0.0537109375
22 0.1572265625 0.5458984375 0.009765625 0.046875
22 0.23291015625 0.546875 0.01171875 0.048828125
37 0.0888671875 0.91455078125 0.0107421875 0.05859375
37 0.01025390625 0.91015625 0.0107421875 0.0546875
8 0.08837890625 0.83447265625 0.01171875 0.0546875
8 0.0107421875 0.833984375 0.009765625 0.048828125
52 0.09326171875 0.75341796875 0.0107421875 0.0546875
52 0.01513671875 0.74755859375 0.0107421875 0.048828125
52 0.0283203125 0.53564453125 0.0087890625 0.0439453125
52 0.1064453125 0.54052734375 0.009765625 0.04296875
42 0.4013671875 0.44482421875 0.01171875 0.052734375
42 0.32763671875 0.4375 0.01171875 0.05078125
51 0.400390625 0.37939453125 0.0078125 0.046875
51 0.328125 0.36572265625 0.01171875 0.04296875
34 0.40625 0.294921875 0.009765625 0.048828125
34 0.33349609375 0.279296875 0.01171875 0.048828125
34 0.421875 0.1025390625 0.0078125 0.048828125
34 0.34912109375 0.0849609375 0.0078125 0.046875
46 0.24609375 0.4306640625 0.009765625 0.05078125
46 0.17138671875 0.4189453125 0.0078125 0.05078125
35 0.2626953125 0.361328125 0.009765625 0.048828125
35 0.189453125 0.35009765625 0.009765625 0.044921875
17 0.27880859375 0.26953125 0.009765625 0.048828125
17 0.205078125 0.27294921875 0.009765625 0.048828125
17 0.20751953125 0.078125 0.01171875 0.048828125
17 0.2802734375 0.076171875 0.0107421875 0.044921875
3 0.11474609375 0.41845703125 0.0107421875 0.046875
3 0.0390625 0.41064453125 0.009765625 0.048828125
14 0.12060546875 0.341796875 0.01171875 0.048828125
14 0.04638671875 0.3251953125 0.0126953125 0.0478515625
36 0.12646484375 0.26708984375 0.01171875 0.0439453125
36 0.05322265625 0.255859375 0.0107421875 0.044921875
36 0.14404296875 0.07470703125 0.009765625 0.041015625
36 0.07080078125 0.06005859375 0.0107421875 0.0400390625
27 0.92138671875 0.55078125 0.125 0.28125
24 0.8515625 0.1123046875 0.009765625 0.046875
27 0.60205078125 0.28173828125 0.103515625 0.2890625