45 0.779296875 0.0810546875 0.01171875 0.056640625
45 0.85693359375 0.08544921875 0.009765625 0.0517578125
33 0.77880859375 0.1552734375 0.0087890625 0.0556640625
33 0.85546875 0.15966796875 0.0107421875 0.056640625
22 0.77392578125 0.23974609375 0.0107421875 0.056640625
22 0.85107421875 0.2421875 0.009765625 0.0537109375
22 0.8427734375 0.4541015625 0.009765625 0.046875
22 0.76708984375 0.453125 0.01171875 0.048828125
37 0.9111328125 0.08544921875 0.009765625 0.05859375
37 0.98974609375 0.08984375 0.009765625 0.0546875
8 0.91162109375 0.16552734375 0.01171875 0.0546875
8 0.9892578125 0.166015625 0.009765625 0.048828125
52 0.90673828125 0.24658203125 0.0107421875 0.0546875
52 0.98486328125 0.25244140625 0.009765625 0.048828125
52 0.9716796875 0.46435546875 0.0078125 0.0439453125
52 0.8935546875 0.45947265625 0.009765625 0.04296875
3 0.88525390625 0.58154296875 0.0107421875 0.046875
3 0.9609375 0.58935546875 0.009765625 0.048828125
14 0.87939453125 0.658203125 0.01171875 0.048828125
14 0.95361328125 0.6748046875 0.0126953125 0.046875
36 0.87353515625 0.73291015625 0.01171875 0.0439453125
36 0.94677734375 0.744140625 0.0107421875 0.044921875
36 0.85595703125 0.92529296875 0.009765625 0.041015625
36 0.92919921875 0.93994140625 0.0107421875 0.0400390625
7 0.19287109375 0.33056640625 0.01171875 0.0517578125
7 0.27099609375 0.33837890625 0.009765625 0.05078125
27 0.07958984375 0.44384765625 0.12109375 0.294921875
28 0.2255859375 0.4345703125 0.123046875 0.296875
7 0.19384765625 0.5400390625 0.01171875 0.046875
7 0.26904296875 0.5478515625 0.013671875 0.0498046875
24 0.07177734375 0.6904296875 0.009765625 0.0576171875
24 0.1474609375 0.693359375 0.01171875 0.044921875
24 0.0751953125 0.88525390625 0.009765625 0.04296875
24 0.1474609375 0.89208984375 0.009765625 0.044921875
28 0.10888671875 0.787109375 0.1162109375 0.265625
27 0.40625 0.72998046875 0.109375 0.27734375