28 0.935546875 0.52490234375 0.12890625 0.287109375
25 0.9853515625 0.62890625 0.015625 0.048828125
25 0.9052734375 0.63427734375 0.01171875 0.0478515625
25 0.8935546875 0.42333984375 0.0107421875 0.04296875
25 0.970703125 0.4189453125 0.013671875 0.046875
33 0.96142578125 0.30859375 0.01171875 0.056640625
33 0.88427734375 0.31005859375 0.0107421875 0.052734375
33 0.87841796875 0.109375 0.01171875 0.0498046875
33 0.9521484375 0.10791015625 0.0107421875 0.048828125
28 0.921875 0.21044921875 0.11328125 0.294921875
15 0.8193359375 0.65380859375 0.013671875 0.052734375
39 0.80908203125 0.591796875 0.0185546875 0.046875
39 0.73388671875 0.6201171875 0.013671875 0.044921875
39 0.705078125 0.4189453125 0.015625 0.044921875
39 0.7763671875 0.38916015625 0.017578125 0.0478515625
31 0.77783203125 0.28955078125 0.0146484375 0.0546875
31 0.7041015625 0.29345703125 0.013671875 0.05078125
11 0.787109375 0.18017578125 0.0146484375 0.037109375
11 0.76171875 0.02587890625 0.013671875 0.033203125