42 0.14404296875 0.341796875 0.052734375 0.013671875
36 0.22900390625 0.35302734375 0.052734375 0.0107421875
36 0.43994140625 0.3701171875 0.046875 0.009765625
42 0.162109375 0.265625 0.052734375 0.0126953125
36 0.24853515625 0.2763671875 0.0546875 0.01171875
36 0.4599609375 0.294921875 0.05078125 0.0107421875
14 0.54833984375 0.380859375 0.044921875 0.013671875
14 0.55908203125 0.30615234375 0.044921875 0.01171875
3 0.6552734375 0.3935546875 0.046875 0.013671875
3 0.65380859375 0.31982421875 0.044921875 0.009765625
3 0.85302734375 0.39453125 0.044921875 0.01171875
3 0.8505859375 0.32080078125 0.044921875 0.0107421875
52 0.15771484375 0.21240234375 0.0546875 0.009765625
52 0.1640625 0.134765625 0.046875 0.0078125
27 0.57470703125 0.07666015625 0.294921875 0.12890625
8 0.2412109375 0.21923828125 0.052734375 0.01171875
8 0.25146484375 0.14306640625 0.052734375 0.01171875
8 0.45751953125 0.23193359375 0.05078125 0.009765625
8 0.4638671875 0.15673828125 0.0478515625 0.0126953125
37 0.576171875 0.2646484375 0.048828125 0.01171875
37 0.56103515625 0.19091796875 0.048828125 0.009765625
7 0.669921875 0.251953125 0.046875 0.01171875
7 0.67431640625 0.1787109375 0.04296875 0.01171875
7 0.86572265625 0.2607421875 0.0478515625 0.013671875
7 0.8720703125 0.1875 0.0439453125 0.01171875
27 0.541015625 0.912109375 0.294921875 0.115234375
50 0.7451171875 0.46484375 0.03515625 0.021484375
50 0.8232421875 0.5087890625 0.02734375 0.0234375