38 0.9072265625 0.03564453125 0.0517578125 0.013671875
38 0.89697265625 0.115234375 0.048828125 0.0107421875
48 0.8408203125 0.03759765625 0.0517578125 0.009765625
48 0.83935546875 0.11572265625 0.0517578125 0.01171875
41 0.77490234375 0.0390625 0.0498046875 0.0087890625
41 0.56298828125 0.04736328125 0.0478515625 0.01171875
41 0.775390625 0.11767578125 0.046875 0.013671875
41 0.5615234375 0.125 0.0458984375 0.01171875
2 0.478515625 0.06396484375 0.046875 0.01171875
2 0.47119140625 0.138671875 0.044921875 0.01171875
51 0.40185546875 0.06298828125 0.046875 0.013671875
51 0.4052734375 0.13916015625 0.04296875 0.01171875