27 0.4599609375 0.84375 0.296875 0.1318359375
15 0.80126953125 0.03955078125 0.0576171875 0.0146484375
15 0.591796875 0.01953125 0.044921875 0.015625
23 0.875 0.11279296875 0.0546875 0.0146484375
23 0.8798828125 0.1904296875 0.05078125 0.013671875
12 0.794921875 0.123046875 0.046875 0.0126953125
12 0.796875 0.20068359375 0.04296875 0.0126953125
12 0.580078125 0.13232421875 0.044921875 0.009765625
33 0.47216796875 0.13720703125 0.0498046875 0.01171875
1 0.396484375 0.1376953125 0.05078125 0.0107421875
1 0.39453125 0.2119140625 0.05078125 0.0126953125
53 0.88720703125 0.25048828125 0.0576171875 0.013671875
53 0.89306640625 0.32861328125 0.05078125 0.01171875
33 0.46533203125 0.21142578125 0.046875 0.0107421875
30 0.80419921875 0.2626953125 0.0546875 0.01171875
30 0.8095703125 0.33935546875 0.048828125 0.013671875
30 0.595703125 0.34765625 0.05078125 0.009765625
30 0.58935546875 0.271484375 0.05078125 0.009765625
49 0.4755859375 0.27197265625 0.048828125 0.009765625
49 0.474609375 0.3466796875 0.0537109375 0.0107421875
4 0.40625 0.2734375 0.046875 0.01171875
4 0.39599609375 0.34716796875 0.05078125 0.009765625
4 0.20458984375 0.27001953125 0.044921875 0.0107421875
4 0.19580078125 0.3427734375 0.044921875 0.009765625
39 0.9140625 0.41064453125 0.05859375 0.013671875
39 0.91943359375 0.48828125 0.048828125 0.01171875
45 0.837890625 0.40673828125 0.052734375 0.013671875
45 0.83349609375 0.4853515625 0.056640625 0.009765625
45 0.62353515625 0.4072265625 0.05078125 0.0107421875
45 0.6201171875 0.48291015625 0.056640625 0.0146484375
26 0.5048828125 0.40087890625 0.0546875 0.015625
26 0.50048828125 0.47509765625 0.046875 0.01171875
1 0.1923828125 0.1435546875 0.048828125 0.013671875
1 0.19384765625 0.216796875 0.044921875 0.01171875
11 0.44482421875 0.40234375 0.0478515625 0.009765625
11 0.431640625 0.4775390625 0.044921875 0.01171875
11 0.232421875 0.46826171875 0.048828125 0.009765625
11 0.2421875 0.39453125 0.04296875 0.0087890625
16 0.9267578125 0.57763671875 0.056640625 0.0107421875
16 0.9326171875 0.65625 0.0576171875 0.0107421875
3 0.849609375 0.56982421875 0.046875 0.009765625
3 0.85205078125 0.6474609375 0.05078125 0.009765625
3 0.6337890625 0.568359375 0.0517578125 0.009765625
3 0.634765625 0.64453125 0.0458984375 0.009765625
44 0.50830078125 0.5654296875 0.048828125 0.0087890625
44 0.30419921875 0.556640625 0.0517578125 0.009765625
50 0.10791015625 0.2734375 0.046875 0.0107421875
50 0.107421875 0.365234375 0.04296875 0.0107421875
12 0.5810546875 0.20947265625 0.0478515625 0.01171875