27 0.4267578125 0.92138671875 0.291015625 0.12890625
28 0.52490234375 0.064453125 0.287109375 0.12890625
25 0.62890625 0.0146484375 0.048828125 0.015625
25 0.63427734375 0.0947265625 0.0478515625 0.01171875
25 0.42333984375 0.1064453125 0.04296875 0.0107421875
25 0.4189453125 0.029296875 0.046875 0.013671875
53 0.8173828125 0.19091796875 0.05078125 0.01171875
53 0.8125 0.26953125 0.05078125 0.013671875
30 0.73876953125 0.1953125 0.052734375 0.01171875
30 0.74462890625 0.271484375 0.05078125 0.01171875
30 0.53125 0.28076171875 0.0478515625 0.013671875
30 0.52734375 0.2060546875 0.048828125 0.0107421875
22 0.82763671875 0.33642578125 0.05078125 0.0107421875
22 0.81689453125 0.4130859375 0.0498046875 0.01171875
33 0.74365234375 0.341796875 0.0478515625 0.01171875
33 0.72900390625 0.41943359375 0.05078125 0.009765625
33 0.5322265625 0.33544921875 0.0458984375 0.01171875
33 0.51904296875 0.41064453125 0.0478515625 0.009765625
45 0.8017578125 0.486328125 0.052734375 0.01171875
45 0.796875 0.56396484375 0.0546875 0.009765625
17 0.64892578125 0.47021484375 0.05078125 0.01171875
17 0.4599609375 0.46142578125 0.0439453125 0.01171875
35 0.18994140625 0.12109375 0.05078125 0.01171875
35 0.1689453125 0.2060546875 0.05078125 0.01171875