30 0.6533203125 0.08447265625 0.009765625 0.052734375
30 0.73095703125 0.0888671875 0.009765625 0.056640625
53 0.6484375 0.17529296875 0.01171875 0.052734375
53 0.72607421875 0.16943359375 0.009765625 0.05078125
1 0.65185546875 0.24951171875 0.01171875 0.05078125
1 0.72802734375 0.24658203125 0.009765625 0.048828125
1 0.72509765625 0.4609375 0.009765625 0.052734375
1 0.64990234375 0.4638671875 0.01171875 0.05078125
33 0.80908203125 0.09765625 0.0126953125 0.05859375
33 0.88818359375 0.1083984375 0.01171875 0.052734375
12 0.80078125 0.169921875 0.01171875 0.048828125
12 0.8798828125 0.1865234375 0.013671875 0.046875
23 0.79638671875 0.248046875 0.01171875 0.048828125
23 0.8720703125 0.26123046875 0.0107421875 0.044921875
23 0.7783203125 0.45751953125 0.009765625 0.048828125
23 0.853515625 0.46875 0.009765625 0.0478515625
27 0.94140625 0.56884765625 0.1171875 0.3056640625
29 0.0751953125 0.34765625 0.009765625 0.0517578125
28 0.04541015625 0.4296875 0.0908203125 0.3076171875
16 0.09912109375 0.921875 0.013671875 0.05078125
28 0.06591796875 0.82373046875 0.1240234375 0.291015625
16 0.09326171875 0.72607421875 0.015625 0.0546875
16 0.02001953125 0.720703125 0.015625 0.05078125
16 0.02587890625 0.9208984375 0.013671875 0.0478515625
29 0.0654296875 0.55517578125 0.015625 0.0478515625
49 0.61181640625 0.81201171875 0.025390625 0.0263671875
49 0.66259765625 0.92333984375 0.021484375 0.0302734375
49 0.5302734375 0.908203125 0.0224609375 0.0400390625