9 0.30224609375 0.5068359375 0.0693359375 0.021484375
9 0.1416015625 0.552734375 0.060546875 0.0205078125
49 0.1474609375 0.50390625 0.0634765625 0.02734375
35 0.306640625 0.47314453125 0.05859375 0.01953125
35 0.29638671875 0.40576171875 0.0634765625 0.0234375
35 0.12060546875 0.40771484375 0.0576171875 0.017578125
23 0.1240234375 0.712890625 0.060546875 0.021484375
23 0.1015625 0.6484375 0.0537109375 0.021484375
35 0.13232421875 0.47802734375 0.0703125 0.025390625
37 0.4111328125 0.52783203125 0.0546875 0.025390625
37 0.23681640625 0.5380859375 0.060546875 0.021484375
37 0.25146484375 0.6083984375 0.05859375 0.0234375
37 0.42626953125 0.599609375 0.056640625 0.0205078125
25 0.2177734375 0.76611328125 0.048828125 0.03125
26 0.52587890625 0.6201171875 0.060546875 0.0234375
10 0.18798828125 0.640625 0.068359375 0.0244140625
10 0.21826171875 0.70751953125 0.0615234375 0.0244140625
10 0.3583984375 0.619140625 0.068359375 0.01953125
10 0.3896484375 0.6875 0.0703125 0.029296875
26 0.533203125 0.68505859375 0.056640625 0.0234375
25 0.244140625 0.81982421875 0.046875 0.04296875
50 0.84033203125 0.8486328125 0.0625 0.0390625
50 0.63671875 0.923828125 0.0654296875 0.046875
52 0.50048828125 0.818359375 0.06640625 0.0234375
52 0.3330078125 0.8173828125 0.05859375 0.0234375
52 0.328125 0.7470703125 0.05859375 0.015625
52 0.49951171875 0.748046875 0.0595703125 0.0234375
26 0.705078125 0.6796875 0.0703125 0.021484375
26 0.6953125 0.60693359375 0.0576171875 0.021484375