12 0.3857421875 0.576171875 0.021484375 0.060546875
51 0.4501953125 0.5087890625 0.021484375 0.064453125
39 0.4677734375 0.30517578125 0.021484375 0.064453125
53 0.44287109375 0.44384765625 0.0390625 0.046875
53 0.38232421875 0.44287109375 0.0234375 0.056640625
29 0.451171875 0.2109375 0.01953125 0.0546875
29 0.44580078125 0.388671875 0.01953125 0.052734375
29 0.3779296875 0.38134765625 0.0234375 0.056640625
29 0.380859375 0.20556640625 0.01953125 0.060546875
12 0.443359375 0.58984375 0.0341796875 0.05078125
35 0.87548828125 0.37255859375 0.03515625 0.07421875
35 0.98486328125 0.3046875 0.029296875 0.083984375
35 0.94775390625 0.04833984375 0.0380859375 0.0966796875
40 0.5048828125 0.376953125 0.025390625 0.068359375
40 0.57275390625 0.3740234375 0.021484375 0.068359375
54 0.58056640625 0.4482421875 0.0205078125 0.0625
54 0.509765625 0.462890625 0.021484375 0.068359375