9 0.11962890625 0.6591796875 0.046875 0.05859375
24 0.38232421875 0.1669921875 0.025390625 0.0673828125
24 0.4013671875 0.333984375 0.01953125 0.072265625
24 0.470703125 0.306640625 0.021484375 0.0693359375
24 0.4501953125 0.13916015625 0.02734375 0.064453125
49 0.50048828125 0.12255859375 0.02734375 0.0634765625
49 0.51513671875 0.29833984375 0.01953125 0.05859375
49 0.580078125 0.28125 0.0234375 0.0634765625
49 0.5703125 0.103515625 0.017578125 0.056640625
9 0.20556640625 0.57373046875 0.048828125 0.0771484375
35 0.048828125 0.7080078125 0.056640625 0.0595703125
25 0.1591796875 0.26806640625 0.03125 0.052734375
25 0.21875 0.21044921875 0.0302734375 0.0546875
25 0.20703125 0.423828125 0.029296875 0.048828125
25 0.2666015625 0.35986328125 0.0234375 0.0546875
41 0.166015625 0.2080078125 0.03515625 0.037109375
23 0.27783203125 0.19482421875 0.021484375 0.060546875
23 0.28662109375 0.3701171875 0.0205078125 0.0546875
23 0.35107421875 0.35498046875 0.0224609375 0.076171875
23 0.341796875 0.18408203125 0.021484375 0.0537109375