29 0.34765625 0.0205078125 0.0625 0.0283203125
53 0.3759765625 0.310546875 0.05078125 0.013671875
21 0.369140625 0.05615234375 0.0634765625 0.0224609375
53 0.552734375 0.3046875 0.05078125 0.01171875
6 0.16357421875 0.20361328125 0.052734375 0.015625
27 0.50244140625 0.484375 0.36328125 0.142578125
6 0.359375 0.1826171875 0.056640625 0.017578125
42 0.51904296875 0.28076171875 0.0546875 0.015625
6 0.36328125 0.076171875 0.0634765625 0.021484375
53 0.38330078125 0.38037109375 0.0537109375 0.01171875
53 0.5595703125 0.3740234375 0.052734375 0.01171875
28 0.48193359375 0.337890625 0.361328125 0.154296875