14 0.21728515625 0.0673828125 0.0244140625 0.033203125
14 0.07373046875 0.07568359375 0.0234375 0.033203125
38 0.009765625 0.18115234375 0.01953125 0.0341796875
14 0.08984375 0.19091796875 0.0234375 0.03515625
25 0.9423828125 0.21923828125 0.0283203125 0.033203125
26 0.81591796875 0.35009765625 0.025390625 0.0341796875
26 0.67138671875 0.35205078125 0.025390625 0.0341796875
49 0.69677734375 0.5185546875 0.021484375 0.03515625
38 0.0087890625 0.06396484375 0.017578125 0.0341796875
3 0.005859375 0.36962890625 0.01171875 0.0322265625
40 0.048828125 0.27294921875 0.0224609375 0.033203125
33 0.474609375 0.416015625 0.025390625 0.0322265625
49 0.193359375 0.55078125 0.02734375 0.0234375
14 0.234375 0.18701171875 0.0341796875 0.03515625
13 0.25390625 0.056640625 0.0546875 0.0283203125
13 0.30615234375 0.181640625 0.0625 0.03125
13 0.41845703125 0.16943359375 0.060546875 0.02734375
13 0.3720703125 0.04150390625 0.0673828125 0.02734375
3 0.013671875 0.2509765625 0.02734375 0.0390625
11 0.0078125 0.54443359375 0.015625 0.0341796875
26 0.8046875 0.23193359375 0.04296875 0.0390625
26 0.6533203125 0.23583984375 0.0341796875 0.0390625
49 0.8427734375 0.5146484375 0.04296875 0.037109375
49 0.8271484375 0.39453125 0.0361328125 0.044921875
49 0.68310546875 0.39990234375 0.037109375 0.0390625
33 0.62158203125 0.40576171875 0.0390625 0.041015625
33 0.6474609375 0.52294921875 0.0458984375 0.0390625
33 0.501953125 0.53759765625 0.046875 0.0390625
39 0.0498046875 0.275390625 0.0419921875 0.0390625
39 0.0576171875 0.390625 0.04296875 0.0400390625
39 0.19580078125 0.26953125 0.037109375 0.044921875
39 0.20703125 0.38671875 0.0390625 0.0458984375
16 0.04443359375 0.43798828125 0.0380859375 0.041015625
16 0.18896484375 0.43798828125 0.03515625 0.0439453125
1 0.2529296875 0.42236328125 0.052734375 0.04296875
1 0.388671875 0.40478515625 0.04296875 0.041015625
1 0.30322265625 0.5390625 0.048828125 0.0390625
1 0.43701171875 0.51953125 0.0439453125 0.037109375
37 0.2578125 0.25390625 0.0458984375 0.041015625
37 0.28076171875 0.369140625 0.03515625 0.0400390625
37 0.40625 0.24072265625 0.04296875 0.041015625
37 0.42724609375 0.36328125 0.0458984375 0.041015625
35 0.46044921875 0.2333984375 0.04296875 0.044921875
35 0.48095703125 0.3525390625 0.046875 0.044921875
35 0.62060546875 0.34619140625 0.046875 0.0400390625
35 0.603515625 0.22705078125 0.04296875 0.04296875
18 0.50390625 0.17724609375 0.0390625 0.0390625
18 0.4765625 0.05859375 0.0478515625 0.041015625
18 0.62353515625 0.052734375 0.041015625 0.0458984375
18 0.64697265625 0.17138671875 0.044921875 0.041015625
47 0.67919921875 0.1494140625 0.0322265625 0.044921875
47 0.67578125 0.033203125 0.048828125 0.0458984375
47 0.8291015625 0.03125 0.046875 0.04296875
47 0.826171875 0.1494140625 0.041015625 0.0458984375
49 0.68212890625 0.39892578125 0.044921875 0.041015625