9 0.69775390625 0.4931640625 0.0693359375 0.021484375
9 0.8583984375 0.447265625 0.060546875 0.0205078125
49 0.8525390625 0.49609375 0.0634765625 0.02734375
35 0.693359375 0.52685546875 0.05859375 0.01953125
35 0.70361328125 0.59423828125 0.0634765625 0.0234375
35 0.87939453125 0.59228515625 0.056640625 0.017578125
23 0.8759765625 0.287109375 0.060546875 0.021484375
23 0.8984375 0.3515625 0.0537109375 0.021484375
35 0.86767578125 0.52197265625 0.0703125 0.025390625
37 0.5888671875 0.47216796875 0.0546875 0.025390625
37 0.76318359375 0.4619140625 0.060546875 0.021484375
37 0.74853515625 0.3916015625 0.05859375 0.0234375
37 0.57373046875 0.400390625 0.056640625 0.0205078125
25 0.7822265625 0.23388671875 0.048828125 0.03125
26 0.47412109375 0.3798828125 0.060546875 0.0234375
10 0.81201171875 0.359375 0.068359375 0.0244140625
10 0.78173828125 0.29248046875 0.0615234375 0.0244140625
10 0.6416015625 0.380859375 0.068359375 0.01953125
10 0.6103515625 0.3125 0.0703125 0.029296875
26 0.466796875 0.31494140625 0.056640625 0.0234375
25 0.755859375 0.1826171875 0.046875 0.0390625
52 0.66015625 0.26025390625 0.05859375 0.015625
26 0.3046875 0.39208984375 0.0625 0.0205078125
26 0.2978515625 0.32275390625 0.056640625 0.021484375
36 0.06982421875 0.03271484375 0.064453125 0.0390625
27 0.267578125 0.13671875 0.3125 0.0712890625
7 0.58349609375 0.23828125 0.06640625 0.025390625
7 0.5576171875 0.17041015625 0.0546875 0.02734375
7 0.3857421875 0.1943359375 0.0546875 0.013671875
7 0.41259765625 0.2607421875 0.056640625 0.021484375