23 0.18701171875 0.65625 0.0546875 0.009765625
41 0.177734375 0.77294921875 0.0498046875 0.0107421875
23 0.18896484375 0.7255859375 0.05078125 0.009765625
23 0.36376953125 0.6484375 0.05078125 0.009765625
41 0.2197265625 0.83837890625 0.0478515625 0.013671875
23 0.37158203125 0.7158203125 0.0478515625 0.01171875
41 0.38623046875 0.81298828125 0.0478515625 0.0146484375
41 0.3525390625 0.74560546875 0.0546875 0.017578125
24 0.16748046875 0.619140625 0.0625 0.021484375
24 0.138671875 0.54736328125 0.0625 0.0234375
24 0.33349609375 0.59716796875 0.064453125 0.025390625
27 0.7216796875 0.8681640625 0.298828125 0.107421875
24 0.3037109375 0.53076171875 0.064453125 0.02734375
49 0.30029296875 0.484375 0.0654296875 0.0234375
49 0.12646484375 0.49755859375 0.0693359375 0.029296875
49 0.2822265625 0.416015625 0.064453125 0.021484375
49 0.10888671875 0.43017578125 0.0595703125 0.021484375
36 0.56689453125 0.828125 0.064453125 0.0380859375
36 0.7646484375 0.76611328125 0.056640625 0.01953125
37 0.755859375 0.74755859375 0.0595703125 0.033203125
37 0.56591796875 0.80517578125 0.060546875 0.025390625
26 0.55712890625 0.76953125 0.0771484375 0.033203125
26 0.7451171875 0.724609375 0.0654296875 0.0234375
38 0.744140625 0.70166015625 0.06640625 0.01953125
38 0.55078125 0.744140625 0.060546875 0.03125
7 0.55322265625 0.68359375 0.07421875 0.025390625
42 0.56103515625 0.61767578125 0.078125 0.03125
42 0.7353515625 0.6630859375 0.0625 0.0302734375
42 0.63037109375 0.54052734375 0.0673828125 0.0322265625