44 0.3779296875 0.7705078125 0.0126953125 0.0546875
29 0.85546875 0.787109375 0.0146484375 0.048828125
44 0.447265625 0.76953125 0.01171875 0.05078125
40 0.494140625 0.8427734375 0.01171875 0.05078125
14 0.78662109375 0.68994140625 0.01171875 0.05078125
54 0.38720703125 0.8662109375 0.01171875 0.052734375
32 0.484375 0.76123046875 0.01171875 0.0498046875
20 0.54345703125 0.794921875 0.017578125 0.0517578125
54 0.45947265625 0.69287109375 0.009765625 0.052734375
54 0.4580078125 0.86376953125 0.013671875 0.044921875
14 0.8544921875 0.67626953125 0.0126953125 0.052734375
20 0.60595703125 0.83642578125 0.0166015625 0.0517578125
2 0.75390625 0.6875 0.013671875 0.052734375
13 0.748046875 0.80908203125 0.01953125 0.029296875
29 0.7890625 0.79638671875 0.01171875 0.05078125
37 0.85205078125 0.5810546875 0.0107421875 0.048828125
37 0.78662109375 0.6005859375 0.009765625 0.0498046875
3 0.642578125 0.61767578125 0.013671875 0.046875
12 0.48095703125 0.65576171875 0.009765625 0.05078125
45 0.439453125 0.67822265625 0.0078125 0.052734375
45 0.36962890625 0.67822265625 0.0107421875 0.048828125
11 0.8369140625 0.47607421875 0.009765625 0.046875
43 0.6650390625 0.4775390625 0.0146484375 0.05078125
35 0.63330078125 0.50830078125 0.01171875 0.0546875
36 0.48486328125 0.541015625 0.009765625 0.048828125
18 0.44091796875 0.5556640625 0.0087890625 0.046875
18 0.375 0.556640625 0.013671875 0.046875
47 0.83544921875 0.40380859375 0.0126953125 0.0546875
30 0.673828125 0.44091796875 0.013671875 0.044921875
51 0.66455078125 0.33056640625 0.0126953125 0.044921875
9 0.39404296875 0.4853515625 0.01171875 0.05078125
39 0.4111328125 0.2880859375 0.013671875 0.05078125
9 0.46435546875 0.470703125 0.013671875 0.0517578125
42 0.4482421875 0.35546875 0.013671875 0.0517578125
39 0.47509765625 0.2392578125 0.0126953125 0.0546875
42 0.38037109375 0.3544921875 0.01171875 0.0546875
1 0.4775390625 0.43896484375 0.01171875 0.046875
49 0.478515625 0.36083984375 0.013671875 0.044921875
6 0.62841796875 0.21484375 0.01171875 0.046875
6 0.560546875 0.21875 0.0126953125 0.044921875
6 0.55615234375 0.0458984375 0.015625 0.048828125
48 0.64599609375 0.2705078125 0.01171875 0.0517578125
39 0.43798828125 0.08056640625 0.01171875 0.048828125
39 0.37451171875 0.13232421875 0.0126953125 0.0478515625
8 0.54345703125 0.25048828125 0.0107421875 0.0498046875
8 0.53759765625 0.07373046875 0.0107421875 0.0498046875
8 0.47021484375 0.08447265625 0.013671875 0.05078125
15 0.734375 0.70458984375 0.013671875 0.0478515625
15 0.66943359375 0.66748046875 0.0166015625 0.0458984375
34 0.70751953125 0.79638671875 0.015625 0.0478515625
34 0.64306640625 0.7568359375 0.015625 0.046875
38 0.83056640625 0.28076171875 0.01171875 0.05078125
17 0.75 0.59423828125 0.01171875 0.05078125
17 0.681640625 0.5810546875 0.01171875 0.05078125
22 0.58544921875 0.517578125 0.015625 0.05078125
22 0.6142578125 0.3505859375 0.0185546875 0.0537109375
22 0.54931640625 0.31005859375 0.017578125 0.0546875
22 0.51904296875 0.48095703125 0.01953125 0.05078125
14 0.58251953125 0.61962890625 0.017578125 0.052734375
14 0.51611328125 0.5966796875 0.015625 0.0546875
33 0.58740234375 0.71044921875 0.015625 0.0546875
33 0.51953125 0.69580078125 0.013671875 0.0498046875
48 0.65283203125 0.1005859375 0.015625 0.052734375
5 0.75341796875 0.525390625 0.013671875 0.0537109375
5 0.6875 0.50146484375 0.015625 0.0537109375
13 0.77685546875 0.2607421875 0.017578125 0.03515625
13 0.72119140625 0.2470703125 0.017578125 0.0283203125
13 0.76025390625 0.453125 0.017578125 0.033203125
13 0.70556640625 0.4384765625 0.015625 0.033203125
47 0.84375 0.228515625 0.013671875 0.056640625