52 0.73583984375 0.3818359375 0.0263671875 0.0546875
27 0.5048828125 0.529296875 0.103515625 0.3232421875
49 0.88818359375 0.3359375 0.02734375 0.068359375
49 0.837890625 0.13330078125 0.0244140625 0.0546875
52 0.6494140625 0.28857421875 0.03125 0.04296875
52 0.71875 0.14306640625 0.02734375 0.046875
52 0.810546875 0.20361328125 0.03125 0.0517578125
35 0.82958984375 0.3642578125 0.01953125 0.0673828125
1 0.70361328125 0.51904296875 0.015625 0.0458984375
1 0.64111328125 0.568359375 0.013671875 0.046875
1 0.59912109375 0.40380859375 0.013671875 0.046875
11 0.62255859375 0.5615234375 0.013671875 0.046875