26 0.69482421875 0.5224609375 0.013671875 0.046875
26 0.67041015625 0.3544921875 0.01171875 0.046875
11 0.755859375 0.10009765625 0.021484375 0.0498046875
25 0.59033203125 0.41162109375 0.017578125 0.044921875
26 0.60302734375 0.388671875 0.013671875 0.046875
35 0.8798828125 0.35498046875 0.01953125 0.06640625
49 0.9580078125 0.30908203125 0.03515625 0.060546875
26 0.626953125 0.55419921875 0.013671875 0.046875
11 0.80908203125 0.34814453125 0.01953125 0.0625
11 0.7119140625 0.27197265625 0.021484375 0.0537109375
27 0.515625 0.5302734375 0.1171875 0.314453125
28 0.64892578125 0.4697265625 0.134765625 0.345703125