47 0.0849609375 0.7255859375 0.0498046875 0.013671875
47 0.10595703125 0.7919921875 0.0537109375 0.013671875
47 0.26025390625 0.70751953125 0.0537109375 0.0126953125
47 0.2802734375 0.77587890625 0.05078125 0.0107421875
9 0.23046875 0.56591796875 0.05078125 0.009765625
18 0.25244140625 0.6806640625 0.0498046875 0.015625
18 0.08447265625 0.6064453125 0.052734375 0.0126953125
18 0.076171875 0.67431640625 0.0478515625 0.013671875
9 0.05419921875 0.57080078125 0.056640625 0.01171875
9 0.22705078125 0.49853515625 0.05078125 0.01171875
18 0.26171875 0.6142578125 0.048828125 0.01171875
9 0.04638671875 0.501953125 0.052734375 0.0107421875
3 0.42626953125 0.51171875 0.0146484375 0.0283203125
3 0.3046875 0.5087890625 0.017578125 0.02734375
3 0.3115234375 0.41064453125 0.0185546875 0.029296875
3 0.43310546875 0.41064453125 0.0185546875 0.0302734375
25 0.60009765625 0.50244140625 0.0224609375 0.03125
25 0.4755859375 0.50390625 0.021484375 0.03125
25 0.46826171875 0.40771484375 0.0185546875 0.02734375
25 0.5927734375 0.4033203125 0.0185546875 0.029296875
37 0.77001953125 0.48876953125 0.0234375 0.0302734375
37 0.6494140625 0.49951171875 0.0263671875 0.029296875
37 0.6220703125 0.40087890625 0.0224609375 0.029296875
37 0.74365234375 0.390625 0.0263671875 0.0244140625