27 0.732421875 0.8505859375 0.431640625 0.1396484375
20 0.16455078125 0.5849609375 0.05078125 0.0107421875
40 0.18896484375 0.47216796875 0.048828125 0.013671875
40 0.3349609375 0.56005859375 0.0478515625 0.015625
20 0.34912109375 0.64599609375 0.044921875 0.009765625
29 0.3818359375 0.779296875 0.048828125 0.01171875
40 0.16748046875 0.5400390625 0.05078125 0.01171875
20 0.1728515625 0.6513671875 0.05078125 0.013671875
20 0.3408203125 0.5771484375 0.052734375 0.01171875
29 0.3916015625 0.84912109375 0.05078125 0.0107421875
29 0.21337890625 0.85595703125 0.046875 0.01171875
29 0.20458984375 0.7890625 0.05078125 0.01171875
54 0.14208984375 0.3916015625 0.052734375 0.009765625
54 0.1484375 0.46142578125 0.0478515625 0.013671875
13 0.3857421875 0.736328125 0.0361328125 0.0234375
13 0.1923828125 0.748046875 0.03515625 0.0166015625
13 0.1806640625 0.6923828125 0.033203125 0.017578125
13 0.37548828125 0.68017578125 0.02734375 0.0166015625