44 0.6220703125 0.2294921875 0.0126953125 0.0546875
19 0.41650390625 0.2705078125 0.009765625 0.0517578125
29 0.14453125 0.212890625 0.0146484375 0.048828125
44 0.552734375 0.23046875 0.01171875 0.05078125
40 0.505859375 0.1572265625 0.01171875 0.05078125
14 0.21337890625 0.31005859375 0.01171875 0.05078125
54 0.61279296875 0.1337890625 0.01171875 0.052734375
32 0.515625 0.23876953125 0.01171875 0.0498046875
20 0.4580078125 0.2060546875 0.017578125 0.0517578125
54 0.54052734375 0.30712890625 0.009765625 0.052734375
54 0.5419921875 0.13623046875 0.013671875 0.044921875
14 0.1455078125 0.32373046875 0.0126953125 0.052734375
20 0.39404296875 0.16357421875 0.0166015625 0.0517578125
2 0.24658203125 0.3134765625 0.01171875 0.052734375
13 0.251953125 0.19091796875 0.01953125 0.029296875
29 0.2109375 0.20361328125 0.01171875 0.05078125
37 0.14794921875 0.4189453125 0.0107421875 0.048828125
37 0.21337890625 0.3994140625 0.009765625 0.0498046875
3 0.35595703125 0.390625 0.013671875 0.046875
3 0.42431640625 0.38818359375 0.01171875 0.0517578125
12 0.44775390625 0.3603515625 0.0107421875 0.046875
12 0.517578125 0.34423828125 0.0078125 0.05078125
45 0.560546875 0.32177734375 0.0078125 0.052734375
45 0.63037109375 0.32177734375 0.0107421875 0.048828125
11 0.1630859375 0.52392578125 0.009765625 0.046875
11 0.2314453125 0.52490234375 0.0107421875 0.046875
43 0.3349609375 0.5224609375 0.0146484375 0.05078125
35 0.3603515625 0.49462890625 0.01171875 0.0546875
35 0.42919921875 0.490234375 0.009765625 0.0458984375
36 0.44580078125 0.4765625 0.009765625 0.0478515625
36 0.51513671875 0.458984375 0.009765625 0.048828125
18 0.55615234375 0.44775390625 0.0087890625 0.046875
18 0.625 0.443359375 0.013671875 0.046875
47 0.16650390625 0.59765625 0.0126953125 0.0546875
0 0.42724609375 0.61865234375 0.015625 0.05078125
30 0.32666015625 0.56396484375 0.013671875 0.044921875
51 0.3310546875 0.6748046875 0.0126953125 0.044921875
9 0.60595703125 0.5146484375 0.01171875 0.05078125
1 0.4541015625 0.583984375 0.013671875 0.048828125
38 0.22998046875 0.72021484375 0.0126953125 0.046875
51 0.26318359375 0.6796875 0.009765625 0.0458984375
52 0.41796875 0.65478515625 0.013671875 0.048828125
39 0.59228515625 0.70703125 0.013671875 0.05078125
9 0.53564453125 0.529296875 0.013671875 0.0517578125
42 0.5517578125 0.64453125 0.013671875 0.0517578125
39 0.52783203125 0.74853515625 0.0126953125 0.0546875
42 0.61962890625 0.6455078125 0.01171875 0.0546875
1 0.5224609375 0.56103515625 0.01171875 0.046875
49 0.45361328125 0.6669921875 0.01171875 0.05078125
49 0.521484375 0.63916015625 0.013671875 0.044921875
6 0.37158203125 0.78515625 0.01171875 0.046875
6 0.43798828125 0.78125 0.0126953125 0.044921875
6 0.44384765625 0.9541015625 0.015625 0.048828125
48 0.28271484375 0.72607421875 0.013671875 0.0517578125
48 0.35009765625 0.73974609375 0.01171875 0.0517578125
39 0.5595703125 0.91357421875 0.01171875 0.048828125
39 0.6240234375 0.86767578125 0.0126953125 0.0478515625
8 0.45458984375 0.75390625 0.0107421875 0.0498046875
8 0.46240234375 0.92626953125 0.0107421875 0.0498046875
8 0.53173828125 0.91455078125 0.013671875 0.05078125
15 0.265625 0.29833984375 0.013671875 0.0478515625
15 0.33056640625 0.33251953125 0.0166015625 0.0458984375
34 0.29443359375 0.20654296875 0.015625 0.0478515625
34 0.3583984375 0.248046875 0.017578125 0.0537109375
38 0.1611328125 0.7314453125 0.01171875 0.05078125
17 0.24267578125 0.58447265625 0.013671875 0.05078125
17 0.31103515625 0.5947265625 0.013671875 0.052734375
17 0.2509765625 0.408203125 0.01171875 0.05078125
17 0.318359375 0.4189453125 0.01171875 0.05078125