27 0.46484375 0.5078125 0.2998046875 0.099609375
10 0.5712890625 0.57763671875 0.07421875 0.0185546875
19 0.82470703125 0.58984375 0.0625 0.0361328125
19 0.765625 0.677734375 0.0615234375 0.0302734375
19 0.93701171875 0.71826171875 0.0537109375 0.0322265625
38 0.7333984375 0.8505859375 0.068359375 0.03125
14 0.671875 0.765625 0.0673828125 0.02734375
23 0.42724609375 0.68603515625 0.0625 0.025390625
23 0.42919921875 0.61767578125 0.0693359375 0.0166015625
23 0.6044921875 0.61669921875 0.0625 0.0244140625
23 0.599609375 0.685546875 0.0634765625 0.0205078125