9 0.4931640625 0.30224609375 0.021484375 0.0693359375
9 0.447265625 0.1416015625 0.0205078125 0.060546875
49 0.49609375 0.1474609375 0.02734375 0.0634765625
35 0.52685546875 0.306640625 0.01953125 0.05859375
35 0.59423828125 0.29638671875 0.0234375 0.0634765625
35 0.59228515625 0.12060546875 0.017578125 0.056640625
25 0.1591796875 0.26806640625 0.03125 0.052734375
25 0.21875 0.21044921875 0.0302734375 0.0546875
25 0.20703125 0.423828125 0.029296875 0.048828125
25 0.2666015625 0.35986328125 0.0234375 0.0546875
41 0.166015625 0.2080078125 0.03515625 0.037109375
23 0.27783203125 0.19482421875 0.021484375 0.060546875
23 0.28662109375 0.3701171875 0.0205078125 0.0546875
23 0.341796875 0.18408203125 0.021484375 0.0537109375
35 0.52197265625 0.13232421875 0.025390625 0.0703125
42 0.37939453125 0.23046875 0.02734375 0.0791015625
42 0.40576171875 0.39794921875 0.0244140625 0.06640625
42 0.44677734375 0.1943359375 0.02734375 0.05859375
42 0.47314453125 0.36376953125 0.0234375 0.064453125
7 0.3681640625 0.70654296875 0.037109375 0.068359375
7 0.27978515625 0.6689453125 0.02734375 0.072265625
23 0.3525390625 0.359375 0.021484375 0.05859375
7 0.26513671875 0.8662109375 0.025390625 0.0751953125
38 0.236328125 0.583984375 0.025390625 0.076171875
38 0.3271484375 0.60986328125 0.025390625 0.078125
38 0.22900390625 0.79638671875 0.025390625 0.0732421875
26 0.2509765625 0.521484375 0.0224609375 0.0546875
26 0.3154296875 0.49560546875 0.0234375 0.0703125
37 0.18115234375 0.80322265625 0.0234375 0.07421875
37 0.1630859375 0.5849609375 0.025390625 0.0732421875
36 0.08740234375 0.654296875 0.03515625 0.0654296875
0 0.0302734375 0.68896484375 0.05078125 0.06640625