44 0.44384765625 0.10400390625 0.068359375 0.1875
44 0.453125 0.72412109375 0.064453125 0.2119140625
5 0.97265625 0.54736328125 0.0546875 0.205078125
1 0.88623046875 0.1103515625 0.0810546875 0.169921875
45 0.38818359375 0.203125 0.087890625 0.1826171875
30 0.38623046875 0.40380859375 0.10546875 0.146484375
32 0.85693359375 0.6708984375 0.06640625 0.1796875
46 0.52001953125 0.13427734375 0.056640625 0.2109375
46 0.76123046875 0.09130859375 0.0400390625 0.1826171875
46 0.7939453125 0.708984375 0.060546875 0.1884765625
46 0.556640625 0.75244140625 0.0634765625 0.21875