47 0.47021484375 0.6328125 0.0419921875 0.0703125
4 0.64501953125 0.83251953125 0.0771484375 0.078125
4 0.6962890625 0.60400390625 0.0595703125 0.08203125
15 0.62548828125 0.6201171875 0.064453125 0.072265625
13 0.80615234375 0.84375 0.12109375 0.0625
13 0.8798828125 0.59326171875 0.115234375 0.06640625
48 0.1923828125 0.91064453125 0.1103515625 0.09375
13 0.978515625 0.86181640625 0.04296875 0.0517578125
48 0.0849609375 0.6650390625 0.103515625 0.0966796875
2 0.42431640625 0.86767578125 0.076171875 0.0830078125
2 0.38671875 0.630859375 0.0673828125 0.080078125
43 0.62646484375 0.6171875 0.0703125 0.078125