27 0.46484375 0.5078125 0.2998046875 0.099609375
24 0.8232421875 0.876953125 0.07421875 0.0419921875
10 0.45068359375 0.67578125 0.0625 0.02734375
10 0.4072265625 0.6142578125 0.0625 0.025390625
10 0.5712890625 0.57763671875 0.07421875 0.0185546875
19 0.78369140625 0.5751953125 0.0625 0.0361328125
19 0.7021484375 0.64013671875 0.0615234375 0.0302734375
19 0.92431640625 0.625 0.068359375 0.0322265625
10 0.6142578125 0.64306640625 0.056640625 0.021484375
19 0.86181640625 0.69482421875 0.0537109375 0.0322265625
13 0.7041015625 0.73046875 0.046875 0.0390625
13 0.7001953125 0.66650390625 0.04296875 0.029296875
13 0.9140625 0.7119140625 0.0380859375 0.0390625
22 0.6923828125 0.76318359375 0.078125 0.029296875
22 0.884765625 0.75 0.0654296875 0.021484375
50 0.69873046875 0.7998046875 0.068359375 0.02734375
42 0.724609375 0.841796875 0.08203125 0.029296875
42 0.744140625 0.8740234375 0.0654296875 0.03515625