44 0.3779296875 0.7705078125 0.0126953125 0.0546875
19 0.5859375 0.73046875 0.009765625 0.0517578125
29 0.85546875 0.787109375 0.0146484375 0.048828125
44 0.447265625 0.76953125 0.01171875 0.05078125
40 0.494140625 0.8427734375 0.01171875 0.05078125
14 0.78662109375 0.68994140625 0.01171875 0.05078125
54 0.38720703125 0.8662109375 0.01171875 0.052734375
32 0.484375 0.76123046875 0.01171875 0.0498046875
20 0.58056640625 0.83544921875 0.01171875 0.0517578125
54 0.45947265625 0.69287109375 0.009765625 0.052734375
54 0.4580078125 0.86376953125 0.013671875 0.044921875
32 0.55419921875 0.744140625 0.01171875 0.048828125
40 0.56201171875 0.82470703125 0.0078125 0.05078125
14 0.8544921875 0.67626953125 0.0126953125 0.052734375
20 0.6484375 0.83251953125 0.0126953125 0.0517578125
19 0.65283203125 0.7236328125 0.009765625 0.0478515625
2 0.7578125 0.68603515625 0.0126953125 0.0517578125
2 0.6904296875 0.69873046875 0.013671875 0.05078125
13 0.748046875 0.80908203125 0.01953125 0.029296875
13 0.6943359375 0.8212890625 0.01953125 0.03125
29 0.7890625 0.79638671875 0.01171875 0.05078125
37 0.85205078125 0.5810546875 0.0107421875 0.048828125
37 0.78662109375 0.6005859375 0.009765625 0.0498046875
26 0.75146484375 0.591796875 0.013671875 0.05078125
26 0.6845703125 0.59912109375 0.009765625 0.0537109375
3 0.64404296875 0.609375 0.013671875 0.046875
3 0.57568359375 0.61181640625 0.01171875 0.0517578125
12 0.55517578125 0.6337890625 0.0107421875 0.046875
12 0.486328125 0.65380859375 0.0078125 0.05078125
45 0.439453125 0.67822265625 0.0078125 0.052734375
45 0.36962890625 0.67822265625 0.0107421875 0.048828125
11 0.8369140625 0.47607421875 0.009765625 0.046875
11 0.7685546875 0.47509765625 0.0107421875 0.046875
43 0.732421875 0.4951171875 0.013671875 0.048828125
43 0.74755859375 0.322265625 0.01171875 0.052734375
43 0.6650390625 0.47265625 0.0146484375 0.05078125
35 0.6396484375 0.50537109375 0.01171875 0.0546875
35 0.57080078125 0.509765625 0.009765625 0.0458984375
36 0.55419921875 0.5234375 0.009765625 0.0478515625
36 0.4873046875 0.541015625 0.009765625 0.048828125
18 0.44384765625 0.55224609375 0.0087890625 0.046875
18 0.375 0.556640625 0.013671875 0.046875
18 0.37158203125 0.38232421875 0.0107421875 0.046875
47 0.83984375 0.39599609375 0.0126953125 0.0546875
47 0.77294921875 0.3935546875 0.013671875 0.05078125
0 0.5654296875 0.37744140625 0.0126953125 0.05078125
0 0.6318359375 0.36083984375 0.013671875 0.048828125
30 0.74462890625 0.4111328125 0.013671875 0.0458984375
30 0.67919921875 0.43359375 0.013671875 0.044921875
51 0.66845703125 0.322265625 0.0126953125 0.044921875
9 0.46533203125 0.46826171875 0.009765625 0.052734375
9 0.39794921875 0.486328125 0.01171875 0.05078125
9 0.451171875 0.2919921875 0.01171875 0.05078125
9 0.38330078125 0.31103515625 0.01171875 0.048828125
1 0.54833984375 0.40869140625 0.013671875 0.048828125
1 0.52734375 0.23486328125 0.0126953125 0.05078125
1 0.45947265625 0.2626953125 0.013671875 0.05078125
1 0.48095703125 0.4345703125 0.0107421875 0.046875
38 0.75927734375 0.10986328125 0.013671875 0.05078125
38 0.841796875 0.26416015625 0.0107421875 0.05078125
38 0.77294921875 0.28076171875 0.0126953125 0.046875
38 0.82958984375 0.091796875 0.0126953125 0.048828125
51 0.7353515625 0.31591796875 0.009765625 0.0458984375
51 0.72900390625 0.1416015625 0.0107421875 0.048828125
52 0.6240234375 0.2841796875 0.0126953125 0.05078125
52 0.5556640625 0.28662109375 0.013671875 0.048828125