3 0.39404296875 0.39697265625 0.009765625 0.0478515625
3 0.32666015625 0.40673828125 0.0107421875 0.046875
27 0.4921875 0.46484375 0.099609375 0.2998046875
19 0.3310546875 0.6533203125 0.0390625 0.056640625
19 0.2509765625 0.61328125 0.02734375 0.08203125
14 0.05224609375 0.732421875 0.048828125 0.06640625
10 0.060546875 0.78515625 0.046875 0.05859375
3 0.40185546875 0.57373046875 0.0234375 0.06640625
19 0.31005859375 0.8271484375 0.0205078125 0.0576171875
22 0.16455078125 0.5849609375 0.0380859375 0.07421875
7 0.11328125 0.62255859375 0.03515625 0.068359375
50 0.08837890625 0.6640625 0.04296875 0.060546875
7 0.1748046875 0.80908203125 0.033203125 0.07421875