19 0.119140625 0.21923828125 0.052734375 0.025390625
19 0.1259765625 0.31103515625 0.060546875 0.021484375
27 0.53759765625 0.484375 0.30078125 0.10546875
50 0.1826171875 0.1259765625 0.0615234375 0.01953125
10 0.4169921875 0.419921875 0.0546875 0.015625
22 0.47021484375 0.40576171875 0.048828125 0.015625
22 0.31982421875 0.31640625 0.052734375 0.021484375
22 0.49755859375 0.3388671875 0.060546875 0.015625
14 0.611328125 0.37451171875 0.0556640625 0.0234375
38 0.11279296875 0.0712890625 0.056640625 0.02734375
22 0.29736328125 0.384765625 0.048828125 0.01953125
14 0.578125 0.30859375 0.052734375 0.017578125
28 0.4609375 0.3623046875 0.3701171875 0.1318359375