27 0.115234375 0.7177734375 0.220703125 0.419921875
44 0.6220703125 0.2294921875 0.0126953125 0.0546875
19 0.4140625 0.26953125 0.009765625 0.0517578125
29 0.14453125 0.212890625 0.0146484375 0.048828125
44 0.552734375 0.23046875 0.01171875 0.05078125
40 0.505859375 0.1572265625 0.01171875 0.05078125
29 0.21923828125 0.380859375 0.01171875 0.05078125
54 0.61279296875 0.1337890625 0.01171875 0.052734375
44 0.55517578125 0.40673828125 0.009765625 0.052734375
32 0.515625 0.23876953125 0.01171875 0.0498046875
20 0.41943359375 0.16455078125 0.01171875 0.0517578125
44 0.62353515625 0.408203125 0.013671875 0.052734375
32 0.52685546875 0.41455078125 0.0126953125 0.05078125
54 0.54052734375 0.30712890625 0.009765625 0.052734375
54 0.5419921875 0.13623046875 0.013671875 0.044921875
32 0.458984375 0.43115234375 0.0126953125 0.0546875
32 0.44580078125 0.255859375 0.01171875 0.048828125
40 0.43798828125 0.17529296875 0.0078125 0.05078125
29 0.1513671875 0.39013671875 0.0126953125 0.052734375
2 0.25146484375 0.49072265625 0.01171875 0.052734375