27 0.1298828125 0.2080078125 0.259765625 0.1875
44 0.7705078125 0.6220703125 0.0546875 0.0126953125
19 0.73046875 0.4140625 0.0517578125 0.009765625
29 0.787109375 0.14453125 0.048828125 0.0146484375
44 0.76953125 0.552734375 0.05078125 0.01171875
40 0.8427734375 0.505859375 0.05078125 0.01171875
14 0.68994140625 0.21337890625 0.05078125 0.01171875
54 0.8662109375 0.61279296875 0.052734375 0.01171875
32 0.76123046875 0.515625 0.0498046875 0.01171875
20 0.83544921875 0.41943359375 0.0517578125 0.01171875
54 0.69287109375 0.54052734375 0.052734375 0.009765625
54 0.86376953125 0.5419921875 0.044921875 0.013671875
32 0.744140625 0.44580078125 0.048828125 0.01171875
40 0.82470703125 0.43798828125 0.05078125 0.0078125
14 0.67626953125 0.1455078125 0.052734375 0.0126953125
20 0.83251953125 0.3515625 0.0517578125 0.0126953125
19 0.7236328125 0.34716796875 0.0478515625 0.009765625
2 0.685546875 0.2421875 0.05078125 0.0126953125
2 0.69775390625 0.3095703125 0.052734375 0.0126953125
13 0.80908203125 0.251953125 0.029296875 0.01953125
13 0.8212890625 0.3056640625 0.03125 0.01953125
29 0.79638671875 0.2109375 0.05078125 0.01171875
37 0.5810546875 0.14794921875 0.048828125 0.0107421875
37 0.6005859375 0.21337890625 0.0498046875 0.009765625
26 0.591796875 0.24853515625 0.05078125 0.013671875
26 0.59619140625 0.3193359375 0.0537109375 0.009765625
3 0.609375 0.35595703125 0.046875 0.013671875
3 0.61181640625 0.42431640625 0.0517578125 0.01171875
12 0.6337890625 0.44482421875 0.046875 0.0107421875
12 0.65380859375 0.513671875 0.05078125 0.0078125
45 0.67822265625 0.560546875 0.052734375 0.0078125
45 0.67822265625 0.63037109375 0.048828125 0.0107421875
11 0.47607421875 0.1630859375 0.046875 0.009765625
11 0.47509765625 0.2314453125 0.046875 0.0107421875
43 0.4951171875 0.267578125 0.048828125 0.013671875
43 0.322265625 0.25244140625 0.052734375 0.01171875
43 0.47265625 0.3349609375 0.05078125 0.0146484375
35 0.50537109375 0.3603515625 0.0546875 0.01171875
35 0.509765625 0.42919921875 0.0458984375 0.009765625
36 0.5234375 0.44580078125 0.0478515625 0.009765625
36 0.541015625 0.5126953125 0.048828125 0.009765625
12 0.4814453125 0.5322265625 0.0478515625 0.009765625
18 0.55224609375 0.55615234375 0.046875 0.0087890625
18 0.556640625 0.625 0.046875 0.013671875
18 0.38232421875 0.62841796875 0.046875 0.0107421875
47 0.3974609375 0.1630859375 0.0546875 0.0126953125
47 0.3876953125 0.2314453125 0.05078125 0.013671875
0 0.37744140625 0.43798828125 0.05078125 0.0126953125
0 0.3671875 0.3720703125 0.048828125 0.013671875
0 0.1923828125 0.38330078125 0.048828125 0.01171875
0 0.20849609375 0.451171875 0.048828125 0.01171875
30 0.3681640625 0.27001953125 0.0458984375 0.013671875
30 0.39697265625 0.333984375 0.044921875 0.013671875
30 0.20166015625 0.29638671875 0.046875 0.0146484375
30 0.23095703125 0.361328125 0.044921875 0.0126953125