27 0.4853515625 0.47802734375 0.10546875 0.31640625
10 0.41943359375 0.56689453125 0.0146484375 0.0439453125
49 0.1611328125 0.6416015625 0.01953125 0.0654296875
25 0.3916015625 0.6611328125 0.015625 0.05859375
38 0.02392578125 0.8193359375 0.0390625 0.048828125
1 0.095703125 0.69482421875 0.0283203125 0.0654296875
49 0.25634765625 0.650390625 0.01953125 0.0615234375
49 0.2607421875 0.8623046875 0.017578125 0.0634765625
25 0.31982421875 0.490234375 0.015625 0.0556640625
35 0.33154296875 0.91064453125 0.02734375 0.0595703125
35 0.408203125 0.71484375 0.037109375 0.0625
35 0.48974609375 0.81005859375 0.03515625 0.06640625
25 0.32177734375 0.6650390625 0.0126953125 0.0498046875
25 0.38671875 0.48876953125 0.013671875 0.0546875
19 0.4052734375 0.45947265625 0.013671875 0.052734375
28 0.361328125 0.5263671875 0.12109375 0.3603515625