9 0.6162109375 0.8056640625 0.025390625 0.0673828125
9 0.57568359375 0.6474609375 0.01953125 0.072265625
9 0.51513671875 0.701171875 0.021484375 0.0693359375
9 0.552734375 0.8583984375 0.0205078125 0.060546875
49 0.50390625 0.8525390625 0.02734375 0.0634765625
35 0.47314453125 0.693359375 0.01953125 0.05859375
35 0.40576171875 0.70361328125 0.0234375 0.0634765625
35 0.40771484375 0.87939453125 0.017578125 0.056640625
25 0.8408203125 0.73193359375 0.03125 0.0537109375
25 0.78125 0.78955078125 0.0302734375 0.0546875
25 0.79296875 0.576171875 0.029296875 0.048828125
25 0.7333984375 0.64013671875 0.0234375 0.0546875
41 0.833984375 0.7919921875 0.03515625 0.037109375
23 0.72216796875 0.80517578125 0.021484375 0.060546875
23 0.71337890625 0.6298828125 0.0205078125 0.0546875
23 0.64892578125 0.64501953125 0.0224609375 0.076171875
23 0.658203125 0.81591796875 0.021484375 0.0537109375
35 0.47802734375 0.86767578125 0.025390625 0.0703125
42 0.72021484375 0.35693359375 0.02734375 0.0791015625
42 0.74267578125 0.166015625 0.0244140625 0.06640625
7 0.78857421875 0.38330078125 0.033203125 0.0703125
26 0.88623046875 0.2998046875 0.03125 0.0712890625
38 0.8251953125 0.3984375 0.0322265625 0.07421875
0 0.9189453125 0.3798828125 0.046875 0.08203125
37 0.90185546875 0.2685546875 0.0390625 0.060546875
42 0.62744140625 0.30078125 0.03515625 0.072265625