27 0.240234375 0.22265625 0.439453125 0.1826171875
44 0.7705078125 0.6220703125 0.0546875 0.0126953125
19 0.73046875 0.4140625 0.0517578125 0.009765625
29 0.787109375 0.14453125 0.048828125 0.0146484375
44 0.76953125 0.552734375 0.05078125 0.01171875
40 0.8427734375 0.505859375 0.05078125 0.01171875
14 0.68994140625 0.21337890625 0.05078125 0.01171875
54 0.8662109375 0.61279296875 0.052734375 0.01171875
32 0.76123046875 0.515625 0.0498046875 0.01171875
20 0.83544921875 0.41943359375 0.0517578125 0.01171875
54 0.69287109375 0.54052734375 0.052734375 0.009765625
54 0.86376953125 0.5419921875 0.044921875 0.013671875
32 0.744140625 0.44580078125 0.048828125 0.01171875
40 0.82470703125 0.43798828125 0.05078125 0.0078125
14 0.67626953125 0.1455078125 0.052734375 0.0126953125
20 0.83251953125 0.3515625 0.0517578125 0.0126953125
19 0.7236328125 0.34716796875 0.0478515625 0.009765625
2 0.68505859375 0.2431640625 0.052734375 0.013671875
2 0.69677734375 0.3115234375 0.052734375 0.0126953125
13 0.80908203125 0.251953125 0.029296875 0.01953125
13 0.8212890625 0.3056640625 0.03125 0.01953125
29 0.79638671875 0.2109375 0.05078125 0.01171875
37 0.5810546875 0.14990234375 0.048828125 0.0107421875
37 0.59765625 0.21728515625 0.0498046875 0.009765625
26 0.591796875 0.24853515625 0.05078125 0.013671875
26 0.59619140625 0.3193359375 0.0537109375 0.009765625
26 0.4248046875 0.3232421875 0.05078125 0.009765625
3 0.609375 0.35595703125 0.046875 0.013671875
3 0.61181640625 0.42431640625 0.0517578125 0.01171875
3 0.43603515625 0.35888671875 0.0498046875 0.0146484375
3 0.4375 0.42724609375 0.05078125 0.01171875
12 0.6337890625 0.44482421875 0.046875 0.0107421875
12 0.46240234375 0.4609375 0.0478515625 0.009765625
12 0.4833984375 0.52978515625 0.048828125 0.0087890625
12 0.65380859375 0.513671875 0.05078125 0.0078125
45 0.67822265625 0.560546875 0.052734375 0.0078125
45 0.5048828125 0.5595703125 0.0546875 0.01171875
45 0.50439453125 0.62841796875 0.05078125 0.01171875
45 0.67822265625 0.63037109375 0.048828125 0.0107421875