28 0.349609375 0.51025390625 0.123046875 0.3564453125
27 0.49560546875 0.4658203125 0.10546875 0.31640625
1 0.40087890625 0.59619140625 0.015625 0.044921875
1 0.359375 0.43212890625 0.015625 0.0439453125
51 0.2109375 0.62451171875 0.015625 0.060546875
1 0.33740234375 0.64599609375 0.013671875 0.044921875
51 0.19775390625 0.83349609375 0.0146484375 0.056640625
10 0.38427734375 0.4404296875 0.01953125 0.0546875
1 0.29736328125 0.48095703125 0.015625 0.0458984375
26 0.30224609375 0.61865234375 0.01171875 0.0517578125
52 0.05224609375 0.6015625 0.01953125 0.0634765625
52 0.06787109375 0.82275390625 0.017578125 0.0703125
51 0.11181640625 0.59130859375 0.0166015625 0.068359375