3 0.60595703125 0.60302734375 0.009765625 0.0478515625
3 0.67333984375 0.59326171875 0.0107421875 0.046875
27 0.5078125 0.53515625 0.099609375 0.2998046875
19 0.556640625 0.24609375 0.0390625 0.056640625
19 0.62109375 0.34375 0.041015625 0.0576171875
19 0.7138671875 0.1982421875 0.0439453125 0.0546875
22 0.650390625 0.427734375 0.044921875 0.06640625
50 0.6943359375 0.42236328125 0.0361328125 0.080078125
22 0.7275390625 0.251953125 0.044921875 0.064453125
14 0.75830078125 0.4208984375 0.03125 0.083984375
10 0.80712890625 0.341796875 0.029296875 0.07421875
23 0.83349609375 0.2763671875 0.0390625 0.0595703125
24 0.85400390625 0.24853515625 0.056640625 0.056640625