3 0.60302734375 0.39404296875 0.0478515625 0.009765625
3 0.59326171875 0.32666015625 0.046875 0.0107421875
27 0.53515625 0.4921875 0.2998046875 0.099609375
19 0.24609375 0.443359375 0.056640625 0.0390625
19 0.34375 0.37890625 0.0576171875 0.041015625
19 0.1982421875 0.2861328125 0.0546875 0.0439453125
22 0.427734375 0.349609375 0.06640625 0.044921875
50 0.42236328125 0.3056640625 0.080078125 0.0361328125
22 0.251953125 0.2724609375 0.064453125 0.044921875
14 0.4208984375 0.24169921875 0.083984375 0.03125
10 0.341796875 0.19287109375 0.07421875 0.029296875
23 0.2763671875 0.16650390625 0.0595703125 0.0390625
24 0.24853515625 0.14599609375 0.056640625 0.056640625