3 0.39697265625 0.60595703125 0.0478515625 0.009765625
3 0.40673828125 0.67333984375 0.046875 0.0107421875
27 0.46484375 0.5078125 0.2998046875 0.099609375
19 0.6533203125 0.6689453125 0.056640625 0.0390625
19 0.61328125 0.7490234375 0.08203125 0.02734375
14 0.732421875 0.94775390625 0.06640625 0.048828125
10 0.78515625 0.939453125 0.0595703125 0.046875
3 0.57373046875 0.59814453125 0.06640625 0.0234375
19 0.8271484375 0.68994140625 0.0576171875 0.0205078125
22 0.5849609375 0.83544921875 0.07421875 0.0380859375
7 0.62255859375 0.88671875 0.068359375 0.03515625
50 0.6640625 0.91162109375 0.060546875 0.04296875
7 0.80908203125 0.8251953125 0.07421875 0.033203125