52 0.3818359375 0.26416015625 0.0546875 0.0263671875
27 0.529296875 0.4951171875 0.3232421875 0.103515625
49 0.3359375 0.11181640625 0.068359375 0.02734375
49 0.13330078125 0.162109375 0.0546875 0.0244140625
52 0.28857421875 0.3505859375 0.04296875 0.03125
52 0.14306640625 0.28125 0.046875 0.02734375
52 0.20361328125 0.189453125 0.0517578125 0.03125
35 0.3642578125 0.17041015625 0.0673828125 0.01953125
1 0.51904296875 0.29638671875 0.0458984375 0.015625
1 0.568359375 0.35888671875 0.046875 0.013671875
1 0.40380859375 0.40087890625 0.046875 0.013671875
11 0.5615234375 0.37744140625 0.046875 0.013671875