12 0.423828125 0.3857421875 0.060546875 0.021484375
51 0.4912109375 0.4501953125 0.064453125 0.021484375
39 0.69482421875 0.4677734375 0.064453125 0.0224609375
53 0.55615234375 0.44287109375 0.046875 0.0390625
53 0.55712890625 0.38232421875 0.056640625 0.0234375
29 0.7890625 0.451171875 0.0546875 0.01953125
29 0.611328125 0.44580078125 0.052734375 0.01953125
29 0.61865234375 0.3779296875 0.056640625 0.0234375
29 0.79443359375 0.380859375 0.060546875 0.01953125
12 0.41015625 0.443359375 0.05078125 0.0341796875
35 0.62744140625 0.87548828125 0.07421875 0.03515625
35 0.6953125 0.98486328125 0.083984375 0.029296875
35 0.95166015625 0.94775390625 0.0966796875 0.037109375
40 0.623046875 0.5048828125 0.068359375 0.025390625
40 0.6259765625 0.57275390625 0.068359375 0.021484375
54 0.5517578125 0.58056640625 0.0625 0.0205078125
54 0.537109375 0.509765625 0.068359375 0.021484375