44 0.2294921875 0.3779296875 0.0546875 0.0126953125
19 0.2705078125 0.58349609375 0.0517578125 0.009765625
29 0.212890625 0.85546875 0.048828125 0.0146484375
44 0.23046875 0.447265625 0.05078125 0.01171875
40 0.1572265625 0.494140625 0.05078125 0.01171875
14 0.31005859375 0.78662109375 0.05078125 0.01171875
54 0.1337890625 0.38720703125 0.052734375 0.01171875
32 0.23876953125 0.484375 0.0498046875 0.01171875
20 0.2060546875 0.5419921875 0.0517578125 0.017578125
54 0.30712890625 0.45947265625 0.052734375 0.009765625
54 0.13623046875 0.4580078125 0.044921875 0.013671875
14 0.32373046875 0.8544921875 0.052734375 0.0126953125
20 0.16357421875 0.60595703125 0.0517578125 0.0166015625
2 0.3134765625 0.75341796875 0.052734375 0.01171875
13 0.19091796875 0.748046875 0.029296875 0.01953125
29 0.20361328125 0.7890625 0.05078125 0.01171875
37 0.4189453125 0.85205078125 0.048828125 0.0107421875
37 0.3994140625 0.78662109375 0.0498046875 0.009765625
3 0.390625 0.64404296875 0.046875 0.013671875
3 0.38818359375 0.57568359375 0.0517578125 0.01171875
12 0.3603515625 0.55224609375 0.046875 0.0107421875
12 0.34423828125 0.482421875 0.05078125 0.0078125
45 0.32177734375 0.439453125 0.052734375 0.0078125
45 0.32177734375 0.36962890625 0.048828125 0.0107421875
11 0.52392578125 0.8369140625 0.046875 0.009765625
11 0.52490234375 0.7685546875 0.046875 0.0107421875
43 0.5224609375 0.6650390625 0.05078125 0.0146484375
35 0.49462890625 0.6396484375 0.0546875 0.01171875
35 0.490234375 0.57080078125 0.0458984375 0.009765625
36 0.4765625 0.55419921875 0.0478515625 0.009765625
36 0.458984375 0.48486328125 0.048828125 0.009765625
18 0.44775390625 0.44384765625 0.046875 0.0087890625
18 0.443359375 0.375 0.046875 0.013671875
47 0.59765625 0.83349609375 0.0546875 0.0126953125
0 0.61865234375 0.57275390625 0.05078125 0.015625
30 0.56396484375 0.67333984375 0.044921875 0.013671875
51 0.6748046875 0.6689453125 0.044921875 0.0126953125
9 0.5146484375 0.39404296875 0.05078125 0.01171875
1 0.583984375 0.5458984375 0.048828125 0.013671875
38 0.72021484375 0.77001953125 0.046875 0.0126953125
51 0.6796875 0.73681640625 0.0458984375 0.009765625
52 0.65478515625 0.58203125 0.048828125 0.013671875
39 0.70703125 0.40771484375 0.05078125 0.013671875
9 0.529296875 0.46435546875 0.0517578125 0.013671875
42 0.64453125 0.4482421875 0.0517578125 0.013671875
39 0.74853515625 0.47216796875 0.0546875 0.0126953125
42 0.6455078125 0.38037109375 0.0546875 0.01171875
1 0.56103515625 0.4775390625 0.046875 0.01171875
49 0.6669921875 0.54638671875 0.05078125 0.01171875
49 0.63916015625 0.478515625 0.044921875 0.013671875
6 0.78515625 0.62841796875 0.046875 0.01171875
6 0.78125 0.56201171875 0.044921875 0.0126953125
6 0.9541015625 0.55615234375 0.048828125 0.015625
48 0.72607421875 0.71728515625 0.0517578125 0.013671875
48 0.73974609375 0.64990234375 0.0517578125 0.01171875
39 0.91357421875 0.4404296875 0.048828125 0.01171875
39 0.86767578125 0.3759765625 0.0478515625 0.0126953125
8 0.75390625 0.54541015625 0.0498046875 0.0107421875
8 0.92626953125 0.53759765625 0.0498046875 0.0107421875
8 0.91455078125 0.46826171875 0.05078125 0.013671875
15 0.29833984375 0.734375 0.0478515625 0.013671875
15 0.33251953125 0.66943359375 0.0458984375 0.0166015625
34 0.20654296875 0.70556640625 0.0478515625 0.015625
34 0.248046875 0.6416015625 0.0537109375 0.017578125
38 0.7314453125 0.8388671875 0.05078125 0.01171875
17 0.58447265625 0.75732421875 0.05078125 0.013671875
17 0.5947265625 0.68896484375 0.052734375 0.013671875
17 0.408203125 0.7490234375 0.05078125 0.01171875
17 0.4189453125 0.681640625 0.05078125 0.01171875