27 0.7734375 0.89013671875 0.419921875 0.2197265625
44 0.2294921875 0.3779296875 0.0546875 0.0126953125
19 0.26953125 0.5859375 0.0517578125 0.009765625
29 0.212890625 0.85546875 0.048828125 0.0146484375
44 0.23046875 0.447265625 0.05078125 0.01171875
40 0.1572265625 0.494140625 0.05078125 0.01171875
14 0.31005859375 0.78662109375 0.05078125 0.01171875
54 0.1337890625 0.38720703125 0.052734375 0.01171875
44 0.40673828125 0.44482421875 0.052734375 0.009765625
32 0.23876953125 0.484375 0.0498046875 0.01171875
20 0.16455078125 0.58056640625 0.0517578125 0.01171875
44 0.408203125 0.37646484375 0.052734375 0.013671875
32 0.41455078125 0.47314453125 0.05078125 0.0126953125
54 0.30712890625 0.45947265625 0.052734375 0.009765625
54 0.13623046875 0.4580078125 0.044921875 0.013671875
32 0.43115234375 0.541015625 0.0546875 0.0126953125
32 0.255859375 0.55419921875 0.048828125 0.01171875
40 0.17529296875 0.56201171875 0.05078125 0.0078125
14 0.32373046875 0.8544921875 0.052734375 0.0126953125
2 0.49072265625 0.74609375 0.052734375 0.0126953125
20 0.16748046875 0.6484375 0.0517578125 0.0126953125
19 0.2763671875 0.65283203125 0.0478515625 0.009765625
19 0.45263671875 0.64794921875 0.048828125 0.01171875
19 0.44677734375 0.57958984375 0.0498046875 0.0107421875
2 0.31494140625 0.7568359375 0.05078125 0.0126953125
2 0.30322265625 0.6884765625 0.052734375 0.0126953125
2 0.4794921875 0.67724609375 0.0517578125 0.013671875
13 0.19091796875 0.748046875 0.029296875 0.01953125
13 0.1787109375 0.6943359375 0.03125 0.01953125
29 0.20361328125 0.7890625 0.05078125 0.01171875
37 0.4189453125 0.85009765625 0.048828125 0.0107421875
37 0.40234375 0.78271484375 0.0498046875 0.009765625
37 0.57421875 0.7666015625 0.048828125 0.0107421875
37 0.59326171875 0.8359375 0.0498046875 0.0146484375