27 0.47802734375 0.5146484375 0.31640625 0.10546875
10 0.56689453125 0.58056640625 0.0439453125 0.0146484375
49 0.6416015625 0.8388671875 0.0654296875 0.01953125
25 0.6611328125 0.6083984375 0.05859375 0.015625
38 0.8193359375 0.97607421875 0.048828125 0.0390625
1 0.69482421875 0.904296875 0.0654296875 0.0283203125
49 0.650390625 0.74365234375 0.0615234375 0.01953125
49 0.8623046875 0.7392578125 0.064453125 0.017578125
25 0.490234375 0.68017578125 0.0556640625 0.015625
35 0.91064453125 0.66845703125 0.0595703125 0.02734375
35 0.71484375 0.591796875 0.0625 0.037109375
35 0.81005859375 0.51025390625 0.06640625 0.0361328125
25 0.6650390625 0.67822265625 0.0498046875 0.0126953125
25 0.48876953125 0.61328125 0.0546875 0.013671875
19 0.45947265625 0.5947265625 0.052734375 0.013671875
28 0.5263671875 0.638671875 0.3603515625 0.12109375