27 0.169921875 0.7216796875 0.228515625 0.439453125
44 0.6220703125 0.2294921875 0.0126953125 0.0546875
19 0.4140625 0.26953125 0.009765625 0.0517578125
29 0.14453125 0.212890625 0.0146484375 0.048828125
44 0.552734375 0.23046875 0.01171875 0.05078125
40 0.505859375 0.1572265625 0.01171875 0.05078125
14 0.21337890625 0.31005859375 0.01171875 0.05078125
54 0.61279296875 0.1337890625 0.01171875 0.052734375
44 0.55517578125 0.40673828125 0.009765625 0.052734375
32 0.515625 0.23876953125 0.01171875 0.0498046875
20 0.41943359375 0.16455078125 0.01171875 0.0517578125
44 0.62353515625 0.408203125 0.013671875 0.052734375
32 0.52685546875 0.41455078125 0.0126953125 0.05078125
54 0.54052734375 0.30712890625 0.009765625 0.052734375
54 0.5419921875 0.13623046875 0.013671875 0.044921875
32 0.458984375 0.43115234375 0.0126953125 0.0546875
32 0.44580078125 0.255859375 0.01171875 0.048828125
40 0.43798828125 0.17529296875 0.0078125 0.05078125
14 0.1455078125 0.32373046875 0.0126953125 0.052734375
20 0.3515625 0.16748046875 0.0126953125 0.0517578125
19 0.34716796875 0.2763671875 0.009765625 0.0478515625
2 0.2431640625 0.314453125 0.013671875 0.052734375
2 0.3115234375 0.30322265625 0.0126953125 0.052734375
13 0.251953125 0.19091796875 0.01953125 0.029296875
13 0.3056640625 0.1787109375 0.01953125 0.03125
29 0.2109375 0.20361328125 0.01171875 0.05078125
37 0.14990234375 0.4189453125 0.0107421875 0.048828125
37 0.21728515625 0.40234375 0.009765625 0.0498046875
37 0.2333984375 0.5771484375 0.0146484375 0.05078125
26 0.24853515625 0.408203125 0.013671875 0.05078125
26 0.3193359375 0.40380859375 0.009765625 0.0537109375
26 0.3232421875 0.5751953125 0.009765625 0.05078125
26 0.25390625 0.578125 0.013671875 0.048828125
3 0.35595703125 0.390625 0.013671875 0.046875
3 0.42431640625 0.38818359375 0.01171875 0.0517578125
3 0.35888671875 0.56396484375 0.0146484375 0.0498046875
3 0.42724609375 0.5625 0.01171875 0.05078125