28 0.51025390625 0.650390625 0.3564453125 0.123046875
27 0.4658203125 0.50439453125 0.31640625 0.10546875
1 0.59619140625 0.59912109375 0.044921875 0.015625
1 0.43212890625 0.640625 0.0439453125 0.015625
51 0.62451171875 0.7890625 0.060546875 0.015625
1 0.64599609375 0.66259765625 0.044921875 0.013671875
51 0.83349609375 0.80224609375 0.056640625 0.0146484375
10 0.4404296875 0.61572265625 0.0546875 0.01953125
1 0.48095703125 0.70263671875 0.0458984375 0.015625
26 0.61865234375 0.69775390625 0.0517578125 0.01171875
52 0.6015625 0.94775390625 0.0634765625 0.01953125
52 0.82275390625 0.93212890625 0.0703125 0.017578125
51 0.59130859375 0.88818359375 0.068359375 0.0166015625