27 0.4736328125 0.5107421875 0.31640625 0.111328125
26 0.4775390625 0.69482421875 0.0498046875 0.017578125
12 0.82568359375 0.75732421875 0.0478515625 0.03125
26 0.58837890625 0.5908203125 0.0458984375 0.017578125
35 0.6337890625 0.95947265625 0.0673828125 0.0341796875
26 0.44384765625 0.62890625 0.052734375 0.015625
12 0.65869140625 0.66259765625 0.0498046875 0.025390625
11 0.60986328125 0.9169921875 0.0703125 0.025390625
26 0.61181640625 0.60302734375 0.044921875 0.013671875
0 0.58251953125 0.85498046875 0.072265625 0.01953125
12 0.78125 0.5888671875 0.048828125 0.0322265625
52 0.62451171875 0.80712890625 0.0703125 0.0263671875