47 0.2744140625 0.0849609375 0.013671875 0.0498046875
47 0.2080078125 0.10595703125 0.013671875 0.0537109375
47 0.29248046875 0.26025390625 0.0126953125 0.0546875
47 0.22412109375 0.2802734375 0.0107421875 0.05078125
9 0.43408203125 0.23046875 0.009765625 0.05078125
18 0.3193359375 0.25244140625 0.015625 0.05078125
18 0.3935546875 0.08447265625 0.0126953125 0.052734375
18 0.32568359375 0.076171875 0.013671875 0.0478515625
9 0.42919921875 0.05419921875 0.01171875 0.056640625
9 0.50146484375 0.22705078125 0.01171875 0.05078125
18 0.3857421875 0.26171875 0.01171875 0.048828125
9 0.498046875 0.04638671875 0.009765625 0.052734375
3 0.48828125 0.42626953125 0.0283203125 0.0146484375
3 0.4912109375 0.3046875 0.02734375 0.017578125
3 0.58935546875 0.3115234375 0.029296875 0.0185546875
3 0.58935546875 0.43310546875 0.0302734375 0.0185546875
25 0.49755859375 0.60009765625 0.03125 0.0224609375
25 0.49609375 0.4755859375 0.03125 0.021484375
25 0.59228515625 0.46826171875 0.02734375 0.0185546875
25 0.5966796875 0.5927734375 0.029296875 0.0185546875
37 0.51123046875 0.77001953125 0.029296875 0.0234375
37 0.50048828125 0.6494140625 0.029296875 0.0263671875
37 0.59912109375 0.6220703125 0.029296875 0.0224609375
37 0.60791015625 0.74365234375 0.029296875 0.0263671875
11 0.259765625 0.865234375 0.01171875 0.0498046875
11 0.25048828125 0.6943359375 0.0126953125 0.0478515625
11 0.31787109375 0.6826171875 0.009765625 0.048828125
11 0.32958984375 0.85107421875 0.009765625 0.048828125
36 0.34326171875 0.8330078125 0.015625 0.048828125
36 0.3662109375 0.66650390625 0.013671875 0.0478515625
1 0.3974609375 0.71337890625 0.013671875 0.046875