36 0.15966796875 0.20263671875 0.0634765625 0.017578125
27 0.52490234375 0.4912109375 0.33203125 0.1083984375
1 0.568359375 0.359375 0.044921875 0.017578125
1 0.35498046875 0.3369140625 0.046875 0.0166015625
11 0.5615234375 0.37744140625 0.046875 0.013671875
52 0.40869140625 0.033203125 0.072265625 0.0205078125
36 0.41943359375 0.1328125 0.064453125 0.017578125
1 0.40283203125 0.40087890625 0.0458984375 0.017578125
1 0.517578125 0.29638671875 0.0458984375 0.0166015625
36 0.3662109375 0.2294921875 0.060546875 0.01953125
52 0.1787109375 0.05419921875 0.0673828125 0.017578125
51 0.4189453125 0.10546875 0.06640625 0.0205078125