36 0.84033203125 0.79736328125 0.0634765625 0.017578125
27 0.47509765625 0.5087890625 0.33203125 0.1083984375
1 0.431640625 0.640625 0.044921875 0.017578125
1 0.64501953125 0.6630859375 0.046875 0.0166015625
11 0.4384765625 0.62255859375 0.046875 0.013671875
52 0.59130859375 0.966796875 0.072265625 0.0205078125
36 0.58056640625 0.8671875 0.064453125 0.017578125
1 0.59716796875 0.59912109375 0.0458984375 0.017578125
1 0.482421875 0.70361328125 0.0458984375 0.0166015625
36 0.6337890625 0.7705078125 0.060546875 0.01953125
52 0.8212890625 0.94580078125 0.0673828125 0.017578125
51 0.5810546875 0.89453125 0.06640625 0.0205078125