9 0.5068359375 0.69775390625 0.021484375 0.0693359375
9 0.552734375 0.8583984375 0.0205078125 0.060546875
49 0.50390625 0.8525390625 0.02734375 0.0634765625
35 0.47314453125 0.693359375 0.01953125 0.05859375
35 0.40576171875 0.70361328125 0.0234375 0.0634765625
35 0.40771484375 0.87939453125 0.017578125 0.056640625
23 0.712890625 0.8759765625 0.021484375 0.060546875
23 0.6484375 0.8984375 0.021484375 0.0537109375
35 0.47802734375 0.86767578125 0.025390625 0.0703125
37 0.529296875 0.5849609375 0.021484375 0.0625
37 0.5380859375 0.76318359375 0.021484375 0.060546875
37 0.60595703125 0.74853515625 0.0185546875 0.05859375
37 0.599609375 0.57373046875 0.0205078125 0.056640625
25 0.76611328125 0.7822265625 0.03125 0.048828125
26 0.63427734375 0.46728515625 0.0234375 0.060546875
10 0.640625 0.81201171875 0.0244140625 0.068359375
10 0.70751953125 0.78173828125 0.0244140625 0.0615234375
10 0.619140625 0.6416015625 0.01953125 0.068359375
10 0.6875 0.6103515625 0.029296875 0.0703125
26 0.70068359375 0.4619140625 0.0234375 0.056640625
25 0.8173828125 0.755859375 0.0390625 0.046875
52 0.73974609375 0.66015625 0.015625 0.05859375
54 0.58740234375 0.44873046875 0.0166015625 0.064453125
54 0.50537109375 0.3017578125 0.0224609375 0.05859375
51 0.7421875 0.71484375 0.01953125 0.0556640625
48 0.82470703125 0.50146484375 0.02734375 0.0703125
48 0.76416015625 0.5400390625 0.03515625 0.060546875
51 0.5185546875 0.46435546875 0.017578125 0.0625
51 0.4599609375 0.513671875 0.0234375 0.060546875
51 0.39208984375 0.48779296875 0.029296875 0.05859375
51 0.47802734375 0.34521484375 0.021484375 0.052734375
51 0.4130859375 0.31884765625 0.021484375 0.05859375
12 0.4580078125 0.58349609375 0.0205078125 0.052734375
12 0.3876953125 0.5703125 0.021484375 0.060546875