9 0.4931640625 0.30224609375 0.021484375 0.0693359375
9 0.447265625 0.1416015625 0.0205078125 0.060546875
49 0.49609375 0.1474609375 0.02734375 0.0634765625
35 0.52685546875 0.306640625 0.01953125 0.05859375
35 0.59423828125 0.29638671875 0.0234375 0.0634765625
35 0.59228515625 0.12060546875 0.017578125 0.056640625
25 0.16552734375 0.28125 0.0234375 0.052734375
25 0.22998046875 0.24267578125 0.025390625 0.0615234375
25 0.193359375 0.44873046875 0.0234375 0.0556640625
23 0.2822265625 0.19384765625 0.021484375 0.060546875
23 0.35009765625 0.18994140625 0.021484375 0.0537109375
35 0.52197265625 0.13232421875 0.025390625 0.0703125
37 0.47216796875 0.4111328125 0.025390625 0.0546875
37 0.4619140625 0.23681640625 0.021484375 0.060546875
37 0.3916015625 0.25146484375 0.0234375 0.05859375
25 0.26171875 0.41162109375 0.02734375 0.0703125
23 0.28564453125 0.36767578125 0.0234375 0.056640625
23 0.3515625 0.36181640625 0.01953125 0.0673828125
26 0.318359375 0.494140625 0.0283203125 0.06640625
26 0.24755859375 0.5205078125 0.02734375 0.052734375
25 0.26416015625 0.34326171875 0.02734375 0.0703125
37 0.400390625 0.42626953125 0.0205078125 0.056640625
25 0.208984375 0.19775390625 0.03125 0.048828125
26 0.34033203125 0.66015625 0.0234375 0.044921875
10 0.345703125 0.71875 0.0244140625 0.068359375
10 0.2529296875 0.673828125 0.0244140625 0.0615234375
10 0.2451171875 0.86279296875 0.01953125 0.0673828125
7 0.21240234375 0.728515625 0.029296875 0.0751953125
36 0.1748046875 0.732421875 0.02734375 0.0810546875
0 0.20556640625 0.64453125 0.0302734375 0.0625
0 0.119140625 0.67919921875 0.0390625 0.076171875