9 0.69775390625 0.4931640625 0.0693359375 0.021484375
9 0.8583984375 0.447265625 0.060546875 0.0205078125
49 0.8525390625 0.49609375 0.0634765625 0.02734375
35 0.693359375 0.52685546875 0.05859375 0.01953125
35 0.70361328125 0.59423828125 0.0634765625 0.0234375
35 0.87939453125 0.59228515625 0.056640625 0.017578125
25 0.73193359375 0.1591796875 0.052734375 0.03125
25 0.78955078125 0.21875 0.0546875 0.0302734375
25 0.576171875 0.20703125 0.048828125 0.029296875
41 0.7919921875 0.166015625 0.037109375 0.03515625
23 0.80517578125 0.27783203125 0.060546875 0.021484375
23 0.81591796875 0.341796875 0.0537109375 0.021484375
35 0.86767578125 0.52197265625 0.0703125 0.025390625
37 0.5888671875 0.47216796875 0.0546875 0.025390625
37 0.76318359375 0.4619140625 0.060546875 0.021484375
37 0.74853515625 0.3916015625 0.05859375 0.0234375
25 0.63134765625 0.2666015625 0.0703125 0.02734375
23 0.63232421875 0.28564453125 0.056640625 0.0234375
23 0.63818359375 0.3515625 0.0673828125 0.01953125
26 0.505859375 0.318359375 0.06640625 0.0283203125
26 0.4794921875 0.24755859375 0.052734375 0.02734375
26 0.33984375 0.34130859375 0.060546875 0.02734375