27 0.08544921875 0.79541015625 0.1708984375 0.4072265625
20 0.416015625 0.1640625 0.01171875 0.0517578125
20 0.35546875 0.34912109375 0.0107421875 0.046875
54 0.54052734375 0.31787109375 0.01171875 0.05078125
54 0.6083984375 0.14208984375 0.0107421875 0.046875
40 0.44970703125 0.17236328125 0.0107421875 0.05078125
40 0.443359375 0.345703125 0.013671875 0.048828125
20 0.3486328125 0.17431640625 0.0126953125 0.052734375
20 0.42333984375 0.34033203125 0.01171875 0.048828125
40 0.5126953125 0.35302734375 0.013671875 0.05078125
40 0.51953125 0.1796875 0.013671875 0.05078125
54 0.611328125 0.31689453125 0.0126953125 0.05078125
54 0.5390625 0.14794921875 0.01171875 0.0498046875
29 0.126953125 0.2060546875 0.0126953125 0.0458984375
29 0.1953125 0.18359375 0.01171875 0.0546875
29 0.14697265625 0.3779296875 0.015625 0.052734375
13 0.24169921875 0.16845703125 0.021484375 0.02734375
13 0.296875 0.1611328125 0.021484375 0.0302734375
13 0.25048828125 0.36083984375 0.01953125 0.0341796875