23 0.18701171875 0.65625 0.0546875 0.009765625
41 0.177734375 0.77294921875 0.0498046875 0.0107421875
23 0.18896484375 0.7255859375 0.05078125 0.009765625
23 0.36376953125 0.6484375 0.05078125 0.009765625
41 0.2197265625 0.83837890625 0.0478515625 0.013671875
23 0.37158203125 0.7158203125 0.0478515625 0.01171875
41 0.38623046875 0.81298828125 0.0478515625 0.0146484375
41 0.3525390625 0.74560546875 0.0546875 0.017578125
24 0.16748046875 0.619140625 0.0625 0.021484375
24 0.138671875 0.54736328125 0.0625 0.0234375
24 0.33349609375 0.59716796875 0.064453125 0.025390625
27 0.7216796875 0.8681640625 0.298828125 0.107421875
24 0.3037109375 0.53076171875 0.064453125 0.02734375
49 0.30029296875 0.484375 0.0654296875 0.0234375
49 0.12646484375 0.49755859375 0.0693359375 0.029296875
49 0.2822265625 0.416015625 0.064453125 0.021484375
49 0.10888671875 0.43017578125 0.0595703125 0.021484375
36 0.52734375 0.82470703125 0.064453125 0.0380859375
37 0.513671875 0.787109375 0.060546875 0.025390625
25 0.61181640625 0.875 0.0771484375 0.033203125
38 0.74169921875 0.693359375 0.06640625 0.01953125
38 0.52734375 0.7001953125 0.060546875 0.03125
7 0.533203125 0.6455078125 0.07421875 0.025390625
42 0.56494140625 0.5927734375 0.078125 0.03125
42 0.7392578125 0.65576171875 0.0625 0.0302734375
42 0.642578125 0.51806640625 0.0673828125 0.0322265625
0 0.56787109375 0.857421875 0.0703125 0.0390625