9 0.4931640625 0.30224609375 0.021484375 0.0693359375
9 0.447265625 0.1416015625 0.0205078125 0.060546875
49 0.49609375 0.1474609375 0.02734375 0.0634765625
35 0.52685546875 0.306640625 0.01953125 0.05859375
35 0.59423828125 0.29638671875 0.0234375 0.0634765625
35 0.59228515625 0.12060546875 0.017578125 0.056640625
23 0.287109375 0.1240234375 0.021484375 0.060546875
23 0.3515625 0.1015625 0.021484375 0.0537109375
35 0.52197265625 0.13232421875 0.025390625 0.0703125
37 0.470703125 0.4150390625 0.021484375 0.0625
37 0.4619140625 0.23681640625 0.021484375 0.060546875
37 0.39404296875 0.25146484375 0.0185546875 0.05859375
37 0.400390625 0.42626953125 0.0205078125 0.056640625
25 0.23388671875 0.2177734375 0.03125 0.048828125
26 0.36572265625 0.53271484375 0.0234375 0.060546875
10 0.359375 0.18798828125 0.0244140625 0.068359375
10 0.29248046875 0.21826171875 0.0244140625 0.0615234375
10 0.380859375 0.3583984375 0.01953125 0.068359375
10 0.3125 0.3896484375 0.029296875 0.0703125
26 0.29931640625 0.5380859375 0.0234375 0.056640625
25 0.1826171875 0.244140625 0.0390625 0.046875
52 0.26025390625 0.33984375 0.015625 0.05859375
54 0.49462890625 0.703125 0.0224609375 0.0498046875
51 0.2578125 0.28515625 0.01953125 0.0556640625
48 0.17529296875 0.49853515625 0.02734375 0.0703125
48 0.23583984375 0.4599609375 0.03515625 0.060546875
51 0.5400390625 0.486328125 0.0234375 0.060546875
51 0.60791015625 0.51220703125 0.029296875 0.05859375
51 0.52197265625 0.65478515625 0.021484375 0.052734375
51 0.5869140625 0.68115234375 0.021484375 0.05859375
12 0.5419921875 0.41650390625 0.0205078125 0.052734375
12 0.6123046875 0.4296875 0.021484375 0.060546875
48 0.19970703125 0.6630859375 0.0234375 0.0703125
48 0.2666015625 0.6337890625 0.02734375 0.0673828125
40 0.4892578125 0.576171875 0.0234375 0.0576171875
40 0.4208984375 0.5546875 0.01953125 0.0615234375
40 0.40478515625 0.72412109375 0.01953125 0.0576171875
40 0.47314453125 0.74560546875 0.01953125 0.0556640625
11 0.314453125 0.56298828125 0.017578125 0.052734375
11 0.38037109375 0.58447265625 0.01953125 0.056640625
11 0.3642578125 0.75537109375 0.0205078125 0.052734375
11 0.29638671875 0.73291015625 0.0234375 0.06640625
8 0.1064453125 0.7919921875 0.0302734375 0.072265625
39 0.14599609375 0.7724609375 0.033203125 0.068359375
39 0.083984375 0.79833984375 0.0341796875 0.0751953125
29 0.0234375 0.84716796875 0.0390625 0.072265625