47 0.08740234375 0.7177734375 0.0498046875 0.013671875
47 0.083984375 0.78173828125 0.0537109375 0.013671875
47 0.2646484375 0.71923828125 0.0537109375 0.0126953125
47 0.2568359375 0.7890625 0.05078125 0.0107421875
9 0.23046875 0.56591796875 0.05078125 0.009765625
18 0.25244140625 0.6806640625 0.0498046875 0.015625
18 0.08447265625 0.6064453125 0.052734375 0.0126953125
18 0.076171875 0.67431640625 0.0478515625 0.013671875
9 0.05419921875 0.57080078125 0.056640625 0.01171875
9 0.22705078125 0.49853515625 0.05078125 0.01171875
18 0.26171875 0.6142578125 0.048828125 0.01171875
9 0.04638671875 0.501953125 0.052734375 0.0107421875
3 0.42626953125 0.51171875 0.0146484375 0.0283203125
3 0.3046875 0.5087890625 0.017578125 0.02734375
3 0.3115234375 0.41064453125 0.0185546875 0.029296875
3 0.43310546875 0.41064453125 0.0185546875 0.0302734375
25 0.59716796875 0.50439453125 0.0166015625 0.029296875
25 0.47314453125 0.505859375 0.0166015625 0.02734375
25 0.46826171875 0.40771484375 0.0185546875 0.02734375
25 0.5908203125 0.40673828125 0.0185546875 0.029296875
37 0.66650390625 0.50390625 0.0234375 0.025390625
37 0.62109375 0.40966796875 0.0224609375 0.029296875
37 0.7373046875 0.3916015625 0.0234375 0.0283203125
49 0.3603515625 0.81201171875 0.0244140625 0.0302734375
11 0.783203125 0.76171875 0.046875 0.0166015625
11 0.7412109375 0.69970703125 0.048828125 0.015625
36 0.89306640625 0.61572265625 0.046875 0.013671875
35 0.69287109375 0.89892578125 0.037109375 0.0263671875
35 0.6083984375 0.814453125 0.033203125 0.02734375
35 0.71435546875 0.78173828125 0.03515625 0.0234375
26 0.56494140625 0.89892578125 0.02734375 0.02734375
49 0.5009765625 0.90087890625 0.021484375 0.0283203125
27 0.4658203125 0.6142578125 0.27734375 0.09765625
37 0.783203125 0.48583984375 0.0263671875 0.02734375
1 0.6953125 0.58642578125 0.052734375 0.013671875
1 0.86865234375 0.5888671875 0.05078125 0.009765625
36 0.72265625 0.64013671875 0.044921875 0.013671875
35 0.79638671875 0.865234375 0.03125 0.0263671875
26 0.51416015625 0.80908203125 0.03125 0.0263671875
49 0.4814453125 0.80615234375 0.0224609375 0.02734375
33 0.587890625 0.7421875 0.0546875 0.013671875
33 0.57861328125 0.67431640625 0.0478515625 0.0107421875
33 0.4111328125 0.75 0.05078125 0.01171875
33 0.40234375 0.68212890625 0.05078125 0.013671875