28 0.37353515625 0.291015625 0.32421875 0.4638671875
27 0.4296875 0.869140625 0.2314453125 0.26171875
41 0.2705078125 0.10986328125 0.060546875 0.048828125
8 0.28857421875 0.498046875 0.052734375 0.0556640625
2 0.4296875 0.11669921875 0.0546875 0.0478515625
2 0.27197265625 0.1611328125 0.0546875 0.05859375
34 0.5107421875 0.44482421875 0.0537109375 0.041015625
13 0.28955078125 0.4072265625 0.0859375 0.07421875
13 0.40576171875 0.47705078125 0.0849609375 0.078125
13 0.44580078125 0.28759765625 0.0849609375 0.0859375
13 0.328125 0.2158203125 0.08203125 0.0859375