27 0.1474609375 0.36962890625 0.294921875 0.240234375
28 0.685546875 0.36376953125 0.4384765625 0.28125
22 0.7080078125 0.31201171875 0.0546875 0.05078125
22 0.53076171875 0.47900390625 0.0419921875 0.05078125
22 0.73193359375 0.470703125 0.0556640625 0.0546875
16 0.79296875 0.45751953125 0.060546875 0.056640625
16 0.765625 0.30078125 0.048828125 0.0546875
29 0.826171875 0.3056640625 0.0546875 0.052734375
41 0.85595703125 0.4287109375 0.04296875 0.052734375
41 0.8818359375 0.271484375 0.033203125 0.05078125
22 0.5087890625 0.322265625 0.0517578125 0.0537109375