27 0.48828125 0.44287109375 0.2744140625 0.1015625
11 0.5654296875 0.55419921875 0.052734375 0.017578125
21 0.38671875 0.56884765625 0.05078125 0.017578125
8 0.38623046875 0.61181640625 0.05078125 0.015625
5 0.6142578125 0.62353515625 0.0517578125 0.0166015625
17 0.54833984375 0.650390625 0.048828125 0.015625
17 0.39892578125 0.66015625 0.0498046875 0.015625
11 0.42236328125 0.583984375 0.0517578125 0.015625
8 0.43359375 0.6650390625 0.048828125 0.015625
8 0.51708984375 0.5703125 0.048828125 0.021484375
8 0.568359375 0.62548828125 0.044921875 0.017578125