28 0.54248046875 0.466796875 0.294921875 0.150390625
3 0.49462890625 0.548828125 0.0576171875 0.017578125
4 0.5341796875 0.52490234375 0.052734375 0.017578125
27 0.54736328125 0.61767578125 0.244140625 0.1005859375
22 0.61181640625 0.4033203125 0.052734375 0.021484375
3 0.64892578125 0.5361328125 0.05078125 0.017578125
10 0.46142578125 0.4345703125 0.052734375 0.013671875
10 0.615234375 0.42724609375 0.0546875 0.013671875
4 0.68359375 0.4951171875 0.0517578125 0.013671875
33 0.5390625 0.41845703125 0.048828125 0.01953125
4 0.64892578125 0.4365234375 0.0498046875 0.0146484375
33 0.47412109375 0.4716796875 0.044921875 0.021484375
33 0.60205078125 0.52099609375 0.046875 0.0224609375
33 0.66845703125 0.46875 0.048828125 0.021484375