27 0.5283203125 0.568359375 0.2392578125 0.0986328125
28 0.51171875 0.37841796875 0.2880859375 0.150390625
21 0.6171875 0.43115234375 0.046875 0.017578125
11 0.580078125 0.41650390625 0.046875 0.015625
11 0.44580078125 0.4482421875 0.044921875 0.01953125
15 0.42626953125 0.35107421875 0.048828125 0.021484375
15 0.462890625 0.408203125 0.046875 0.017578125
15 0.56689453125 0.3232421875 0.044921875 0.01953125
15 0.6025390625 0.37939453125 0.046875 0.015625
8 0.61865234375 0.39111328125 0.04296875 0.021484375
1 0.50146484375 0.41455078125 0.0390625 0.025390625
1 0.53466796875 0.3115234375 0.03515625 0.01953125
5 0.38623046875 0.3837890625 0.048828125 0.013671875