28 0.4921875 0.60986328125 0.30078125 0.1298828125
27 0.48828125 0.44287109375 0.2744140625 0.1015625
11 0.5654296875 0.55419921875 0.052734375 0.017578125
21 0.38671875 0.56884765625 0.05078125 0.017578125
8 0.38330078125 0.60986328125 0.0498046875 0.017578125
1 0.46630859375 0.6865234375 0.044921875 0.021484375
1 0.392578125 0.64111328125 0.0439453125 0.0224609375
11 0.42236328125 0.583984375 0.0517578125 0.015625
8 0.51708984375 0.5703125 0.048828125 0.021484375
1 0.57861328125 0.62939453125 0.044921875 0.017578125
1 0.5048828125 0.583984375 0.041015625 0.01953125