28 0.62255859375 0.505859375 0.1552734375 0.296875
11 0.55419921875 0.4345703125 0.017578125 0.052734375
21 0.56884765625 0.61328125 0.017578125 0.05078125
8 0.60986328125 0.61669921875 0.017578125 0.0498046875
1 0.6865234375 0.53369140625 0.021484375 0.044921875
15 0.62158203125 0.60400390625 0.017578125 0.0439453125
11 0.583984375 0.57763671875 0.015625 0.0517578125
8 0.5703125 0.48291015625 0.021484375 0.048828125
15 0.591796875 0.462890625 0.017578125 0.044921875
1 0.583984375 0.4951171875 0.01953125 0.041015625
15 0.64892578125 0.42822265625 0.0185546875 0.05078125
15 0.67724609375 0.56689453125 0.0185546875 0.046875
15 0.61572265625 0.38525390625 0.0146484375 0.052734375