28 0.7138671875 0.41357421875 0.505859375 0.3818359375
27 0.13623046875 0.44287109375 0.2724609375 0.236328125
44 0.78125 0.2841796875 0.072265625 0.0546875
43 0.48291015625 0.474609375 0.056640625 0.056640625
43 0.61328125 0.3369140625 0.05859375 0.05859375
2 0.92919921875 0.48291015625 0.05078125 0.05859375
25 0.6806640625 0.35693359375 0.0595703125 0.060546875
25 0.88818359375 0.384765625 0.0546875 0.0556640625
25 0.8115234375 0.5419921875 0.052734375 0.0546875
25 0.6142578125 0.51318359375 0.0625 0.05078125
21 0.56201171875 0.50537109375 0.07421875 0.0390625