28 0.708984375 0.37353515625 0.4638671875 0.32421875
27 0.130859375 0.4296875 0.26171875 0.23046875
41 0.89013671875 0.2705078125 0.048828125 0.060546875
8 0.501953125 0.28857421875 0.0556640625 0.052734375
2 0.88330078125 0.4296875 0.0478515625 0.0546875
2 0.8388671875 0.27197265625 0.05859375 0.0546875
34 0.55517578125 0.5107421875 0.041015625 0.0537109375
13 0.5927734375 0.28955078125 0.07421875 0.0859375
13 0.52294921875 0.40576171875 0.078125 0.0849609375
13 0.71240234375 0.44580078125 0.0859375 0.0849609375
13 0.7841796875 0.328125 0.0859375 0.08203125