28 0.466796875 0.45751953125 0.150390625 0.294921875
3 0.548828125 0.50537109375 0.017578125 0.0576171875
4 0.52490234375 0.4658203125 0.017578125 0.052734375
27 0.61767578125 0.45263671875 0.1005859375 0.244140625
22 0.4033203125 0.38818359375 0.021484375 0.052734375
3 0.5361328125 0.35107421875 0.017578125 0.05078125
10 0.4345703125 0.53857421875 0.013671875 0.052734375
10 0.42724609375 0.384765625 0.013671875 0.0546875
4 0.4951171875 0.31640625 0.013671875 0.0517578125
33 0.41845703125 0.4609375 0.01953125 0.048828125
4 0.4365234375 0.35107421875 0.0146484375 0.0498046875
33 0.4716796875 0.52587890625 0.021484375 0.044921875
33 0.52099609375 0.39794921875 0.0224609375 0.046875
33 0.46875 0.33154296875 0.021484375 0.048828125