28 0.5439453125 0.548828125 0.1357421875 0.2802734375
26 0.4931640625 0.44921875 0.013671875 0.0498046875
17 0.4814453125 0.48095703125 0.017578125 0.052734375
41 0.5009765625 0.50732421875 0.0146484375 0.048828125
27 0.37158203125 0.5498046875 0.0859375 0.224609375
30 0.5283203125 0.46728515625 0.013671875 0.060546875
36 0.5439453125 0.4619140625 0.015625 0.0498046875
37 0.50537109375 0.60546875 0.0234375 0.0546875
36 0.6025390625 0.47119140625 0.015625 0.052734375
13 0.6083984375 0.65185546875 0.029296875 0.0771484375
15 0.53125 0.52294921875 0.0205078125 0.0546875
15 0.59033203125 0.53271484375 0.0205078125 0.05859375
15 0.5830078125 0.6796875 0.013671875 0.052734375
15 0.5234375 0.67333984375 0.021484375 0.052734375