28 0.55126953125 0.4697265625 0.3359375 0.166015625
3 0.50390625 0.55078125 0.052734375 0.015625
3 0.6513671875 0.53515625 0.052734375 0.017578125
4 0.54052734375 0.52392578125 0.05078125 0.021484375
4 0.68701171875 0.49267578125 0.048828125 0.021484375
4 0.65283203125 0.4326171875 0.0498046875 0.021484375
33 0.5390625 0.4150390625 0.0458984375 0.0244140625
22 0.5927734375 0.40185546875 0.048828125 0.01953125
18 0.49462890625 0.435546875 0.0537109375 0.013671875
18 0.4814453125 0.4990234375 0.0517578125 0.015625
18 0.63671875 0.5107421875 0.0537109375 0.0166015625
18 0.650390625 0.44775390625 0.0517578125 0.015625
27 0.5478515625 0.61767578125 0.240234375 0.123046875