28 0.400390625 0.2646484375 0.35546875 0.462890625
27 0.44287109375 0.86376953125 0.236328125 0.2724609375
44 0.28564453125 0.2314453125 0.0546875 0.072265625
43 0.49462890625 0.50244140625 0.056640625 0.056640625
2 0.47607421875 0.048828125 0.05859375 0.05078125
43 0.34765625 0.3916015625 0.05859375 0.05859375
47 0.576171875 0.388671875 0.068359375 0.041015625
38 0.48583984375 0.376953125 0.048828125 0.05078125
38 0.34228515625 0.279296875 0.0546875 0.0576171875
38 0.37841796875 0.0830078125 0.05078125 0.06640625
38 0.529296875 0.181640625 0.048828125 0.05078125