28 0.60986328125 0.5078125 0.1298828125 0.30078125
27 0.44287109375 0.51171875 0.1015625 0.2744140625
11 0.55419921875 0.4345703125 0.017578125 0.052734375
21 0.56884765625 0.61328125 0.017578125 0.05078125
8 0.60986328125 0.61669921875 0.017578125 0.0498046875
1 0.6865234375 0.53369140625 0.021484375 0.044921875
1 0.64111328125 0.607421875 0.0224609375 0.0439453125
11 0.583984375 0.57763671875 0.015625 0.0517578125
8 0.5703125 0.48291015625 0.021484375 0.048828125
1 0.62939453125 0.42138671875 0.017578125 0.044921875
1 0.583984375 0.4951171875 0.01953125 0.041015625