27 0.55712890625 0.48828125 0.1015625 0.2744140625
11 0.44580078125 0.5654296875 0.017578125 0.052734375
21 0.43115234375 0.38671875 0.017578125 0.05078125
8 0.38818359375 0.38623046875 0.015625 0.05078125
5 0.37646484375 0.6142578125 0.0166015625 0.0517578125
17 0.349609375 0.54833984375 0.015625 0.048828125
17 0.33984375 0.39892578125 0.015625 0.0498046875
11 0.416015625 0.42236328125 0.015625 0.0517578125
8 0.3349609375 0.43359375 0.015625 0.048828125
8 0.4296875 0.51708984375 0.021484375 0.048828125
8 0.37451171875 0.568359375 0.017578125 0.044921875