28 0.4697265625 0.44873046875 0.166015625 0.3359375
3 0.55078125 0.49609375 0.015625 0.052734375
3 0.53515625 0.3486328125 0.017578125 0.052734375
4 0.52392578125 0.45947265625 0.021484375 0.05078125
4 0.49267578125 0.31298828125 0.021484375 0.048828125
4 0.4326171875 0.34716796875 0.021484375 0.0498046875
33 0.4150390625 0.4609375 0.0244140625 0.0458984375
22 0.40185546875 0.4072265625 0.01953125 0.048828125
18 0.435546875 0.50537109375 0.013671875 0.0537109375
18 0.4990234375 0.5185546875 0.015625 0.0517578125
18 0.5107421875 0.36328125 0.0166015625 0.0537109375
18 0.44775390625 0.349609375 0.015625 0.0517578125
27 0.61767578125 0.4521484375 0.123046875 0.240234375