27 0.3525390625 0.5361328125 0.0869140625 0.22265625
28 0.53759765625 0.54345703125 0.1337890625 0.318359375
35 0.47998046875 0.4970703125 0.015625 0.05078125
0 0.4912109375 0.4609375 0.015625 0.0517578125
7 0.48681640625 0.60546875 0.0185546875 0.048828125
5 0.50537109375 0.412109375 0.0166015625 0.046875
7 0.55126953125 0.61962890625 0.013671875 0.05078125
11 0.5849609375 0.6103515625 0.01953125 0.0498046875
5 0.568359375 0.41455078125 0.01171875 0.0498046875
5 0.56591796875 0.56884765625 0.013671875 0.052734375
5 0.50244140625 0.56591796875 0.015625 0.0537109375