28 0.41357421875 0.2861328125 0.3818359375 0.505859375
44 0.2841796875 0.21875 0.0546875 0.072265625
43 0.474609375 0.51708984375 0.056640625 0.056640625
2 0.48291015625 0.07080078125 0.05859375 0.05078125
14 0.36279296875 0.37744140625 0.052734375 0.048828125
14 0.52587890625 0.40673828125 0.0576171875 0.046875
24 0.3408203125 0.33251953125 0.05078125 0.052734375
24 0.5078125 0.1298828125 0.05859375 0.0498046875
24 0.505859375 0.34423828125 0.0517578125 0.05078125
24 0.34423828125 0.12548828125 0.0517578125 0.04296875
27 0.287109375 0.83837890625 0.232421875 0.2734375