28 0.54248046875 0.466796875 0.294921875 0.150390625
3 0.49365234375 0.53466796875 0.0576171875 0.017578125
7 0.529296875 0.5126953125 0.052734375 0.017578125
27 0.58154296875 0.6142578125 0.2236328125 0.091796875
22 0.61181640625 0.4033203125 0.052734375 0.021484375
3 0.64892578125 0.53564453125 0.05078125 0.017578125
10 0.51171875 0.41455078125 0.05859375 0.013671875
10 0.66015625 0.42529296875 0.0546875 0.013671875
7 0.6767578125 0.49755859375 0.0595703125 0.013671875
10 0.49365234375 0.47607421875 0.048828125 0.015625
10 0.6484375 0.48779296875 0.046875 0.0146484375