28 0.291015625 0.62646484375 0.4638671875 0.32421875
27 0.869140625 0.5703125 0.26171875 0.2314453125
41 0.10986328125 0.7294921875 0.048828125 0.060546875
8 0.498046875 0.71142578125 0.0556640625 0.052734375
2 0.11669921875 0.5703125 0.0478515625 0.0546875
2 0.1611328125 0.72802734375 0.05859375 0.0546875
34 0.44482421875 0.4892578125 0.041015625 0.0537109375
13 0.4072265625 0.71044921875 0.07421875 0.0859375
13 0.47705078125 0.59423828125 0.078125 0.0849609375
13 0.28759765625 0.55419921875 0.0859375 0.0849609375
13 0.2158203125 0.671875 0.0849609375 0.08203125