28 0.62646484375 0.708984375 0.32421875 0.4638671875
27 0.5703125 0.130859375 0.2314453125 0.26171875
41 0.7294921875 0.89013671875 0.060546875 0.0498046875
8 0.71142578125 0.501953125 0.052734375 0.0556640625
2 0.5703125 0.88330078125 0.0546875 0.0478515625
2 0.72802734375 0.8388671875 0.0546875 0.05859375
34 0.4892578125 0.55517578125 0.0537109375 0.041015625
13 0.71044921875 0.5927734375 0.0859375 0.07421875
13 0.59423828125 0.52294921875 0.0849609375 0.078125
13 0.55419921875 0.71240234375 0.0849609375 0.0859375
13 0.671875 0.7841796875 0.08203125 0.0859375