28 0.7353515625 0.400390625 0.462890625 0.35546875
27 0.13623046875 0.44287109375 0.2724609375 0.236328125
44 0.9365234375 0.341796875 0.05859375 0.060546875
43 0.49755859375 0.498046875 0.056640625 0.056640625
2 0.951171875 0.47607421875 0.05078125 0.05859375
44 0.751953125 0.2939453125 0.0810546875 0.0537109375
43 0.59619140625 0.35595703125 0.05859375 0.05859375
19 0.8740234375 0.36865234375 0.056640625 0.0595703125
47 0.84814453125 0.57861328125 0.05859375 0.0625
47 0.63720703125 0.58349609375 0.041015625 0.068359375
19 0.66455078125 0.35888671875 0.0546875 0.0576171875
19 0.646484375 0.5126953125 0.0478515625 0.056640625
19 0.84521484375 0.52587890625 0.05859375 0.05859375