27 0.3828125 0.55078125 0.1171875 0.2421875
28 0.5595703125 0.580078125 0.14453125 0.3349609375
4 0.548828125 0.72705078125 0.0205078125 0.044921875
25 0.6220703125 0.6513671875 0.017578125 0.060546875
25 0.6123046875 0.4970703125 0.017578125 0.05078125
25 0.548828125 0.51123046875 0.015625 0.052734375
25 0.560546875 0.6650390625 0.013671875 0.0546875
18 0.52978515625 0.64697265625 0.015625 0.0546875
18 0.52734375 0.4921875 0.015625 0.0595703125
4 0.513671875 0.58349609375 0.0205078125 0.048828125
3 0.49658203125 0.6513671875 0.017578125 0.0537109375