28 0.466796875 0.45751953125 0.150390625 0.294921875
3 0.53466796875 0.50634765625 0.017578125 0.0576171875
7 0.5126953125 0.470703125 0.017578125 0.052734375
27 0.6142578125 0.41845703125 0.091796875 0.2236328125
22 0.4033203125 0.38818359375 0.021484375 0.052734375
3 0.53564453125 0.35107421875 0.017578125 0.05078125
10 0.41455078125 0.48828125 0.013671875 0.05859375
10 0.42529296875 0.33984375 0.013671875 0.0546875
7 0.49755859375 0.3232421875 0.013671875 0.0595703125
10 0.47607421875 0.50634765625 0.015625 0.048828125
10 0.48779296875 0.3515625 0.0146484375 0.046875