28 0.701171875 0.3876953125 0.44921875 0.287109375
27 0.18896484375 0.28857421875 0.3505859375 0.244140625
2 0.92431640625 0.45849609375 0.0546875 0.05078125
24 0.8896484375 0.47119140625 0.0439453125 0.056640625
52 0.84228515625 0.47802734375 0.0546875 0.0625
52 0.64208984375 0.48876953125 0.0390625 0.05859375
52 0.8095703125 0.31884765625 0.044921875 0.056640625
35 0.72021484375 0.26416015625 0.0654296875 0.0546875
35 0.7802734375 0.42333984375 0.05859375 0.048828125
46 0.7294921875 0.41455078125 0.05859375 0.0576171875
46 0.52783203125 0.4423828125 0.046875 0.05859375
46 0.44970703125 0.28759765625 0.056640625 0.05859375
46 0.6533203125 0.25732421875 0.0556640625 0.0546875