28 0.37744140625 0.494140625 0.1552734375 0.296875
11 0.44580078125 0.5654296875 0.017578125 0.052734375
21 0.43115234375 0.38671875 0.017578125 0.05078125
8 0.39013671875 0.38330078125 0.017578125 0.0498046875
1 0.3134765625 0.46630859375 0.021484375 0.044921875
15 0.37841796875 0.39599609375 0.017578125 0.0439453125
11 0.416015625 0.42236328125 0.015625 0.0517578125
8 0.4296875 0.51708984375 0.021484375 0.048828125
15 0.408203125 0.537109375 0.017578125 0.044921875
1 0.416015625 0.5048828125 0.01953125 0.041015625
15 0.35107421875 0.57177734375 0.0185546875 0.05078125
15 0.32275390625 0.43310546875 0.0185546875 0.046875
15 0.38427734375 0.61474609375 0.0146484375 0.052734375