27 0.47509765625 0.3779296875 0.2236328125 0.087890625
28 0.43310546875 0.5380859375 0.2802734375 0.1025390625
35 0.50146484375 0.49365234375 0.048828125 0.01953125
0 0.373046875 0.5771484375 0.0498046875 0.0126953125
0 0.37451171875 0.515625 0.05078125 0.015625
0 0.52734375 0.515625 0.052734375 0.015625
0 0.5224609375 0.578125 0.056640625 0.015625
16 0.43896484375 0.74365234375 0.04296875 0.033203125
16 0.396484375 0.65478515625 0.0400390625 0.03515625
16 0.31005859375 0.7275390625 0.0341796875 0.0380859375
51 0.26708984375 0.7841796875 0.044921875 0.033203125
31 0.21044921875 0.88818359375 0.05859375 0.033203125