28 0.498046875 0.37744140625 0.296875 0.1123046875
30 0.43603515625 0.34228515625 0.044921875 0.017578125
16 0.5927734375 0.3291015625 0.046875 0.017578125
34 0.57080078125 0.42529296875 0.05078125 0.015625
27 0.5361328125 0.6201171875 0.248046875 0.0966796875
30 0.568359375 0.41259765625 0.0556640625 0.015625
30 0.5869140625 0.35205078125 0.0498046875 0.015625
13 0.5126953125 0.3466796875 0.0771484375 0.0263671875
13 0.41015625 0.37109375 0.080078125 0.0263671875
13 0.45068359375 0.42626953125 0.0791015625 0.0263671875
13 0.55517578125 0.39990234375 0.07421875 0.025390625