28 0.58642578125 0.7138671875 0.3818359375 0.505859375
27 0.55712890625 0.13623046875 0.236328125 0.2724609375
44 0.7158203125 0.78125 0.0546875 0.072265625
43 0.525390625 0.48291015625 0.056640625 0.056640625
43 0.6630859375 0.61328125 0.05859375 0.05859375
2 0.51708984375 0.92919921875 0.05859375 0.05078125
25 0.64306640625 0.6806640625 0.060546875 0.0595703125
25 0.615234375 0.88818359375 0.0556640625 0.0556640625
25 0.4580078125 0.8115234375 0.0546875 0.052734375
25 0.48681640625 0.6142578125 0.05078125 0.0625
21 0.49462890625 0.56201171875 0.0390625 0.07421875