28 0.533203125 0.54248046875 0.150390625 0.294921875
3 0.451171875 0.49462890625 0.017578125 0.0576171875
4 0.47509765625 0.5341796875 0.017578125 0.052734375
27 0.38232421875 0.54736328125 0.1005859375 0.244140625
22 0.5966796875 0.61181640625 0.021484375 0.052734375
3 0.4638671875 0.64892578125 0.017578125 0.05078125
10 0.5654296875 0.46142578125 0.013671875 0.052734375
10 0.57275390625 0.615234375 0.013671875 0.0546875
4 0.5048828125 0.68359375 0.013671875 0.0517578125
33 0.58154296875 0.5390625 0.01953125 0.048828125
4 0.5634765625 0.64892578125 0.0146484375 0.0498046875
33 0.5283203125 0.47412109375 0.021484375 0.044921875
33 0.47900390625 0.60205078125 0.0224609375 0.046875
33 0.53125 0.66845703125 0.021484375 0.048828125