28 0.37353515625 0.291015625 0.32421875 0.4638671875
27 0.4296875 0.869140625 0.2314453125 0.26171875
41 0.2705078125 0.10986328125 0.060546875 0.048828125
8 0.28857421875 0.498046875 0.052734375 0.0556640625
2 0.4296875 0.11669921875 0.0546875 0.0478515625
2 0.27197265625 0.1611328125 0.0546875 0.05859375
34 0.5107421875 0.44482421875 0.0537109375 0.041015625
44 0.326171875 0.18212890625 0.05859375 0.072265625
44 0.271484375 0.3603515625 0.052734375 0.0615234375
44 0.41650390625 0.48828125 0.0546875 0.072265625
44 0.46484375 0.3056640625 0.0576171875 0.0791015625