27 0.4169921875 0.4814453125 0.09375 0.23046875
28 0.56005859375 0.5224609375 0.109375 0.240234375
47 0.6064453125 0.5791015625 0.015625 0.0546875
42 0.54150390625 0.44189453125 0.0185546875 0.0546875
42 0.5771484375 0.611328125 0.021484375 0.0625
42 0.51708984375 0.5830078125 0.01953125 0.056640625
22 0.54443359375 0.25244140625 0.0205078125 0.068359375
22 0.4697265625 0.2578125 0.021484375 0.0634765625
22 0.46630859375 0.04931640625 0.021484375 0.0771484375
34 0.60888671875 0.19921875 0.017578125 0.0703125
42 0.599609375 0.4697265625 0.017578125 0.05078125