27 0.63037109375 0.1474609375 0.240234375 0.294921875
28 0.63623046875 0.685546875 0.28125 0.4384765625
22 0.68798828125 0.7080078125 0.05078125 0.0546875
22 0.52099609375 0.53076171875 0.05078125 0.0419921875
22 0.529296875 0.73193359375 0.0546875 0.0556640625
16 0.54248046875 0.79296875 0.056640625 0.060546875
16 0.69921875 0.765625 0.0546875 0.048828125
29 0.6943359375 0.826171875 0.052734375 0.0546875
41 0.5712890625 0.85595703125 0.052734375 0.04296875
41 0.728515625 0.8818359375 0.05078125 0.033203125
22 0.677734375 0.5087890625 0.0537109375 0.0517578125