8 0.35205078125 0.71875 0.046875 0.009765625
8 0.3486328125 0.76953125 0.04296875 0.009765625
50 0.4013671875 0.724609375 0.0419921875 0.0087890625
50 0.39697265625 0.77587890625 0.0419921875 0.009765625
25 0.447265625 0.72705078125 0.04296875 0.0087890625
25 0.44287109375 0.77685546875 0.0390625 0.0087890625
25 0.5654296875 0.7822265625 0.04296875 0.0078125
25 0.56884765625 0.73095703125 0.0400390625 0.0087890625
35 0.5712890625 0.62353515625 0.0419921875 0.009765625
35 0.56396484375 0.673828125 0.0400390625 0.0078125
35 0.43994140625 0.6669921875 0.041015625 0.0078125
35 0.44970703125 0.6171875 0.0400390625 0.0078125
22 0.39990234375 0.6181640625 0.0400390625 0.0078125
22 0.3916015625 0.6669921875 0.0390625 0.0087890625
11 0.3427734375 0.66015625 0.041015625 0.0068359375
11 0.35498046875 0.611328125 0.0390625 0.0078125
7 0.5732421875 0.56982421875 0.0390625 0.0078125
7 0.583984375 0.5205078125 0.041015625 0.0087890625
7 0.46533203125 0.5126953125 0.0380859375 0.0078125
7 0.45361328125 0.56103515625 0.0390625 0.0078125
38 0.412109375 0.5048828125 0.0390625 0.0078125
38 0.40234375 0.55322265625 0.0390625 0.0078125
29 0.36328125 0.50244140625 0.041015625 0.0078125
29 0.35302734375 0.5517578125 0.041015625 0.0078125