28 0.880859375 0.365234375 0.076171875 0.189453125
28 0.87353515625 0.81298828125 0.0771484375 0.189453125
9 0.8603515625 0.29931640625 0.0078125 0.037109375
9 0.9111328125 0.3076171875 0.0078125 0.0380859375
9 0.90380859375 0.42919921875 0.0078125 0.04296875
9 0.8525390625 0.419921875 0.0078125 0.041015625
13 0.83935546875 0.5634765625 0.005859375 0.0654296875
4 0.84375 0.75 0.0078125 0.041015625
4 0.89501953125 0.74169921875 0.009765625 0.0390625
4 0.900390625 0.86376953125 0.0078125 0.0390625
4 0.8505859375 0.873046875 0.0078125 0.041015625
7 0.13623046875 0.67626953125 0.0078125 0.04296875
7 0.18310546875 0.69873046875 0.009765625 0.041015625
7 0.12109375 0.79248046875 0.01171875 0.04296875
7 0.16845703125 0.8134765625 0.009765625 0.04296875
38 0.22265625 0.697265625 0.0068359375 0.0478515625
38 0.27001953125 0.70947265625 0.009765625 0.04296875
38 0.21240234375 0.8115234375 0.0078125 0.0400390625
38 0.259765625 0.82568359375 0.0068359375 0.0390625
8 0.29541015625 0.71337890625 0.0087890625 0.04296875
8 0.34423828125 0.72802734375 0.005859375 0.04296875
8 0.33349609375 0.845703125 0.009765625 0.0390625
8 0.28564453125 0.83154296875 0.0078125 0.0390625
29 0.36767578125 0.72412109375 0.005859375 0.0390625
29 0.416015625 0.7236328125 0.0078125 0.0419921875
29 0.41552734375 0.8447265625 0.0078125 0.0400390625
29 0.3671875 0.84326171875 0.0078125 0.04296875
35 0.43994140625 0.720703125 0.0068359375 0.0390625
35 0.48876953125 0.7236328125 0.0078125 0.0390625
35 0.48681640625 0.84521484375 0.0078125 0.041015625
35 0.43798828125 0.84130859375 0.0078125 0.04296875
50 0.5205078125 0.72314453125 0.0078125 0.041015625
50 0.56982421875 0.7265625 0.0078125 0.04296875
50 0.568359375 0.84619140625 0.0078125 0.0419921875
50 0.5185546875 0.841796875 0.009765625 0.0419921875
22 0.5947265625 0.73876953125 0.0068359375 0.0419921875
22 0.64404296875 0.7470703125 0.005859375 0.041015625
22 0.63818359375 0.86669921875 0.0078125 0.0390625
22 0.5888671875 0.857421875 0.0087890625 0.0390625
28 0.8642578125 0.58837890625 0.0712890625 0.1943359375
25 0.66259765625 0.74755859375 0.009765625 0.0400390625
25 0.712890625 0.75439453125 0.0078125 0.04296875
25 0.70654296875 0.87548828125 0.0087890625 0.041015625
25 0.6572265625 0.86572265625 0.009765625 0.04296875
11 0.73974609375 0.75 0.009765625 0.041015625
11 0.7900390625 0.75048828125 0.009765625 0.0439453125
11 0.7900390625 0.873046875 0.0087890625 0.0419921875
11 0.740234375 0.87255859375 0.009765625 0.041015625
28 0.76318359375 0.37109375 0.0703125 0.1953125
1 0.73583984375 0.30712890625 0.009765625 0.041015625
1 0.7861328125 0.3037109375 0.009765625 0.0439453125
1 0.78955078125 0.42578125 0.0078125 0.046875
1 0.73876953125 0.43017578125 0.009765625 0.0400390625
28 0.767578125 0.59228515625 0.076171875 0.1875
49 0.74072265625 0.5341796875 0.009765625 0.044921875
49 0.79248046875 0.52734375 0.0087890625 0.0419921875
49 0.796875 0.64990234375 0.0087890625 0.041015625
49 0.74609375 0.654296875 0.009765625 0.041015625