8 0.35205078125 0.71875 0.046875 0.009765625
8 0.3486328125 0.76953125 0.04296875 0.009765625
50 0.4013671875 0.724609375 0.0419921875 0.0087890625
50 0.39697265625 0.77587890625 0.0419921875 0.009765625
25 0.447265625 0.72705078125 0.04296875 0.0087890625
25 0.44287109375 0.77685546875 0.0390625 0.0087890625
25 0.5654296875 0.7822265625 0.04296875 0.0078125
25 0.56884765625 0.73095703125 0.0400390625 0.0087890625
35 0.5712890625 0.62353515625 0.0419921875 0.009765625
35 0.56396484375 0.673828125 0.0400390625 0.0078125
35 0.43994140625 0.6669921875 0.041015625 0.0078125
35 0.44970703125 0.6171875 0.0400390625 0.0078125
22 0.39990234375 0.6181640625 0.0400390625 0.0078125
22 0.3916015625 0.6669921875 0.0390625 0.0087890625
11 0.3427734375 0.66015625 0.041015625 0.0068359375
11 0.35498046875 0.611328125 0.0390625 0.0078125
7 0.5732421875 0.56982421875 0.0390625 0.0078125
7 0.583984375 0.5205078125 0.041015625 0.0087890625
7 0.46533203125 0.5126953125 0.0380859375 0.0078125
7 0.45361328125 0.56103515625 0.0390625 0.0078125
38 0.412109375 0.5048828125 0.0390625 0.0078125
38 0.40234375 0.55322265625 0.0390625 0.0078125
29 0.36328125 0.50244140625 0.041015625 0.0078125
29 0.35302734375 0.5517578125 0.041015625 0.0078125
23 0.5869140625 0.412109375 0.04296875 0.009765625
23 0.58056640625 0.46142578125 0.0400390625 0.0078125
23 0.46337890625 0.45654296875 0.0390625 0.0087890625
23 0.47021484375 0.408203125 0.0380859375 0.0078125
19 0.4189453125 0.40771484375 0.0400390625 0.0087890625
19 0.41259765625 0.45703125 0.0400390625 0.0078125
4 0.3720703125 0.4013671875 0.0390625 0.0078125
4 0.3623046875 0.44970703125 0.0390625 0.0087890625
26 0.61962890625 0.32177734375 0.0390625 0.0078125
26 0.60791015625 0.37109375 0.0390625 0.0078125
26 0.5009765625 0.31396484375 0.037109375 0.009765625
26 0.49072265625 0.36279296875 0.0400390625 0.0087890625
39 0.44384765625 0.310546875 0.0390625 0.0078125
39 0.43505859375 0.35986328125 0.0390625 0.0068359375
42 0.3896484375 0.3056640625 0.0390625 0.0078125
42 0.38134765625 0.35498046875 0.041015625 0.0078125
30 0.62451171875 0.20361328125 0.041015625 0.0087890625
30 0.62353515625 0.25244140625 0.037109375 0.0078125
30 0.5 0.2529296875 0.0390625 0.0078125
30 0.5009765625 0.20361328125 0.0390625 0.0078125
16 0.4560546875 0.205078125 0.0380859375 0.0087890625
16 0.45654296875 0.2529296875 0.041015625 0.0078125
52 0.408203125 0.25341796875 0.04296875 0.0078125
52 0.40869140625 0.2041015625 0.04296875 0.005859375
13 0.58447265625 0.11279296875 0.0693359375 0.0078125
2 0.458984375 0.1162109375 0.041015625 0.0078125
2 0.458984375 0.1640625 0.0390625 0.0078125
54 0.40625 0.16552734375 0.0390625 0.0087890625
54 0.4052734375 0.11767578125 0.0390625 0.0078125
37 0.63720703125 0.7900390625 0.041015625 0.009765625
37 0.64013671875 0.73876953125 0.0390625 0.0068359375
44 0.6826171875 0.7451171875 0.0458984375 0.0087890625
44 0.6826171875 0.79638671875 0.04296875 0.0087890625
20 0.732421875 0.74609375 0.0419921875 0.009765625
20 0.73291015625 0.79638671875 0.04296875 0.0087890625
20 0.85693359375 0.79638671875 0.0419921875 0.0087890625
20 0.85498046875 0.7451171875 0.04296875 0.0087890625
15 0.6630859375 0.6796875 0.041015625 0.0087890625
15 0.67626953125 0.6298828125 0.041015625 0.009765625
21 0.7197265625 0.63720703125 0.04296875 0.009765625
21 0.70849609375 0.6865234375 0.041015625 0.0078125
46 0.75146484375 0.6884765625 0.04296875 0.0107421875
46 0.76953125 0.63916015625 0.041015625 0.0107421875
46 0.89208984375 0.65625 0.04296875 0.009765625
46 0.87158203125 0.7060546875 0.041015625 0.01171875
31 0.66748046875 0.54052734375 0.0419921875 0.009765625
31 0.65771484375 0.5908203125 0.04296875 0.0068359375
33 0.7236328125 0.5439453125 0.0390625 0.0078125
33 0.70654296875 0.59228515625 0.0390625 0.009765625
32 0.7734375 0.54638671875 0.0390625 0.0078125
32 0.7548828125 0.59521484375 0.0390625 0.0087890625
32 0.89599609375 0.56103515625 0.0380859375 0.0078125
32 0.8779296875 0.6103515625 0.0390625 0.009765625
43 0.89599609375 0.44482421875 0.04296875 0.0107421875
43 0.8759765625 0.49365234375 0.041015625 0.01171875
43 0.77490234375 0.4296875 0.0390625 0.009765625
43 0.75390625 0.478515625 0.0390625 0.009765625
49 0.73095703125 0.42431640625 0.037109375 0.009765625
49 0.7099609375 0.47216796875 0.037109375 0.0107421875
14 0.67333984375 0.42626953125 0.037109375 0.009765625
14 0.662109375 0.474609375 0.0390625 0.009765625