0 0.83935546875 0.7998046875 0.01171875 0.05078125
0 0.7802734375 0.79638671875 0.0107421875 0.048828125
0 0.77978515625 0.64892578125 0.013671875 0.05078125
0 0.83837890625 0.6533203125 0.009765625 0.046875
24 0.8525390625 0.6572265625 0.01171875 0.048828125
28 0.81298828125 0.71630859375 0.1015625 0.232421875
27 0.81298828125 0.470703125 0.0947265625 0.2216796875
43 0.7333984375 0.52685546875 0.01171875 0.048828125
43 0.73291015625 0.38720703125 0.0107421875 0.048828125
43 0.67529296875 0.52587890625 0.01171875 0.05078125
43 0.67431640625 0.3876953125 0.0126953125 0.048828125
54 0.62939453125 0.529296875 0.0107421875 0.05078125
54 0.6357421875 0.390625 0.009765625 0.044921875
54 0.572265625 0.51806640625 0.0078125 0.046875
54 0.57861328125 0.38232421875 0.0078125 0.0458984375
17 0.533203125 0.51513671875 0.009765625 0.046875
17 0.5400390625 0.38037109375 0.0087890625 0.0439453125
17 0.47607421875 0.5078125 0.009765625 0.044921875
17 0.48388671875 0.36962890625 0.0078125 0.0458984375
34 0.42626953125 0.5146484375 0.01171875 0.048828125
34 0.419921875 0.37548828125 0.01171875 0.048828125
34 0.369140625 0.5263671875 0.009765625 0.0458984375
34 0.3623046875 0.3876953125 0.01171875 0.046875
9 0.298828125 0.5322265625 0.01171875 0.046875
9 0.29345703125 0.3896484375 0.0126953125 0.046875
9 0.2353515625 0.40087890625 0.0146484375 0.048828125
9 0.240234375 0.541015625 0.01171875 0.046875
28 0.26904296875 0.45703125 0.1005859375 0.2265625
27 0.1591796875 0.47314453125 0.0869140625 0.212890625