32 0.7685546875 0.943359375 0.0390625 0.0078125
32 0.7705078125 0.89111328125 0.03515625 0.0068359375
32 0.8994140625 0.93994140625 0.03515625 0.0078125
32 0.900390625 0.888671875 0.03515625 0.0078125
16 0.7744140625 0.85693359375 0.037109375 0.0078125
16 0.900390625 0.85888671875 0.033203125 0.0078125
16 0.77978515625 0.8046875 0.037109375 0.0068359375
16 0.908203125 0.80712890625 0.0400390625 0.0078125
38 0.77490234375 0.76904296875 0.0380859375 0.005859375
38 0.78076171875 0.71630859375 0.041015625 0.005859375
38 0.904296875 0.7705078125 0.033203125 0.005859375
38 0.9091796875 0.71826171875 0.037109375 0.0078125
9 0.78125 0.6767578125 0.041015625 0.0078125
9 0.787109375 0.625 0.037109375 0.0078125
9 0.91015625 0.68017578125 0.0322265625 0.0068359375
9 0.916015625 0.62841796875 0.03515625 0.0068359375
23 0.79052734375 0.59765625 0.0390625 0.0087890625
23 0.791015625 0.5458984375 0.037109375 0.0078125
23 0.91796875 0.59814453125 0.03515625 0.0087890625
23 0.91845703125 0.546875 0.0361328125 0.009765625
1 0.783203125 0.51708984375 0.037109375 0.0087890625
1 0.78857421875 0.46484375 0.037109375 0.0078125
1 0.91259765625 0.52099609375 0.037109375 0.0078125
1 0.91943359375 0.4697265625 0.03515625 0.0078125
43 0.794921875 0.431640625 0.041015625 0.009765625
43 0.79833984375 0.37890625 0.041015625 0.0078125
43 0.9228515625 0.4345703125 0.037109375 0.009765625
43 0.9267578125 0.3818359375 0.03515625 0.009765625
26 0.7939453125 0.34619140625 0.0419921875 0.0078125
26 0.80126953125 0.29345703125 0.037109375 0.009765625
26 0.9208984375 0.35205078125 0.0380859375 0.009765625
26 0.92724609375 0.2998046875 0.03515625 0.0078125
52 0.7919921875 0.25732421875 0.0380859375 0.009765625
52 0.79248046875 0.203125 0.0390625 0.0078125
52 0.92236328125 0.259765625 0.037109375 0.0078125
52 0.9208984375 0.20654296875 0.03515625 0.0078125
10 0.78369140625 0.1767578125 0.0361328125 0.0087890625
10 0.7861328125 0.1220703125 0.037109375 0.0078125
10 0.916015625 0.1796875 0.0361328125 0.0078125
10 0.9169921875 0.1259765625 0.0361328125 0.0078125
2 0.783203125 0.08935546875 0.03515625 0.0078125
2 0.78173828125 0.03759765625 0.037109375 0.0087890625
2 0.91357421875 0.09326171875 0.037109375 0.009765625
2 0.91259765625 0.04248046875 0.03515625 0.0087890625
38 0.54150390625 0.9482421875 0.0390625 0.0087890625
38 0.54345703125 0.8955078125 0.03515625 0.0078125
38 0.6845703125 0.94482421875 0.03515625 0.0107421875
38 0.6865234375 0.8916015625 0.03515625 0.0068359375
13 0.57421875 0.85888671875 0.0751953125 0.009765625
13 0.6796875 0.79931640625 0.0712890625 0.009765625
35 0.5615234375 0.771484375 0.0390625 0.009765625
35 0.5654296875 0.7177734375 0.0390625 0.0087890625
35 0.69580078125 0.77099609375 0.0390625 0.0078125
35 0.69873046875 0.7177734375 0.0390625 0.0078125
12 0.56884765625 0.673828125 0.0400390625 0.0078125
12 0.5810546875 0.62109375 0.037109375 0.0078125
12 0.7021484375 0.681640625 0.0361328125 0.009765625
12 0.7119140625 0.62841796875 0.0390625 0.0087890625
22 0.5615234375 0.58984375 0.0400390625 0.009765625
22 0.57275390625 0.537109375 0.037109375 0.009765625
22 0.69140625 0.5966796875 0.0390625 0.0087890625
22 0.70068359375 0.5439453125 0.037109375 0.009765625
15 0.57568359375 0.51708984375 0.037109375 0.0078125
15 0.57275390625 0.46435546875 0.0400390625 0.009765625
15 0.703125 0.4619140625 0.0400390625 0.0078125
15 0.7080078125 0.51416015625 0.03515625 0.0107421875
30 0.56787109375 0.42333984375 0.0390625 0.005859375
30 0.57373046875 0.37060546875 0.0390625 0.0078125
30 0.69775390625 0.4306640625 0.0361328125 0.0078125
30 0.7080078125 0.37841796875 0.0380859375 0.0078125
37 0.57080078125 0.34130859375 0.0390625 0.0087890625
37 0.5732421875 0.287109375 0.037109375 0.0078125
37 0.703125 0.34521484375 0.03515625 0.0078125
37 0.7080078125 0.2919921875 0.03515625 0.0068359375
8 0.5869140625 0.255859375 0.0390625 0.0078125
8 0.59130859375 0.2021484375 0.037109375 0.0078125
8 0.7197265625 0.26220703125 0.033203125 0.0078125
8 0.7255859375 0.20849609375 0.033203125 0.0078125
54 0.58154296875 0.1767578125 0.0390625 0.0078125
54 0.57958984375 0.1220703125 0.0390625 0.0068359375
54 0.71337890625 0.17822265625 0.03515625 0.0068359375
54 0.71240234375 0.1240234375 0.037109375 0.0078125
51 0.5712890625 0.08349609375 0.0390625 0.0078125
51 0.70263671875 0.0810546875 0.037109375 0.0078125
51 0.6953125 0.0283203125 0.0390625 0.009765625
51 0.56298828125 0.02978515625 0.04296875 0.0087890625
27 0.1689453125 0.0576171875 0.22265625 0.0791015625
24 0.0537109375 0.93505859375 0.04296875 0.0078125
24 0.0732421875 0.88037109375 0.041015625 0.009765625
24 0.21337890625 0.890625 0.0390625 0.0087890625
24 0.19580078125 0.94482421875 0.041015625 0.009765625
40 0.072265625 0.8486328125 0.04296875 0.0087890625
40 0.08984375 0.79345703125 0.04296875 0.009765625
40 0.2109375 0.86181640625 0.04296875 0.0087890625
40 0.22998046875 0.80615234375 0.041015625 0.0087890625
13 0.10205078125 0.77197265625 0.076171875 0.009765625
13 0.2294921875 0.71923828125 0.076171875 0.009765625
48 0.0986328125 0.685546875 0.0390625 0.009765625
48 0.099609375 0.6298828125 0.0419921875 0.0087890625
48 0.24169921875 0.68359375 0.0400390625 0.009765625
48 0.24267578125 0.62890625 0.0400390625 0.0087890625
49 0.1083984375 0.6044921875 0.044921875 0.0087890625
49 0.1142578125 0.54931640625 0.04296875 0.009765625
49 0.248046875 0.60693359375 0.041015625 0.009765625
49 0.25537109375 0.552734375 0.0419921875 0.0087890625
19 0.1142578125 0.51611328125 0.04296875 0.009765625
19 0.255859375 0.5205078125 0.0419921875 0.009765625
19 0.11865234375 0.4609375 0.04296875 0.009765625
19 0.26123046875 0.4658203125 0.0439453125 0.0107421875
39 0.1162109375 0.43017578125 0.041015625 0.009765625
39 0.115234375 0.3720703125 0.041015625 0.005859375
39 0.259765625 0.373046875 0.0380859375 0.0068359375
39 0.25732421875 0.43115234375 0.0390625 0.0078125
11 0.11376953125 0.34375 0.0380859375 0.0078125
11 0.11328125 0.28759765625 0.0400390625 0.0078125
11 0.259765625 0.28955078125 0.0361328125 0.0078125
11 0.2607421875 0.345703125 0.0390625 0.0078125
14 0.125 0.25732421875 0.0439453125 0.009765625
14 0.119140625 0.20166015625 0.0390625 0.009765625
14 0.26708984375 0.25439453125 0.0400390625 0.0087890625
14 0.259765625 0.19873046875 0.04296875 0.01171875
3 0.1083984375 0.1748046875 0.0390625 0.0078125
3 0.10400390625 0.119140625 0.0390625 0.0078125
3 0.25244140625 0.17578125 0.0390625 0.0078125
3 0.2490234375 0.12109375 0.0361328125 0.009765625
27 0.41455078125 0.0556640625 0.2197265625 0.083984375
18 0.35400390625 0.17919921875 0.0390625 0.009765625
18 0.34716796875 0.12353515625 0.0400390625 0.009765625
18 0.4833984375 0.1240234375 0.041015625 0.009765625
18 0.48974609375 0.177734375 0.041015625 0.01171875