13 0.91162109375 0.19189453125 0.0078125 0.080078125
12 0.8994140625 0.35009765625 0.0087890625 0.0498046875
12 0.9560546875 0.35986328125 0.01171875 0.048828125
48 0.89306640625 0.41650390625 0.009765625 0.05078125
48 0.951171875 0.42822265625 0.009765625 0.05078125
45 0.796875 0.15234375 0.009765625 0.048828125
45 0.857421875 0.14599609375 0.009765625 0.048828125
45 0.857421875 0.2919921875 0.009765625 0.0478515625
45 0.7978515625 0.298828125 0.0078125 0.0478515625
36 0.796875 0.36376953125 0.009765625 0.05078125
36 0.8564453125 0.365234375 0.0087890625 0.0478515625
1 0.79736328125 0.43115234375 0.01171875 0.046875
1 0.85546875 0.43603515625 0.009765625 0.0478515625