5 0.28369140625 0.94873046875 0.041015625 0.009765625
5 0.45361328125 0.90087890625 0.0390625 0.009765625
21 0.34326171875 0.82958984375 0.04296875 0.0087890625
21 0.50439453125 0.7763671875 0.041015625 0.009765625
0 0.3623046875 0.74462890625 0.041015625 0.0078125
0 0.5185546875 0.68603515625 0.0390625 0.009765625
9 0.39599609375 0.6416015625 0.041015625 0.0078125
9 0.54248046875 0.578125 0.041015625 0.0087890625
23 0.4111328125 0.537109375 0.04296875 0.0078125
23 0.55029296875 0.47265625 0.041015625 0.009765625
3 0.431640625 0.42333984375 0.0439453125 0.0078125
3 0.5712890625 0.3564453125 0.041015625 0.0078125
30 0.4384765625 0.31982421875 0.04296875 0.0078125
30 0.568359375 0.2490234375 0.041015625 0.009765625
13 0.42578125 0.20703125 0.01953125 0.009765625
13 0.4169921875 0.150390625 0.01953125 0.0107421875
13 0.580078125 0.20166015625 0.01953125 0.0107421875
13 0.572265625 0.14599609375 0.0205078125 0.01171875
42 0.42431640625 0.111328125 0.04296875 0.01171875
42 0.53759765625 0.0341796875 0.0419921875 0.01171875
12 0.53125 0.95849609375 0.041015625 0.0078125
12 0.68994140625 0.9033203125 0.0380859375 0.0078125
52 0.5693359375 0.84912109375 0.044921875 0.0078125
52 0.72705078125 0.79736328125 0.037109375 0.0087890625
22 0.623046875 0.751953125 0.04296875 0.009765625
22 0.76806640625 0.69287109375 0.0390625 0.0078125
38 0.63037109375 0.638671875 0.0390625 0.005859375
38 0.77099609375 0.576171875 0.041015625 0.005859375
45 0.64111328125 0.5263671875 0.04296875 0.0078125
45 0.78466796875 0.46875 0.04296875 0.0087890625
33 0.6611328125 0.42626953125 0.0419921875 0.0078125
33 0.798828125 0.36376953125 0.041015625 0.0078125
35 0.69873046875 0.31005859375 0.041015625 0.009765625
35 0.814453125 0.23486328125 0.041015625 0.0087890625
13 0.67919921875 0.21044921875 0.01953125 0.0107421875
13 0.67529296875 0.1552734375 0.0185546875 0.009765625
13 0.82763671875 0.21044921875 0.01953125 0.009765625
13 0.82421875 0.15673828125 0.021484375 0.01171875
44 0.65234375 0.1171875 0.044921875 0.009765625
44 0.77734375 0.048828125 0.044921875 0.0087890625
27 0.22314453125 0.07763671875 0.2265625 0.0927734375