32 0.2314453125 0.056640625 0.0390625 0.0078125
32 0.2294921875 0.10888671875 0.03515625 0.0068359375
32 0.1005859375 0.06005859375 0.03515625 0.0078125
32 0.099609375 0.111328125 0.03515625 0.0078125
16 0.2255859375 0.14306640625 0.037109375 0.0078125
16 0.099609375 0.14111328125 0.033203125 0.0078125
16 0.22021484375 0.1953125 0.037109375 0.0068359375
16 0.091796875 0.19287109375 0.0400390625 0.0078125
38 0.22509765625 0.23095703125 0.0380859375 0.005859375
38 0.21923828125 0.28369140625 0.041015625 0.005859375
38 0.095703125 0.2294921875 0.033203125 0.005859375
38 0.0908203125 0.28173828125 0.037109375 0.0078125
9 0.21875 0.3232421875 0.041015625 0.0078125
9 0.212890625 0.375 0.037109375 0.0078125
9 0.08984375 0.31982421875 0.0322265625 0.0068359375
9 0.083984375 0.37158203125 0.03515625 0.0068359375
23 0.20947265625 0.40234375 0.0390625 0.0087890625
23 0.208984375 0.4541015625 0.037109375 0.0078125
23 0.08203125 0.40185546875 0.03515625 0.0087890625
23 0.08154296875 0.453125 0.0361328125 0.009765625
1 0.216796875 0.48291015625 0.037109375 0.0087890625
1 0.21142578125 0.53515625 0.037109375 0.0078125
1 0.08740234375 0.47900390625 0.037109375 0.0078125
1 0.08056640625 0.5302734375 0.03515625 0.0078125
43 0.205078125 0.568359375 0.041015625 0.009765625
43 0.20166015625 0.62109375 0.041015625 0.0078125
43 0.0771484375 0.5654296875 0.037109375 0.009765625
43 0.0732421875 0.6181640625 0.03515625 0.009765625
26 0.2060546875 0.65380859375 0.0419921875 0.0078125
26 0.19873046875 0.70654296875 0.037109375 0.009765625
26 0.0791015625 0.64794921875 0.0380859375 0.009765625
26 0.07275390625 0.7001953125 0.03515625 0.0078125
52 0.2080078125 0.74267578125 0.0380859375 0.009765625
52 0.20751953125 0.796875 0.0390625 0.0078125
52 0.07763671875 0.740234375 0.037109375 0.0078125
52 0.0791015625 0.79345703125 0.03515625 0.0078125
10 0.21630859375 0.8232421875 0.0361328125 0.0087890625
10 0.2138671875 0.8779296875 0.037109375 0.0087890625
10 0.083984375 0.8203125 0.0361328125 0.0078125
10 0.0830078125 0.8740234375 0.0361328125 0.0078125
2 0.216796875 0.91064453125 0.03515625 0.0078125
2 0.21826171875 0.96240234375 0.037109375 0.0087890625
2 0.08642578125 0.90673828125 0.037109375 0.009765625
2 0.08740234375 0.95751953125 0.03515625 0.0087890625
38 0.45849609375 0.0517578125 0.0390625 0.0078125
38 0.45654296875 0.1044921875 0.03515625 0.0078125
38 0.3154296875 0.05517578125 0.03515625 0.009765625
38 0.3134765625 0.1083984375 0.03515625 0.0068359375
13 0.42578125 0.14111328125 0.0751953125 0.009765625
13 0.3203125 0.20068359375 0.0712890625 0.009765625
35 0.4384765625 0.228515625 0.0390625 0.009765625
35 0.4345703125 0.2822265625 0.0390625 0.0087890625
35 0.30419921875 0.22900390625 0.0390625 0.0078125
35 0.30126953125 0.2822265625 0.0390625 0.0078125
12 0.43115234375 0.326171875 0.0400390625 0.0078125
12 0.4189453125 0.37890625 0.037109375 0.0078125
12 0.2978515625 0.318359375 0.0361328125 0.009765625
12 0.2880859375 0.37158203125 0.0390625 0.0087890625
22 0.4384765625 0.41015625 0.0400390625 0.009765625
22 0.42724609375 0.462890625 0.037109375 0.009765625
22 0.30859375 0.4033203125 0.0390625 0.0087890625
22 0.29931640625 0.4560546875 0.037109375 0.009765625
15 0.42431640625 0.48291015625 0.037109375 0.0078125
15 0.42724609375 0.53564453125 0.0400390625 0.009765625
15 0.296875 0.5380859375 0.0400390625 0.0078125
15 0.2919921875 0.48583984375 0.03515625 0.0107421875
30 0.43212890625 0.57666015625 0.0390625 0.005859375
30 0.42626953125 0.62939453125 0.0390625 0.0078125
30 0.30224609375 0.5693359375 0.0361328125 0.0078125
30 0.2919921875 0.62158203125 0.0380859375 0.0078125
37 0.42919921875 0.65869140625 0.0390625 0.0087890625
37 0.4267578125 0.712890625 0.037109375 0.0078125
37 0.296875 0.65478515625 0.03515625 0.0078125
37 0.2919921875 0.7080078125 0.03515625 0.0068359375
8 0.4130859375 0.744140625 0.0390625 0.0078125
8 0.40869140625 0.7978515625 0.037109375 0.0078125
8 0.2802734375 0.73779296875 0.033203125 0.0078125
8 0.2744140625 0.79150390625 0.033203125 0.0078125
54 0.41845703125 0.8232421875 0.0390625 0.0078125
54 0.42041015625 0.8779296875 0.0390625 0.0068359375
54 0.28662109375 0.82177734375 0.03515625 0.0068359375
54 0.28759765625 0.8759765625 0.037109375 0.0078125
51 0.4287109375 0.91650390625 0.0390625 0.0078125
51 0.29736328125 0.9189453125 0.037109375 0.0078125
51 0.3046875 0.9716796875 0.0390625 0.009765625
51 0.43701171875 0.97021484375 0.04296875 0.0087890625
21 0.689453125 0.052734375 0.04296875 0.009765625
21 0.55029296875 0.05322265625 0.041015625 0.009765625
21 0.68115234375 0.1083984375 0.04296875 0.0078125
21 0.5458984375 0.107421875 0.0390625 0.009765625
47 0.68212890625 0.14892578125 0.0439453125 0.009765625
47 0.544921875 0.14501953125 0.041015625 0.009765625
47 0.67236328125 0.2041015625 0.041015625 0.009765625
47 0.53369140625 0.19921875 0.0390625 0.01171875
45 0.6611328125 0.244140625 0.0439453125 0.0087890625
45 0.52490234375 0.2392578125 0.0380859375 0.009765625
45 0.65234375 0.2978515625 0.044921875 0.0078125
45 0.5166015625 0.29248046875 0.0390625 0.009765625
50 0.66259765625 0.34033203125 0.044921875 0.009765625
50 0.5283203125 0.328125 0.0400390625 0.01171875
50 0.64404296875 0.3935546875 0.041015625 0.0087890625
50 0.50927734375 0.38134765625 0.0390625 0.0087890625
46 0.65576171875 0.41552734375 0.0380859375 0.0087890625
46 0.6455078125 0.47021484375 0.0419921875 0.009765625
46 0.51953125 0.41015625 0.037109375 0.009765625
46 0.51171875 0.46337890625 0.0419921875 0.0078125
42 0.6474609375 0.4970703125 0.041015625 0.009765625
42 0.6337890625 0.55078125 0.041015625 0.0087890625
42 0.51171875 0.486328125 0.0400390625 0.009765625
42 0.49853515625 0.5400390625 0.0419921875 0.013671875
0 0.6416015625 0.5751953125 0.0400390625 0.009765625
0 0.646484375 0.62939453125 0.04296875 0.0126953125
0 0.5048828125 0.62939453125 0.03515625 0.0087890625
0 0.5048828125 0.576171875 0.03515625 0.0087890625
4 0.64599609375 0.66259765625 0.0419921875 0.0068359375
4 0.6474609375 0.7177734375 0.037109375 0.0078125
4 0.50732421875 0.662109375 0.03515625 0.009765625
4 0.50830078125 0.7158203125 0.0390625 0.009765625
33 0.6298828125 0.74462890625 0.0390625 0.0087890625
33 0.49169921875 0.74267578125 0.0380859375 0.0078125
33 0.63037109375 0.80029296875 0.041015625 0.0078125
33 0.4921875 0.796875 0.037109375 0.0078125
31 0.64111328125 0.82958984375 0.0380859375 0.009765625
31 0.64111328125 0.884765625 0.0390625 0.0087890625
31 0.50390625 0.8251953125 0.037109375 0.009765625
31 0.501953125 0.87890625 0.0390625 0.009765625
36 0.64404296875 0.9091796875 0.0400390625 0.0078125
36 0.65185546875 0.96435546875 0.041015625 0.0087890625
36 0.50830078125 0.9130859375 0.0390625 0.009765625
36 0.517578125 0.96826171875 0.0390625 0.0087890625
27 0.8310546875 0.9423828125 0.22265625 0.0791015625
24 0.9462890625 0.06494140625 0.04296875 0.0078125
24 0.9267578125 0.11962890625 0.041015625 0.009765625
24 0.78662109375 0.109375 0.0390625 0.0087890625
24 0.80419921875 0.05517578125 0.041015625 0.009765625
40 0.927734375 0.1513671875 0.04296875 0.0087890625
40 0.91015625 0.20654296875 0.04296875 0.009765625
40 0.7890625 0.13818359375 0.04296875 0.0087890625
40 0.77001953125 0.19384765625 0.041015625 0.0087890625
13 0.89794921875 0.22802734375 0.076171875 0.009765625
13 0.7705078125 0.28076171875 0.076171875 0.009765625
48 0.9013671875 0.314453125 0.0390625 0.009765625
48 0.900390625 0.3701171875 0.0419921875 0.0087890625
48 0.75830078125 0.31640625 0.0400390625 0.009765625
48 0.75732421875 0.37109375 0.0400390625 0.0087890625
49 0.8916015625 0.3955078125 0.044921875 0.0087890625
49 0.8857421875 0.45068359375 0.04296875 0.009765625
49 0.751953125 0.39306640625 0.041015625 0.009765625
49 0.74462890625 0.447265625 0.0419921875 0.0087890625
19 0.8857421875 0.48388671875 0.04296875 0.009765625
19 0.744140625 0.4794921875 0.0419921875 0.009765625
19 0.88134765625 0.5390625 0.04296875 0.009765625
19 0.73876953125 0.5341796875 0.0439453125 0.0107421875
39 0.8837890625 0.56982421875 0.041015625 0.009765625
39 0.884765625 0.6279296875 0.041015625 0.005859375
39 0.740234375 0.626953125 0.0380859375 0.0068359375
39 0.74267578125 0.56884765625 0.0390625 0.0078125
11 0.88623046875 0.65625 0.0380859375 0.0078125
11 0.88671875 0.71240234375 0.0400390625 0.0078125
11 0.740234375 0.71044921875 0.0361328125 0.0078125
11 0.7392578125 0.654296875 0.0390625 0.0078125
14 0.875 0.74267578125 0.0439453125 0.009765625
14 0.880859375 0.79833984375 0.0390625 0.009765625
14 0.73291015625 0.74560546875 0.0400390625 0.0087890625
14 0.740234375 0.80126953125 0.04296875 0.01171875
3 0.8916015625 0.8251953125 0.0390625 0.0078125
3 0.89599609375 0.880859375 0.0390625 0.0078125
3 0.74755859375 0.82421875 0.0390625 0.0078125
3 0.7509765625 0.87890625 0.0361328125 0.0087890625