5 0.0302734375 0.853515625 0.009765625 0.0341796875
5 0.08154296875 0.8623046875 0.009765625 0.037109375
30 0.119140625 0.8623046875 0.009765625 0.03515625
30 0.17138671875 0.87548828125 0.0107421875 0.03515625
52 0.2119140625 0.869140625 0.0078125 0.0390625
52 0.26611328125 0.88232421875 0.0078125 0.033203125
51 0.302734375 0.8857421875 0.0078125 0.0390625
51 0.35400390625 0.88916015625 0.009765625 0.037109375
43 0.39501953125 0.89306640625 0.0078125 0.0380859375
43 0.44677734375 0.88916015625 0.0078125 0.0390625
29 0.48046875 0.88720703125 0.0087890625 0.03515625
29 0.53271484375 0.8837890625 0.009765625 0.0341796875
41 0.5625 0.876953125 0.009765625 0.03125
41 0.61572265625 0.89501953125 0.009765625 0.037109375
26 0.65234375 0.88427734375 0.009765625 0.0361328125
26 0.7041015625 0.89111328125 0.009765625 0.037109375
10 0.79052734375 0.8935546875 0.009765625 0.033203125
10 0.73681640625 0.90087890625 0.0078125 0.0341796875
37 0.8642578125 0.89501953125 0.0078125 0.03125
37 0.8125 0.89892578125 0.005859375 0.037109375
8 0.9423828125 0.88623046875 0.0068359375 0.037109375
8 0.89111328125 0.888671875 0.0078125 0.033203125
36 0.03076171875 0.8076171875 0.0087890625 0.03515625
36 0.08154296875 0.81396484375 0.0078125 0.0341796875
33 0.1240234375 0.80615234375 0.0078125 0.0361328125
33 0.17529296875 0.8212890625 0.0087890625 0.03515625
47 0.21337890625 0.8271484375 0.0078125 0.0390625
47 0.2666015625 0.8271484375 0.0078125 0.0390625
54 0.353515625 0.84423828125 0.0078125 0.03515625
54 0.29931640625 0.8388671875 0.0078125 0.0390625
17 0.44287109375 0.841796875 0.0087890625 0.0380859375
17 0.39111328125 0.83984375 0.009765625 0.0380859375
44 0.53271484375 0.83544921875 0.009765625 0.0390625
44 0.48046875 0.8349609375 0.0078125 0.0380859375
34 0.57080078125 0.833984375 0.0078125 0.037109375
34 0.62353515625 0.84521484375 0.0078125 0.037109375
6 0.65771484375 0.84716796875 0.009765625 0.03515625
6 0.7109375 0.84716796875 0.0078125 0.0380859375
20 0.794921875 0.85107421875 0.009765625 0.0390625
20 0.74169921875 0.861328125 0.009765625 0.0390625
25 0.81640625 0.85693359375 0.0078125 0.0380859375
25 0.86865234375 0.85400390625 0.0078125 0.0390625
53 0.9521484375 0.8330078125 0.0078125 0.0380859375
53 0.8984375 0.83984375 0.0078125 0.037109375
14 0.0322265625 0.60693359375 0.009765625 0.0361328125
14 0.08544921875 0.611328125 0.01171875 0.041015625
14 0.083984375 0.744140625 0.009765625 0.04296875
14 0.03173828125 0.736328125 0.0087890625 0.0400390625
3 0.140625 0.61962890625 0.0078125 0.0361328125
3 0.1923828125 0.63671875 0.009765625 0.03515625
3 0.130859375 0.75146484375 0.009765625 0.037109375
3 0.18212890625 0.76611328125 0.009765625 0.03515625
19 0.22265625 0.630859375 0.0078125 0.0419921875
19 0.27685546875 0.64404296875 0.0078125 0.0390625
19 0.2158203125 0.763671875 0.0078125 0.037109375
19 0.26806640625 0.77392578125 0.009765625 0.0400390625
49 0.30029296875 0.6484375 0.0107421875 0.041015625
49 0.35400390625 0.65234375 0.0087890625 0.0419921875
49 0.2978515625 0.7783203125 0.0087890625 0.041015625
49 0.3515625 0.78369140625 0.0078125 0.037109375
7 0.39697265625 0.64111328125 0.005859375 0.0361328125
7 0.44921875 0.64697265625 0.0078125 0.0361328125
7 0.3935546875 0.7734375 0.009765625 0.037109375
7 0.44580078125 0.7783203125 0.009765625 0.033203125
50 0.48193359375 0.64794921875 0.0078125 0.041015625
50 0.53369140625 0.65185546875 0.0078125 0.0400390625
50 0.53173828125 0.78125 0.0068359375 0.0380859375
50 0.47998046875 0.7783203125 0.0068359375 0.0361328125
46 0.58203125 0.6318359375 0.0078125 0.0390625
46 0.634765625 0.6435546875 0.0078125 0.0390625
46 0.57177734375 0.76025390625 0.0078125 0.037109375
46 0.6240234375 0.77197265625 0.0078125 0.0390625
45 0.6552734375 0.65966796875 0.005859375 0.0419921875
45 0.7080078125 0.66015625 0.0078125 0.03515625
45 0.65576171875 0.79248046875 0.0068359375 0.041015625
45 0.70849609375 0.7890625 0.0078125 0.0419921875
21 0.72900390625 0.67138671875 0.009765625 0.0390625
21 0.78271484375 0.66259765625 0.009765625 0.037109375
21 0.7880859375 0.79150390625 0.009765625 0.037109375
21 0.73583984375 0.7998046875 0.01171875 0.0390625
4 0.81494140625 0.6650390625 0.009765625 0.037109375
4 0.8681640625 0.67041015625 0.0087890625 0.0390625
4 0.86083984375 0.8046875 0.009765625 0.037109375
4 0.80859375 0.80078125 0.009765625 0.03515625
31 0.89892578125 0.65087890625 0.0078125 0.0390625
31 0.95166015625 0.6455078125 0.009765625 0.037109375
31 0.8994140625 0.783203125 0.0078125 0.0380859375
31 0.95068359375 0.77880859375 0.0068359375 0.033203125
32 0.05712890625 0.35302734375 0.009765625 0.041015625
32 0.1103515625 0.369140625 0.0107421875 0.0380859375
32 0.046875 0.4873046875 0.0107421875 0.041015625
32 0.1005859375 0.50341796875 0.009765625 0.04296875
15 0.236328125 0.54638671875 0.009765625 0.037109375
15 0.29052734375 0.5478515625 0.0087890625 0.037109375
22 0.31884765625 0.5400390625 0.0087890625 0.037109375
22 0.37158203125 0.55419921875 0.009765625 0.0390625
35 0.40576171875 0.54833984375 0.0078125 0.03515625
35 0.458984375 0.556640625 0.0078125 0.0380859375
12 0.4853515625 0.55517578125 0.009765625 0.033203125
12 0.5390625 0.5595703125 0.0087890625 0.03515625
42 0.62109375 0.5556640625 0.009765625 0.041015625
42 0.56689453125 0.55859375 0.009765625 0.037109375
0 0.64697265625 0.572265625 0.009765625 0.037109375
0 0.69970703125 0.57763671875 0.0078125 0.0341796875
13 0.78857421875 0.59033203125 0.0078125 0.0302734375
39 0.8720703125 0.572265625 0.0087890625 0.0390625
39 0.81591796875 0.5810546875 0.0078125 0.0380859375
11 0.96728515625 0.568359375 0.0087890625 0.037109375
11 0.9130859375 0.5888671875 0.009765625 0.0390625
13 0.20166015625 0.55322265625 0.009765625 0.0283203125
18 0.1494140625 0.47021484375 0.009765625 0.0458984375
18 0.203125 0.4833984375 0.009765625 0.0400390625
18 0.15673828125 0.33349609375 0.009765625 0.04296875
18 0.21142578125 0.34716796875 0.0087890625 0.041015625
24 0.2353515625 0.3515625 0.009765625 0.046875
24 0.29052734375 0.35595703125 0.009765625 0.0419921875
24 0.2353515625 0.49072265625 0.009765625 0.0390625
24 0.2900390625 0.49267578125 0.009765625 0.0400390625
23 0.3310546875 0.35302734375 0.009765625 0.0458984375
23 0.3212890625 0.48583984375 0.009765625 0.04296875
23 0.38427734375 0.36962890625 0.009765625 0.0400390625
23 0.373046875 0.50048828125 0.009765625 0.037109375
9 0.412109375 0.36328125 0.01171875 0.037109375
9 0.4658203125 0.3671875 0.0078125 0.0400390625
9 0.4619140625 0.50341796875 0.0068359375 0.0390625
9 0.4091796875 0.4990234375 0.0078125 0.03515625
38 0.48974609375 0.36572265625 0.0078125 0.0390625
38 0.48828125 0.50146484375 0.0078125 0.037109375
38 0.54150390625 0.501953125 0.0087890625 0.037109375
38 0.54345703125 0.3681640625 0.0078125 0.0400390625
1 0.5673828125 0.3662109375 0.0087890625 0.0390625
1 0.6220703125 0.369140625 0.0078125 0.037109375
1 0.56591796875 0.501953125 0.0078125 0.037109375
1 0.61865234375 0.5048828125 0.009765625 0.041015625
2 0.6494140625 0.38037109375 0.009765625 0.0390625
2 0.7041015625 0.38525390625 0.0078125 0.041015625
2 0.64404296875 0.517578125 0.009765625 0.0390625
2 0.69775390625 0.52197265625 0.0078125 0.037109375
48 0.73193359375 0.40283203125 0.0078125 0.041015625
48 0.78662109375 0.400390625 0.009765625 0.044921875
48 0.7861328125 0.53662109375 0.0078125 0.0419921875
48 0.732421875 0.5390625 0.009765625 0.0419921875
40 0.8173828125 0.38525390625 0.009765625 0.04296875
40 0.87255859375 0.3818359375 0.009765625 0.0419921875
40 0.81689453125 0.5244140625 0.0068359375 0.0390625
40 0.8720703125 0.51953125 0.0078125 0.0400390625
16 0.908203125 0.3896484375 0.009765625 0.04296875
16 0.90966796875 0.5244140625 0.009765625 0.04296875
16 0.962890625 0.517578125 0.0107421875 0.0419921875
16 0.9619140625 0.38232421875 0.01171875 0.0419921875