51 0.0419921875 0.72509765625 0.0068359375 0.0380859375
51 0.10009765625 0.7392578125 0.0068359375 0.0390625
45 0.14453125 0.74462890625 0.0078125 0.0400390625
45 0.20361328125 0.75 0.0078125 0.0390625
13 0.2236328125 0.77587890625 0.0078125 0.017578125
13 0.28173828125 0.7802734375 0.0087890625 0.01953125
7 0.30419921875 0.765625 0.0078125 0.0400390625
7 0.36279296875 0.76611328125 0.0078125 0.0400390625
13 0.447265625 0.78857421875 0.0087890625 0.017578125
13 0.38818359375 0.787109375 0.0087890625 0.017578125
3 0.48388671875 0.79541015625 0.009765625 0.041015625
3 0.54248046875 0.79736328125 0.0087890625 0.041015625
21 0.63134765625 0.783203125 0.0078125 0.04296875
21 0.57177734375 0.77978515625 0.0087890625 0.0439453125
42 0.72265625 0.78955078125 0.009765625 0.04296875
42 0.6630859375 0.79541015625 0.009765625 0.041015625
50 0.8037109375 0.78125 0.0078125 0.041015625
50 0.744140625 0.78173828125 0.009765625 0.0390625
5 0.88916015625 0.76171875 0.0087890625 0.04296875
5 0.82861328125 0.76904296875 0.009765625 0.0380859375
33 0.97216796875 0.76904296875 0.0078125 0.04296875
33 0.912109375 0.76904296875 0.0087890625 0.0390625
11 0.04638671875 0.53173828125 0.0087890625 0.0400390625
11 0.1064453125 0.541015625 0.009765625 0.044921875
11 0.10498046875 0.6826171875 0.0087890625 0.0419921875
11 0.046875 0.67529296875 0.0078125 0.041015625
16 0.14453125 0.54541015625 0.009765625 0.0439453125
16 0.20458984375 0.55224609375 0.0087890625 0.04296875
16 0.203125 0.69287109375 0.009765625 0.0390625
16 0.1435546875 0.68603515625 0.009765625 0.041015625
17 0.22119140625 0.57861328125 0.0078125 0.04296875
17 0.28076171875 0.57958984375 0.0078125 0.0439453125
17 0.28076171875 0.72021484375 0.009765625 0.04296875
17 0.22265625 0.71728515625 0.0078125 0.0419921875
12 0.30419921875 0.57080078125 0.0078125 0.04296875
12 0.36474609375 0.57080078125 0.009765625 0.0400390625
12 0.36376953125 0.71240234375 0.009765625 0.041015625
12 0.3046875 0.7119140625 0.009765625 0.0390625
34 0.38818359375 0.59326171875 0.0078125 0.041015625
34 0.447265625 0.59375 0.009765625 0.0439453125
34 0.38818359375 0.73193359375 0.0078125 0.04296875
34 0.44677734375 0.7333984375 0.0078125 0.041015625
44 0.482421875 0.59765625 0.0078125 0.04296875
44 0.5419921875 0.60107421875 0.0078125 0.04296875
44 0.54052734375 0.740234375 0.0078125 0.044921875
44 0.4814453125 0.73828125 0.009765625 0.0390625
46 0.5732421875 0.57861328125 0.0078125 0.0458984375
46 0.63330078125 0.57861328125 0.0078125 0.0439453125
46 0.57275390625 0.71875 0.0078125 0.0458984375
46 0.63232421875 0.720703125 0.009765625 0.0439453125
29 0.65771484375 0.60009765625 0.009765625 0.041015625
29 0.71826171875 0.59423828125 0.009765625 0.041015625
29 0.720703125 0.734375 0.0087890625 0.0390625
29 0.66064453125 0.74072265625 0.009765625 0.041015625
54 0.74755859375 0.5849609375 0.0087890625 0.04296875
54 0.8076171875 0.58544921875 0.0087890625 0.0419921875
54 0.8037109375 0.72705078125 0.009765625 0.044921875
54 0.74365234375 0.724609375 0.0087890625 0.0419921875
52 0.83056640625 0.57080078125 0.0078125 0.041015625
52 0.830078125 0.71240234375 0.0078125 0.0419921875
52 0.890625 0.5654296875 0.0078125 0.041015625
52 0.8896484375 0.70556640625 0.0087890625 0.04296875
39 0.91552734375 0.576171875 0.0068359375 0.041015625
39 0.9765625 0.57275390625 0.0078125 0.0419921875
39 0.97509765625 0.71435546875 0.0078125 0.0390625
39 0.91455078125 0.71923828125 0.0087890625 0.041015625