8 0.28125 0.35205078125 0.009765625 0.046875
8 0.23046875 0.3486328125 0.009765625 0.04296875
50 0.275390625 0.4013671875 0.0087890625 0.0419921875
50 0.22412109375 0.39697265625 0.009765625 0.0419921875
25 0.27294921875 0.447265625 0.0087890625 0.04296875
25 0.22314453125 0.44287109375 0.0087890625 0.0390625
25 0.2177734375 0.5654296875 0.0078125 0.04296875
25 0.26904296875 0.56884765625 0.0087890625 0.0400390625
35 0.37646484375 0.5712890625 0.009765625 0.0419921875
35 0.326171875 0.56396484375 0.0078125 0.0400390625
35 0.3330078125 0.43994140625 0.0078125 0.041015625
35 0.3828125 0.44970703125 0.0078125 0.0400390625
22 0.3818359375 0.39990234375 0.0078125 0.0400390625
22 0.3330078125 0.3916015625 0.0087890625 0.0390625
11 0.33984375 0.3427734375 0.0068359375 0.041015625
11 0.388671875 0.35498046875 0.0078125 0.0390625
7 0.43017578125 0.5732421875 0.0078125 0.0390625
7 0.4794921875 0.583984375 0.0087890625 0.041015625
7 0.4873046875 0.46533203125 0.0078125 0.0380859375
7 0.43896484375 0.45361328125 0.0078125 0.0390625
38 0.4951171875 0.412109375 0.0078125 0.0390625
38 0.44677734375 0.40234375 0.0078125 0.0390625
29 0.49755859375 0.36328125 0.0078125 0.041015625
29 0.4482421875 0.35302734375 0.0078125 0.041015625
23 0.587890625 0.5869140625 0.009765625 0.04296875
23 0.53857421875 0.58056640625 0.0078125 0.0400390625
23 0.54345703125 0.46337890625 0.0087890625 0.0390625
23 0.591796875 0.47021484375 0.0078125 0.0380859375
19 0.59228515625 0.4189453125 0.0087890625 0.0400390625
19 0.54296875 0.41259765625 0.0078125 0.0400390625
4 0.5986328125 0.3720703125 0.0078125 0.0390625
4 0.55029296875 0.3623046875 0.0087890625 0.0390625
26 0.67822265625 0.61962890625 0.0078125 0.0390625
26 0.62890625 0.60791015625 0.0078125 0.0390625
26 0.68603515625 0.5009765625 0.009765625 0.037109375
26 0.63720703125 0.49072265625 0.0087890625 0.0400390625
39 0.689453125 0.44384765625 0.0078125 0.0390625
39 0.64013671875 0.43505859375 0.0068359375 0.0390625
42 0.6943359375 0.3896484375 0.0078125 0.0390625
42 0.64501953125 0.38134765625 0.0078125 0.041015625
30 0.79638671875 0.62451171875 0.0087890625 0.041015625
30 0.74755859375 0.62353515625 0.0078125 0.037109375
30 0.7470703125 0.5 0.0078125 0.0400390625
30 0.79638671875 0.5009765625 0.0078125 0.0390625
16 0.794921875 0.4560546875 0.0087890625 0.0380859375
16 0.7470703125 0.45654296875 0.0078125 0.041015625
52 0.74658203125 0.408203125 0.0078125 0.04296875
52 0.7958984375 0.40869140625 0.005859375 0.04296875
13 0.88720703125 0.58447265625 0.0078125 0.0693359375
2 0.8837890625 0.458984375 0.0078125 0.041015625
2 0.8359375 0.458984375 0.0078125 0.0390625
54 0.83447265625 0.40625 0.0087890625 0.0390625
54 0.88232421875 0.4052734375 0.0078125 0.0390625
37 0.2099609375 0.63720703125 0.009765625 0.041015625
37 0.26123046875 0.64013671875 0.0068359375 0.0390625
44 0.2548828125 0.6826171875 0.0087890625 0.0458984375
44 0.20361328125 0.6826171875 0.0087890625 0.04296875
20 0.25390625 0.732421875 0.009765625 0.0419921875
20 0.20361328125 0.73291015625 0.0087890625 0.04296875
20 0.20361328125 0.85693359375 0.0087890625 0.0419921875
20 0.2548828125 0.85498046875 0.0087890625 0.04296875
15 0.3203125 0.6630859375 0.0087890625 0.041015625
15 0.3701171875 0.67626953125 0.009765625 0.041015625
21 0.36279296875 0.7197265625 0.009765625 0.04296875
21 0.3134765625 0.70849609375 0.0078125 0.041015625
46 0.3115234375 0.7509765625 0.01171875 0.04296875
46 0.3603515625 0.7705078125 0.0107421875 0.041015625
46 0.34375 0.892578125 0.0107421875 0.04296875
46 0.2939453125 0.87109375 0.01171875 0.041015625
31 0.45947265625 0.66748046875 0.009765625 0.0419921875
31 0.4091796875 0.65771484375 0.0068359375 0.04296875
33 0.4560546875 0.7236328125 0.0087890625 0.0390625
33 0.40771484375 0.70654296875 0.009765625 0.0390625
32 0.45361328125 0.7734375 0.0078125 0.0390625
32 0.40478515625 0.7548828125 0.0087890625 0.0390625
32 0.43896484375 0.89599609375 0.0078125 0.0380859375
32 0.3896484375 0.8779296875 0.009765625 0.0390625