27 0.7763671875 0.92138671875 0.224609375 0.0986328125
27 0.529296875 0.9189453125 0.212890625 0.0927734375
27 0.28955078125 0.9189453125 0.21484375 0.087890625
27 0.77880859375 0.80712890625 0.22265625 0.0927734375
27 0.5234375 0.8095703125 0.24609375 0.099609375
28 0.251953125 0.806640625 0.2236328125 0.09375
19 0.3125 0.779296875 0.04296875 0.009765625
19 0.17626953125 0.84130859375 0.044921875 0.0087890625
13 0.2958984375 0.0830078125 0.021484375 0.0107421875
13 0.27734375 0.13623046875 0.01953125 0.009765625
26 0.26611328125 0.2421875 0.0400390625 0.0078125
42 0.26220703125 0.34423828125 0.0439453125 0.009765625
22 0.22509765625 0.4365234375 0.0390625 0.0078125
24 0.2080078125 0.5341796875 0.0380859375 0.009765625
31 0.1953125 0.61962890625 0.041015625 0.0078125
41 0.18505859375 0.73681640625 0.041015625 0.0087890625
11 0.3212890625 0.1474609375 0.03515625 0.0087890625
6 0.3212890625 0.244140625 0.041015625 0.01171875
18 0.32177734375 0.34765625 0.041015625 0.009765625
40 0.28125 0.44921875 0.04296875 0.009765625
33 0.26953125 0.53955078125 0.041015625 0.009765625
15 0.2431640625 0.62255859375 0.04296875 0.009765625
35 0.24169921875 0.73876953125 0.044921875 0.009765625
7 0.3935546875 0.150390625 0.037109375 0.009765625
39 0.39404296875 0.259765625 0.041015625 0.0078125
23 0.38134765625 0.35498046875 0.041015625 0.0087890625
4 0.3447265625 0.4521484375 0.0390625 0.0078125
0 0.31787109375 0.53955078125 0.037109375 0.009765625
45 0.29296875 0.626953125 0.04296875 0.0078125
50 0.3046875 0.73486328125 0.04296875 0.009765625
20 0.46533203125 0.15234375 0.04296875 0.01171875
20 0.62255859375 0.0966796875 0.0439453125 0.0078125
17 0.59228515625 0.1982421875 0.041015625 0.0068359375
17 0.4453125 0.26220703125 0.0390625 0.0078125
48 0.5888671875 0.2900390625 0.048828125 0.0068359375
48 0.447265625 0.35498046875 0.04296875 0.009765625
5 0.55615234375 0.39306640625 0.046875 0.0078125
5 0.408203125 0.453125 0.0390625 0.009765625
21 0.52734375 0.48828125 0.0478515625 0.0078125
21 0.3818359375 0.5458984375 0.0390625 0.009765625
8 0.51171875 0.57861328125 0.041015625 0.009765625
8 0.3623046875 0.63330078125 0.041015625 0.0078125
30 0.50634765625 0.66552734375 0.04296875 0.0087890625
30 0.3798828125 0.73486328125 0.04296875 0.01171875
43 0.87255859375 0.1171875 0.046875 0.0107421875
43 0.70458984375 0.169921875 0.044921875 0.0126953125
38 0.83154296875 0.2041015625 0.0439453125 0.0078125
38 0.6689453125 0.25634765625 0.04296875 0.0078125
16 0.82373046875 0.2919921875 0.044921875 0.009765625
16 0.6767578125 0.361328125 0.044921875 0.0087890625
49 0.79150390625 0.3935546875 0.0478515625 0.0087890625
49 0.64453125 0.458984375 0.046875 0.009765625
14 0.77685546875 0.48681640625 0.04296875 0.0078125
14 0.6328125 0.55224609375 0.04296875 0.01171875
3 0.7666015625 0.57568359375 0.04296875 0.009765625
3 0.63134765625 0.64697265625 0.04296875 0.0087890625
32 0.76318359375 0.6640625 0.0419921875 0.0078125
32 0.62744140625 0.73193359375 0.041015625 0.0078125