27 0.2236328125 0.07861328125 0.224609375 0.09765625
27 0.470703125 0.0810546875 0.212890625 0.0927734375
27 0.71044921875 0.0810546875 0.21484375 0.087890625
27 0.22119140625 0.19287109375 0.22265625 0.0927734375
27 0.4765625 0.1904296875 0.24609375 0.099609375
28 0.748046875 0.193359375 0.2236328125 0.09375
19 0.6875 0.220703125 0.04296875 0.009765625
19 0.82373046875 0.15869140625 0.044921875 0.0087890625
13 0.70068359375 0.912109375 0.021484375 0.0107421875
13 0.71826171875 0.85791015625 0.01953125 0.009765625
26 0.73486328125 0.7568359375 0.0400390625 0.0078125
42 0.73779296875 0.65576171875 0.0439453125 0.009765625
22 0.7685546875 0.56396484375 0.0390625 0.0078125
24 0.7880859375 0.47119140625 0.0380859375 0.009765625
31 0.8046875 0.38037109375 0.041015625 0.0078125
41 0.81103515625 0.26513671875 0.041015625 0.0087890625
11 0.49755859375 0.9052734375 0.041015625 0.0078125
11 0.66015625 0.85107421875 0.03515625 0.0087890625
6 0.52001953125 0.80859375 0.04296875 0.009765625
6 0.6787109375 0.755859375 0.041015625 0.01171875
18 0.5302734375 0.7158203125 0.041015625 0.0078125
18 0.67626953125 0.65478515625 0.041015625 0.009765625
40 0.55859375 0.61083984375 0.0458984375 0.009765625
40 0.71337890625 0.55810546875 0.04296875 0.0126953125
33 0.57666015625 0.51416015625 0.041015625 0.009765625
33 0.72998046875 0.46630859375 0.041015625 0.009765625
15 0.60107421875 0.42822265625 0.04296875 0.01171875
15 0.751953125 0.376953125 0.04296875 0.009765625
35 0.63037109375 0.33154296875 0.0458984375 0.0078125
35 0.755859375 0.2626953125 0.044921875 0.009765625