32 0.7685546875 0.943359375 0.0390625 0.0078125
32 0.7705078125 0.89111328125 0.03515625 0.0068359375
32 0.8994140625 0.93994140625 0.03515625 0.0078125
32 0.900390625 0.888671875 0.03515625 0.0078125
16 0.7744140625 0.85693359375 0.037109375 0.0078125
16 0.900390625 0.85888671875 0.033203125 0.0078125
16 0.77978515625 0.8046875 0.037109375 0.0068359375
16 0.908203125 0.80712890625 0.0400390625 0.0078125
38 0.77490234375 0.76904296875 0.0380859375 0.005859375
38 0.78076171875 0.71630859375 0.041015625 0.005859375
38 0.904296875 0.7705078125 0.033203125 0.005859375
38 0.9091796875 0.71826171875 0.037109375 0.0078125
9 0.78125 0.6767578125 0.041015625 0.0078125
9 0.787109375 0.625 0.037109375 0.0078125
9 0.91015625 0.68017578125 0.0322265625 0.0068359375
9 0.916015625 0.62841796875 0.03515625 0.0068359375
23 0.79052734375 0.59765625 0.0390625 0.0087890625
23 0.791015625 0.5458984375 0.037109375 0.0078125
23 0.91796875 0.59814453125 0.03515625 0.0087890625
23 0.91845703125 0.546875 0.0361328125 0.009765625
1 0.783203125 0.51708984375 0.037109375 0.0087890625
1 0.78857421875 0.46484375 0.037109375 0.0078125
1 0.91259765625 0.52099609375 0.037109375 0.0078125
1 0.91943359375 0.4697265625 0.03515625 0.0078125
43 0.794921875 0.431640625 0.041015625 0.009765625
43 0.79833984375 0.37890625 0.041015625 0.0078125
43 0.9228515625 0.4345703125 0.037109375 0.009765625
43 0.9267578125 0.3818359375 0.03515625 0.009765625
26 0.7939453125 0.34619140625 0.0419921875 0.0078125
26 0.80126953125 0.29345703125 0.037109375 0.009765625
26 0.9208984375 0.35205078125 0.0380859375 0.009765625
26 0.92724609375 0.2998046875 0.03515625 0.0078125
52 0.7919921875 0.25732421875 0.0380859375 0.009765625
52 0.79248046875 0.203125 0.0390625 0.0078125
52 0.92236328125 0.259765625 0.037109375 0.0078125
52 0.9208984375 0.20654296875 0.03515625 0.0078125
10 0.78369140625 0.1767578125 0.0361328125 0.0087890625
10 0.7861328125 0.1220703125 0.037109375 0.0078125
10 0.916015625 0.1796875 0.0361328125 0.0078125
10 0.9169921875 0.1259765625 0.0361328125 0.0078125
2 0.783203125 0.08935546875 0.03515625 0.0078125
2 0.78173828125 0.03759765625 0.037109375 0.0087890625
2 0.91357421875 0.09326171875 0.037109375 0.009765625
2 0.91259765625 0.04248046875 0.03515625 0.0087890625