27 0.7763671875 0.92138671875 0.224609375 0.0986328125
27 0.529296875 0.9189453125 0.212890625 0.0927734375
27 0.28955078125 0.9189453125 0.21484375 0.087890625
27 0.77880859375 0.80712890625 0.22265625 0.0927734375
27 0.5234375 0.8095703125 0.24609375 0.099609375
28 0.251953125 0.806640625 0.2236328125 0.09375
19 0.3125 0.779296875 0.04296875 0.009765625
19 0.17626953125 0.84130859375 0.044921875 0.0087890625
13 0.45068359375 0.09619140625 0.0234375 0.009765625
13 0.43359375 0.15087890625 0.021484375 0.009765625
13 0.302734375 0.087890625 0.021484375 0.0107421875
13 0.2861328125 0.14208984375 0.01953125 0.009765625
26 0.421875 0.1845703125 0.04296875 0.0087890625
26 0.26806640625 0.24169921875 0.0400390625 0.0078125
42 0.40478515625 0.2783203125 0.044921875 0.009765625
42 0.2685546875 0.34423828125 0.0439453125 0.009765625
22 0.384765625 0.3779296875 0.041015625 0.0078125
22 0.2373046875 0.43310546875 0.0390625 0.0078125
24 0.36962890625 0.47509765625 0.041015625 0.009765625
24 0.216796875 0.52783203125 0.0380859375 0.009765625
31 0.35107421875 0.56494140625 0.04296875 0.0078125
31 0.20849609375 0.62451171875 0.041015625 0.0078125
41 0.33203125 0.66259765625 0.0439453125 0.0078125
41 0.19140625 0.72412109375 0.041015625 0.0087890625