51 0.93212890625 0.2294921875 0.009765625 0.0439453125
51 0.9248046875 0.091796875 0.0078125 0.041015625
51 0.87353515625 0.22998046875 0.0087890625 0.041015625
51 0.8662109375 0.09716796875 0.0087890625 0.04296875
39 0.84326171875 0.244140625 0.0078125 0.044921875
39 0.849609375 0.1123046875 0.009765625 0.037109375
39 0.78466796875 0.22900390625 0.009765625 0.0419921875
39 0.7919921875 0.0966796875 0.0078125 0.0390625
52 0.74169921875 0.2353515625 0.009765625 0.04296875
52 0.76123046875 0.1044921875 0.0087890625 0.041015625
52 0.68408203125 0.20751953125 0.009765625 0.041015625
52 0.705078125 0.078125 0.009765625 0.041015625
54 0.65234375 0.21728515625 0.009765625 0.041015625
54 0.66015625 0.083984375 0.0078125 0.0390625
54 0.59375 0.20947265625 0.009765625 0.0419921875
54 0.6015625 0.07177734375 0.0078125 0.0390625
29 0.57421875 0.21728515625 0.0087890625 0.04296875
29 0.515625 0.22119140625 0.009765625 0.04296875
29 0.5673828125 0.07763671875 0.009765625 0.041015625
29 0.50927734375 0.083984375 0.01171875 0.0419921875
46 0.4775390625 0.22705078125 0.009765625 0.0439453125
46 0.4765625 0.09228515625 0.0078125 0.041015625
46 0.41943359375 0.23095703125 0.009765625 0.04296875
46 0.41845703125 0.09326171875 0.009765625 0.0439453125
17 0.3828125 0.2294921875 0.0078125 0.04296875
17 0.38720703125 0.09521484375 0.0068359375 0.041015625
17 0.32373046875 0.22412109375 0.0087890625 0.04296875
17 0.3291015625 0.0888671875 0.009765625 0.0390625
12 0.29443359375 0.2275390625 0.0068359375 0.041015625
12 0.29541015625 0.08740234375 0.0087890625 0.0380859375
12 0.2353515625 0.08740234375 0.0087890625 0.0390625
12 0.23486328125 0.2265625 0.009765625 0.037109375
34 0.2060546875 0.22998046875 0.0078125 0.037109375
34 0.20703125 0.091796875 0.0078125 0.0390625
34 0.14794921875 0.09375 0.0068359375 0.041015625
34 0.1474609375 0.2314453125 0.0068359375 0.041015625
44 0.1044921875 0.24853515625 0.009765625 0.046875
44 0.11376953125 0.11376953125 0.009765625 0.04296875
44 0.0546875 0.10595703125 0.0078125 0.04296875
44 0.0458984375 0.24267578125 0.009765625 0.041015625
38 0.931640625 0.44482421875 0.009765625 0.0439453125
38 0.87353515625 0.4462890625 0.009765625 0.037109375
38 0.8671875 0.30517578125 0.0078125 0.0390625
38 0.92529296875 0.30615234375 0.0078125 0.0390625
9 0.83984375 0.46142578125 0.0078125 0.041015625
9 0.7783203125 0.4580078125 0.005859375 0.037109375
9 0.77685546875 0.31787109375 0.009765625 0.0390625
9 0.83642578125 0.31982421875 0.0078125 0.0380859375
53 0.740234375 0.44384765625 0.009765625 0.04296875
53 0.6787109375 0.4384765625 0.0078125 0.0419921875
53 0.74267578125 0.30224609375 0.005859375 0.041015625
53 0.6826171875 0.296875 0.0087890625 0.0419921875
25 0.64990234375 0.4384765625 0.009765625 0.0400390625
25 0.58935546875 0.43701171875 0.009765625 0.041015625
25 0.64990234375 0.298828125 0.009765625 0.04296875
25 0.5908203125 0.29736328125 0.0078125 0.041015625
2 0.56982421875 0.44580078125 0.0078125 0.037109375
2 0.509765625 0.44482421875 0.0078125 0.0390625
2 0.51123046875 0.302734375 0.0078125 0.0380859375
2 0.56982421875 0.3056640625 0.0087890625 0.037109375
31 0.47705078125 0.45263671875 0.0087890625 0.0390625
31 0.41748046875 0.45458984375 0.0078125 0.0400390625
31 0.4169921875 0.31201171875 0.0078125 0.0419921875
31 0.4765625 0.3115234375 0.0087890625 0.04296875
43 0.373046875 0.45751953125 0.0068359375 0.04296875
43 0.3125 0.453125 0.005859375 0.04296875
43 0.31689453125 0.3125 0.0078125 0.0439453125
43 0.376953125 0.31640625 0.0078125 0.041015625
40 0.2841796875 0.4521484375 0.0078125 0.0419921875
40 0.22314453125 0.447265625 0.0078125 0.041015625
40 0.228515625 0.3037109375 0.0078125 0.037109375
40 0.28857421875 0.31103515625 0.0078125 0.041015625
23 0.2021484375 0.443359375 0.009765625 0.0419921875
23 0.14404296875 0.45654296875 0.009765625 0.041015625
23 0.13671875 0.31689453125 0.009765625 0.0419921875
23 0.19580078125 0.3046875 0.0087890625 0.044921875
30 0.09228515625 0.46728515625 0.005859375 0.0400390625
30 0.03173828125 0.47607421875 0.0078125 0.0400390625
30 0.02978515625 0.33203125 0.0078125 0.041015625
30 0.091796875 0.326171875 0.0087890625 0.0400390625
50 0.939453125 0.703125 0.0078125 0.04296875
50 0.87841796875 0.69677734375 0.005859375 0.0439453125
50 0.8798828125 0.55126953125 0.0078125 0.04296875
50 0.93994140625 0.55712890625 0.0078125 0.0419921875
42 0.84521484375 0.69677734375 0.0107421875 0.044921875
42 0.7841796875 0.701171875 0.009765625 0.0419921875
42 0.77978515625 0.5537109375 0.0078125 0.0400390625
42 0.83935546875 0.55224609375 0.009765625 0.0400390625
21 0.744140625 0.68798828125 0.0068359375 0.044921875
21 0.6826171875 0.68310546875 0.0068359375 0.041015625
21 0.68212890625 0.537109375 0.0107421875 0.04296875
21 0.74365234375 0.54150390625 0.0078125 0.04296875
3 0.65625 0.68603515625 0.0078125 0.0390625
3 0.59521484375 0.6826171875 0.0078125 0.0400390625
3 0.65576171875 0.5400390625 0.0078125 0.044921875
3 0.5966796875 0.537109375 0.0078125 0.0400390625
13 0.5654296875 0.7001953125 0.0068359375 0.015625
13 0.50390625 0.6943359375 0.0078125 0.015625
13 0.5078125 0.52294921875 0.009765625 0.0185546875
13 0.56787109375 0.52783203125 0.0087890625 0.017578125
45 0.4794921875 0.701171875 0.0078125 0.046875
45 0.47998046875 0.556640625 0.009765625 0.0439453125
45 0.4189453125 0.55712890625 0.0087890625 0.04296875
45 0.41796875 0.70263671875 0.005859375 0.04296875
13 0.3740234375 0.7197265625 0.0087890625 0.01953125
13 0.31201171875 0.72216796875 0.009765625 0.01953125
13 0.3125 0.54833984375 0.009765625 0.01953125
13 0.37451171875 0.54736328125 0.009765625 0.017578125
7 0.28076171875 0.70068359375 0.0078125 0.044921875
7 0.21875 0.70361328125 0.0078125 0.044921875
7 0.21826171875 0.55712890625 0.0068359375 0.04296875
7 0.2802734375 0.55224609375 0.0087890625 0.0458984375
5 0.1943359375 0.69775390625 0.0078125 0.0439453125
5 0.13330078125 0.697265625 0.0078125 0.044921875
5 0.19775390625 0.5498046875 0.0078125 0.04296875
5 0.13623046875 0.55029296875 0.009765625 0.0439453125
33 0.09375 0.71044921875 0.0078125 0.0419921875
33 0.03125 0.72412109375 0.009765625 0.046875
33 0.02587890625 0.57568359375 0.009765625 0.0390625
33 0.08740234375 0.5654296875 0.0107421875 0.0439453125
27 0.05712890625 0.87890625 0.0947265625 0.2275390625
22 0.94091796875 0.95751953125 0.0087890625 0.0478515625
22 0.87890625 0.9521484375 0.0068359375 0.044921875
22 0.87890625 0.80029296875 0.0068359375 0.04296875
22 0.93994140625 0.8046875 0.0087890625 0.04296875
37 0.8525390625 0.95068359375 0.009765625 0.044921875
37 0.78955078125 0.94580078125 0.0068359375 0.04296875
37 0.7890625 0.79296875 0.0078125 0.0390625
37 0.8515625 0.798828125 0.0078125 0.04296875
8 0.75439453125 0.9384765625 0.0078125 0.0458984375
8 0.6923828125 0.9326171875 0.0078125 0.04296875
8 0.6943359375 0.77880859375 0.0078125 0.044921875
8 0.75634765625 0.7841796875 0.0078125 0.0439453125
10 0.66064453125 0.92919921875 0.0078125 0.044921875
10 0.59912109375 0.92529296875 0.0087890625 0.044921875
10 0.6015625 0.77099609375 0.0078125 0.0419921875
10 0.6630859375 0.77685546875 0.0078125 0.04296875
41 0.56396484375 0.9140625 0.0087890625 0.046875
41 0.501953125 0.90185546875 0.0078125 0.0458984375
41 0.50830078125 0.7509765625 0.0078125 0.044921875
41 0.56982421875 0.76171875 0.009765625 0.0439453125
47 0.4814453125 0.95166015625 0.0078125 0.048828125
47 0.419921875 0.94287109375 0.0087890625 0.05078125
47 0.48779296875 0.79833984375 0.0078125 0.046875
47 0.42578125 0.79345703125 0.0078125 0.044921875
0 0.3798828125 0.962890625 0.009765625 0.048828125
0 0.3876953125 0.81103515625 0.0078125 0.044921875
0 0.3173828125 0.95458984375 0.0087890625 0.0478515625
0 0.3251953125 0.80126953125 0.0087890625 0.04296875
26 0.2919921875 0.9482421875 0.0087890625 0.05078125
26 0.2939453125 0.79736328125 0.0078125 0.0419921875
26 0.2294921875 0.9482421875 0.0078125 0.046875
26 0.23193359375 0.7958984375 0.0078125 0.0419921875
35 0.1962890625 0.94384765625 0.009765625 0.0458984375
35 0.1337890625 0.9482421875 0.009765625 0.0458984375
35 0.1943359375 0.7890625 0.0087890625 0.046875
35 0.1318359375 0.79736328125 0.0078125 0.044921875