27 0.07861328125 0.7763671875 0.0986328125 0.2255859375
27 0.0810546875 0.529296875 0.0927734375 0.212890625
27 0.0810546875 0.28955078125 0.087890625 0.21484375
27 0.19287109375 0.77880859375 0.0927734375 0.22265625
27 0.1904296875 0.5234375 0.099609375 0.24609375
28 0.193359375 0.251953125 0.09375 0.2236328125
19 0.220703125 0.3125 0.009765625 0.04296875
19 0.15869140625 0.17626953125 0.0087890625 0.044921875
13 0.9169921875 0.2958984375 0.0107421875 0.021484375
13 0.86376953125 0.27734375 0.009765625 0.01953125
26 0.7578125 0.26611328125 0.0078125 0.0400390625
42 0.65576171875 0.26220703125 0.009765625 0.0439453125
22 0.5634765625 0.22509765625 0.0078125 0.0390625
24 0.4658203125 0.2080078125 0.009765625 0.0380859375
31 0.38037109375 0.1953125 0.0078125 0.041015625
41 0.26318359375 0.18505859375 0.0087890625 0.041015625
11 0.8525390625 0.3212890625 0.0087890625 0.03515625
6 0.755859375 0.3212890625 0.01171875 0.041015625
18 0.65234375 0.32177734375 0.009765625 0.041015625
40 0.55078125 0.28125 0.009765625 0.04296875
33 0.46044921875 0.26953125 0.0107421875 0.041015625
15 0.37744140625 0.2431640625 0.009765625 0.04296875
35 0.26123046875 0.24169921875 0.009765625 0.044921875
7 0.849609375 0.3935546875 0.009765625 0.037109375
39 0.740234375 0.39404296875 0.0078125 0.041015625
23 0.64501953125 0.38134765625 0.0087890625 0.041015625
4 0.5478515625 0.3447265625 0.0078125 0.0390625
0 0.46044921875 0.31787109375 0.009765625 0.037109375
45 0.373046875 0.29296875 0.0087890625 0.04296875
50 0.26513671875 0.3046875 0.009765625 0.04296875
20 0.84765625 0.46533203125 0.01171875 0.04296875
20 0.9033203125 0.62255859375 0.0078125 0.0439453125
17 0.8017578125 0.59228515625 0.0068359375 0.041015625
17 0.73779296875 0.4453125 0.0078125 0.0390625
48 0.7099609375 0.5888671875 0.0068359375 0.048828125
48 0.64501953125 0.447265625 0.009765625 0.04296875
5 0.60693359375 0.55615234375 0.0078125 0.046875
5 0.546875 0.408203125 0.009765625 0.0390625
21 0.51171875 0.52734375 0.0078125 0.0478515625
21 0.4541015625 0.3818359375 0.009765625 0.0390625
8 0.42138671875 0.51171875 0.009765625 0.041015625
8 0.36669921875 0.3623046875 0.0078125 0.041015625
30 0.33447265625 0.50634765625 0.0087890625 0.04296875
30 0.26513671875 0.3798828125 0.01171875 0.04296875
43 0.830078125 0.70458984375 0.0126953125 0.044921875
38 0.7392578125 0.6669921875 0.0078125 0.04296875
16 0.63671875 0.67333984375 0.0087890625 0.044921875
49 0.5380859375 0.646484375 0.009765625 0.046875
14 0.44775390625 0.6328125 0.01171875 0.04296875
3 0.35302734375 0.63134765625 0.0087890625 0.04296875
32 0.26806640625 0.62744140625 0.0078125 0.041015625
2 0.88330078125 0.919921875 0.0087890625 0.0458984375
2 0.82470703125 0.75439453125 0.0087890625 0.041015625
19 0.79736328125 0.88134765625 0.009765625 0.0458984375
19 0.73486328125 0.728515625 0.009765625 0.041015625
34 0.71240234375 0.8642578125 0.0087890625 0.048828125
34 0.6396484375 0.724609375 0.009765625 0.0439453125
1 0.6083984375 0.84375 0.0078125 0.0390625
1 0.54052734375 0.69677734375 0.0087890625 0.041015625
10 0.51904296875 0.8408203125 0.0078125 0.0419921875
10 0.45263671875 0.6904296875 0.0087890625 0.0390625
37 0.4248046875 0.83447265625 0.0078125 0.0458984375
37 0.357421875 0.6943359375 0.0087890625 0.0419921875
29 0.3359375 0.8349609375 0.0078125 0.046875
29 0.265625 0.6962890625 0.009765625 0.044921875