1 0.93310546875 0.3330078125 0.005859375 0.03125
1 0.875 0.3212890625 0.0078125 0.03125
1 0.93603515625 0.18896484375 0.0078125 0.03125
1 0.87841796875 0.18017578125 0.005859375 0.033203125
53 0.8486328125 0.3134765625 0.0078125 0.03515625
53 0.79736328125 0.3076171875 0.0078125 0.033203125
53 0.8515625 0.1845703125 0.0078125 0.029296875
53 0.79931640625 0.17626953125 0.0068359375 0.03515625
51 0.76318359375 0.30419921875 0.0087890625 0.0380859375
51 0.708984375 0.2998046875 0.0087890625 0.037109375
51 0.76416015625 0.166015625 0.009765625 0.037109375
51 0.71044921875 0.1630859375 0.0078125 0.03515625
41 0.685546875 0.29736328125 0.005859375 0.0322265625
41 0.63330078125 0.28955078125 0.0068359375 0.0302734375
41 0.689453125 0.16455078125 0.00390625 0.03125
41 0.63671875 0.15869140625 0.0078125 0.029296875
3 0.60009765625 0.28955078125 0.0078125 0.0302734375
3 0.54248046875 0.28564453125 0.0078125 0.029296875
3 0.6025390625 0.14697265625 0.0078125 0.03125
3 0.544921875 0.142578125 0.005859375 0.03125
4 0.5166015625 0.27880859375 0.0068359375 0.033203125
4 0.458984375 0.2783203125 0.0068359375 0.033203125
4 0.5166015625 0.1357421875 0.0078125 0.0283203125
4 0.45947265625 0.13525390625 0.0068359375 0.0302734375
13 0.4306640625 0.2529296875 0.005859375 0.05859375
13 0.4345703125 0.13916015625 0.005859375 0.056640625
13 0.38134765625 0.13134765625 0.005859375 0.0595703125
13 0.37646484375 0.24560546875 0.0078125 0.060546875
16 0.341796875 0.2666015625 0.0078125 0.0361328125
16 0.283203125 0.26416015625 0.0087890625 0.033203125
16 0.2880859375 0.12255859375 0.009765625 0.033203125
16 0.34521484375 0.12548828125 0.009765625 0.0341796875
37 0.255859375 0.27197265625 0.0078125 0.03515625
37 0.197265625 0.27099609375 0.005859375 0.033203125
37 0.2587890625 0.1298828125 0.0068359375 0.0322265625
37 0.20166015625 0.12841796875 0.0078125 0.0322265625
36 0.16943359375 0.27587890625 0.0068359375 0.033203125
36 0.169921875 0.13427734375 0.0078125 0.0322265625
36 0.11279296875 0.1376953125 0.0078125 0.0322265625
36 0.1123046875 0.28076171875 0.0068359375 0.033203125
2 0.08056640625 0.28173828125 0.0078125 0.033203125
2 0.0830078125 0.13720703125 0.0087890625 0.03125
2 0.02490234375 0.1396484375 0.0087890625 0.029296875
2 0.0224609375 0.28466796875 0.005859375 0.0302734375
27 0.80078125 0.8896484375 0.0947265625 0.220703125
27 0.55322265625 0.64990234375 0.09765625 0.2216796875
11 0.37255859375 0.82861328125 0.009765625 0.033203125
11 0.31640625 0.82861328125 0.0078125 0.033203125
11 0.375 0.68359375 0.0087890625 0.033203125
11 0.31982421875 0.68212890625 0.0078125 0.0322265625
28 0.3515625 0.74755859375 0.0908203125 0.2421875
27 0.33349609375 0.45703125 0.091796875 0.21484375