53 0.0341796875 0.77099609375 0.009765625 0.0380859375
53 0.08642578125 0.76904296875 0.009765625 0.0341796875
53 0.04345703125 0.91064453125 0.009765625 0.0322265625
53 0.0947265625 0.9052734375 0.009765625 0.03515625
50 0.11328125 0.76416015625 0.0078125 0.03515625
50 0.1650390625 0.7587890625 0.0087890625 0.037109375
50 0.12255859375 0.90380859375 0.009765625 0.0361328125
50 0.1748046875 0.89892578125 0.009765625 0.033203125
0 0.1962890625 0.75634765625 0.009765625 0.0341796875
0 0.24853515625 0.751953125 0.009765625 0.03515625
0 0.20458984375 0.89794921875 0.0087890625 0.03125
0 0.25537109375 0.89404296875 0.009765625 0.03125
8 0.27978515625 0.75048828125 0.005859375 0.0302734375
8 0.33251953125 0.748046875 0.005859375 0.03125
8 0.2841796875 0.89111328125 0.0078125 0.0302734375
8 0.33642578125 0.88916015625 0.005859375 0.0302734375
25 0.35546875 0.74609375 0.0087890625 0.0341796875
25 0.40771484375 0.7431640625 0.0078125 0.0341796875
25 0.41162109375 0.8818359375 0.0078125 0.0341796875
25 0.359375 0.88623046875 0.0087890625 0.0322265625
54 0.43701171875 0.74462890625 0.0078125 0.03515625
54 0.48828125 0.740234375 0.0068359375 0.033203125
54 0.44189453125 0.884765625 0.0078125 0.033203125
54 0.49365234375 0.880859375 0.0078125 0.03515625
10 0.5224609375 0.74462890625 0.0087890625 0.033203125
10 0.57568359375 0.7421875 0.0068359375 0.0322265625
10 0.52685546875 0.88623046875 0.0087890625 0.03125
10 0.57861328125 0.88330078125 0.0078125 0.03125
26 0.603515625 0.74072265625 0.0078125 0.0341796875
26 0.65673828125 0.73779296875 0.0087890625 0.033203125
26 0.6044921875 0.87939453125 0.0078125 0.033203125
26 0.6572265625 0.87841796875 0.0078125 0.033203125
12 0.6845703125 0.732421875 0.009765625 0.0322265625
12 0.7373046875 0.72998046875 0.0078125 0.033203125
12 0.6845703125 0.873046875 0.0068359375 0.033203125
12 0.73681640625 0.87353515625 0.0078125 0.03125
1 0.76318359375 0.72314453125 0.0068359375 0.03515625
1 0.8154296875 0.72021484375 0.0078125 0.0341796875
1 0.76220703125 0.86669921875 0.0078125 0.033203125
1 0.81396484375 0.86474609375 0.005859375 0.0302734375
21 0.84326171875 0.7236328125 0.0078125 0.0361328125
21 0.89599609375 0.72802734375 0.0068359375 0.03515625
21 0.837890625 0.865234375 0.0078125 0.033203125
21 0.890625 0.8681640625 0.0078125 0.03515625
15 0.92529296875 0.724609375 0.0078125 0.0380859375
15 0.978515625 0.72705078125 0.0078125 0.037109375
15 0.91796875 0.865234375 0.0078125 0.037109375
15 0.9716796875 0.8681640625 0.0078125 0.0361328125
47 0.02294921875 0.5634765625 0.009765625 0.0380859375
47 0.0283203125 0.7060546875 0.0087890625 0.03515625
47 0.0810546875 0.70703125 0.0087890625 0.037109375
47 0.076171875 0.56640625 0.0087890625 0.0390625
19 0.10302734375 0.55078125 0.009765625 0.0380859375
19 0.15625 0.548828125 0.009765625 0.03515625
19 0.11083984375 0.69384765625 0.009765625 0.0341796875
19 0.16259765625 0.69140625 0.0087890625 0.033203125
46 0.18701171875 0.5341796875 0.0068359375 0.037109375
46 0.24169921875 0.53466796875 0.0068359375 0.0380859375
46 0.1904296875 0.67919921875 0.0087890625 0.0361328125
46 0.2431640625 0.6796875 0.0078125 0.0390625
44 0.267578125 0.53125 0.009765625 0.03515625
44 0.32080078125 0.52880859375 0.0078125 0.037109375
44 0.27294921875 0.67724609375 0.009765625 0.0390625
44 0.32568359375 0.67333984375 0.0087890625 0.037109375
9 0.35498046875 0.52197265625 0.0078125 0.033203125
9 0.408203125 0.52294921875 0.0078125 0.03125
9 0.35595703125 0.66845703125 0.0087890625 0.033203125
9 0.40966796875 0.66650390625 0.0078125 0.033203125
20 0.43505859375 0.50927734375 0.0078125 0.0380859375
20 0.48876953125 0.50830078125 0.0068359375 0.0390625
20 0.435546875 0.6513671875 0.0078125 0.03515625
20 0.4873046875 0.6533203125 0.005859375 0.03515625
22 0.52294921875 0.51318359375 0.0078125 0.03515625
22 0.5751953125 0.51806640625 0.0087890625 0.0361328125
22 0.51806640625 0.65478515625 0.0087890625 0.03515625
22 0.57080078125 0.66064453125 0.009765625 0.03515625
37 0.60693359375 0.51904296875 0.0078125 0.037109375
37 0.65966796875 0.52294921875 0.0078125 0.03515625
37 0.65625 0.666015625 0.0078125 0.03515625
37 0.60302734375 0.66259765625 0.0078125 0.033203125
29 0.6845703125 0.50830078125 0.0078125 0.037109375
29 0.73828125 0.50927734375 0.0087890625 0.033203125
29 0.734375 0.65478515625 0.0078125 0.03515625
29 0.681640625 0.6533203125 0.0078125 0.0341796875
30 0.77001953125 0.5048828125 0.0078125 0.0361328125
30 0.82421875 0.5009765625 0.0078125 0.037109375
30 0.8232421875 0.64697265625 0.0068359375 0.03515625
30 0.77001953125 0.64990234375 0.0078125 0.0361328125
7 0.85693359375 0.4970703125 0.0078125 0.0380859375
7 0.90966796875 0.4931640625 0.0087890625 0.0361328125
7 0.9072265625 0.64208984375 0.0087890625 0.0322265625
7 0.8544921875 0.64453125 0.0078125 0.0341796875
14 0.93896484375 0.505859375 0.0107421875 0.0400390625
14 0.99365234375 0.51220703125 0.009765625 0.041015625
14 0.92919921875 0.650390625 0.009765625 0.037109375
14 0.98291015625 0.65576171875 0.009765625 0.03515625
16 0.009765625 0.33984375 0.0107421875 0.0380859375
16 0.01953125 0.48779296875 0.01171875 0.041015625
16 0.0703125 0.4833984375 0.01171875 0.041015625
16 0.0625 0.33642578125 0.0107421875 0.037109375
41 0.09423828125 0.3251953125 0.0078125 0.033203125
41 0.1484375 0.3271484375 0.0078125 0.03515625
41 0.0966796875 0.47509765625 0.009765625 0.037109375
41 0.14990234375 0.4765625 0.0078125 0.037109375
51 0.189453125 0.3115234375 0.0078125 0.041015625
51 0.2431640625 0.31298828125 0.0087890625 0.0380859375
51 0.19140625 0.4580078125 0.0078125 0.037109375
51 0.24462890625 0.46044921875 0.0087890625 0.0380859375
17 0.27587890625 0.29638671875 0.009765625 0.0390625
17 0.33056640625 0.30322265625 0.0078125 0.0390625
17 0.32666015625 0.45166015625 0.0078125 0.037109375
17 0.27294921875 0.44482421875 0.009765625 0.03515625
34 0.3603515625 0.29638671875 0.009765625 0.0390625
34 0.4140625 0.3046875 0.0078125 0.041015625
34 0.35546875 0.44384765625 0.0078125 0.0390625
34 0.4091796875 0.45263671875 0.009765625 0.037109375
6 0.44580078125 0.287109375 0.0078125 0.03515625
6 0.50048828125 0.29736328125 0.0068359375 0.0361328125
6 0.43994140625 0.435546875 0.0078125 0.037109375
6 0.4931640625 0.43994140625 0.0078125 0.03515625
4 0.52392578125 0.28466796875 0.0078125 0.037109375
4 0.52392578125 0.43701171875 0.005859375 0.0322265625
4 0.57763671875 0.28662109375 0.005859375 0.0361328125
4 0.5771484375 0.435546875 0.005859375 0.0322265625
5 0.60595703125 0.30126953125 0.0087890625 0.0380859375
5 0.6611328125 0.30029296875 0.005859375 0.0361328125
5 0.60595703125 0.45166015625 0.0087890625 0.0322265625
5 0.66015625 0.44970703125 0.0078125 0.0341796875
23 0.6904296875 0.28564453125 0.0078125 0.0390625
23 0.74462890625 0.28369140625 0.0078125 0.037109375
23 0.6884765625 0.43212890625 0.0078125 0.037109375
23 0.7431640625 0.43310546875 0.0068359375 0.041015625
39 0.77001953125 0.28515625 0.0068359375 0.0390625
39 0.77001953125 0.4345703125 0.0078125 0.03515625
39 0.8251953125 0.43017578125 0.0078125 0.03515625
39 0.82568359375 0.2802734375 0.0068359375 0.0341796875
36 0.86328125 0.28173828125 0.005859375 0.04296875
36 0.91845703125 0.279296875 0.005859375 0.0361328125
36 0.86181640625 0.4296875 0.005859375 0.037109375
36 0.916015625 0.4287109375 0.005859375 0.037109375
52 0.955078125 0.28564453125 0.0078125 0.0390625
52 0.9453125 0.43359375 0.0078125 0.037109375
48 0.01025390625 0.076171875 0.0078125 0.0390625
48 0.0068359375 0.23046875 0.0078125 0.041015625
48 0.06201171875 0.2431640625 0.009765625 0.0390625
48 0.06640625 0.08984375 0.0078125 0.041015625
32 0.0986328125 0.07470703125 0.0087890625 0.0390625
32 0.1533203125 0.08154296875 0.009765625 0.0380859375
32 0.095703125 0.2265625 0.0078125 0.03515625
32 0.14990234375 0.2353515625 0.0078125 0.04296875
3 0.19384765625 0.0595703125 0.0078125 0.041015625
3 0.24853515625 0.0634765625 0.0078125 0.0361328125
3 0.19140625 0.2138671875 0.0078125 0.033203125
3 0.2470703125 0.21923828125 0.0078125 0.0390625
2 0.26904296875 0.0625 0.0087890625 0.041015625
2 0.32470703125 0.0576171875 0.009765625 0.0419921875
2 0.27490234375 0.216796875 0.009765625 0.0380859375
2 0.32958984375 0.21435546875 0.0078125 0.0380859375
33 0.36474609375 0.07177734375 0.0068359375 0.041015625
33 0.41943359375 0.0791015625 0.0068359375 0.041015625
33 0.3603515625 0.22705078125 0.0078125 0.0390625
33 0.41552734375 0.23388671875 0.0068359375 0.0400390625
49 0.44287109375 0.07373046875 0.0078125 0.04296875
49 0.4990234375 0.07373046875 0.0078125 0.041015625
49 0.44384765625 0.22802734375 0.0078125 0.037109375
49 0.498046875 0.22998046875 0.005859375 0.0380859375
13 0.5283203125 0.0595703125 0.009765625 0.0205078125
13 0.583984375 0.0615234375 0.01171875 0.0185546875
13 0.58056640625 0.23583984375 0.009765625 0.01953125
13 0.52587890625 0.234375 0.009765625 0.01953125
31 0.6123046875 0.068359375 0.0078125 0.04296875
31 0.66748046875 0.07177734375 0.0078125 0.04296875
31 0.66259765625 0.22802734375 0.0078125 0.0361328125
31 0.60791015625 0.224609375 0.0078125 0.0380859375
35 0.69091796875 0.072265625 0.0078125 0.041015625
35 0.74755859375 0.068359375 0.0078125 0.0400390625
35 0.69140625 0.228515625 0.0087890625 0.0380859375
35 0.7470703125 0.22509765625 0.0087890625 0.0400390625
42 0.7763671875 0.06640625 0.009765625 0.0400390625
42 0.8330078125 0.064453125 0.009765625 0.0380859375
42 0.77587890625 0.22021484375 0.01171875 0.0390625
42 0.83154296875 0.21826171875 0.009765625 0.0390625
11 0.86962890625 0.06005859375 0.009765625 0.0361328125
11 0.92578125 0.05419921875 0.009765625 0.0341796875
11 0.86962890625 0.21533203125 0.009765625 0.033203125
11 0.9248046875 0.2109375 0.0087890625 0.033203125
45 0.95947265625 0.06591796875 0.009765625 0.041015625
45 0.95849609375 0.2216796875 0.0087890625 0.0390625