1 0.93310546875 0.3330078125 0.005859375 0.03125
1 0.875 0.3212890625 0.0078125 0.03125
1 0.93603515625 0.18896484375 0.0078125 0.03125
1 0.87841796875 0.18017578125 0.005859375 0.033203125
53 0.8486328125 0.3134765625 0.0078125 0.03515625
53 0.79736328125 0.3076171875 0.0078125 0.033203125
53 0.8515625 0.1845703125 0.0078125 0.029296875
53 0.79931640625 0.17626953125 0.0068359375 0.03515625
51 0.76318359375 0.30419921875 0.0087890625 0.0380859375
51 0.708984375 0.2998046875 0.0087890625 0.037109375
51 0.76416015625 0.166015625 0.009765625 0.037109375
51 0.71044921875 0.1630859375 0.0078125 0.03515625
41 0.685546875 0.29736328125 0.005859375 0.0322265625
41 0.63330078125 0.28955078125 0.0068359375 0.0302734375
41 0.689453125 0.16455078125 0.00390625 0.03125
41 0.63671875 0.15869140625 0.0078125 0.029296875
3 0.60009765625 0.28955078125 0.0078125 0.0302734375
3 0.54248046875 0.28564453125 0.0078125 0.029296875
3 0.6025390625 0.14697265625 0.0078125 0.03125
3 0.544921875 0.142578125 0.005859375 0.03125
4 0.5166015625 0.27880859375 0.0068359375 0.033203125
4 0.458984375 0.2783203125 0.0068359375 0.033203125
4 0.5166015625 0.1357421875 0.0078125 0.0283203125
4 0.45947265625 0.13525390625 0.0068359375 0.0302734375
13 0.4306640625 0.2529296875 0.005859375 0.05859375
13 0.4345703125 0.13916015625 0.005859375 0.056640625
13 0.38134765625 0.13134765625 0.005859375 0.0595703125
13 0.37646484375 0.24560546875 0.0078125 0.060546875
16 0.341796875 0.2666015625 0.0078125 0.0361328125
16 0.283203125 0.26416015625 0.0087890625 0.033203125
16 0.2880859375 0.12255859375 0.009765625 0.033203125
16 0.34521484375 0.12548828125 0.009765625 0.0341796875
37 0.255859375 0.27197265625 0.0078125 0.03515625
37 0.197265625 0.27099609375 0.005859375 0.033203125
37 0.2587890625 0.1298828125 0.0068359375 0.0322265625
37 0.20166015625 0.12841796875 0.0078125 0.0322265625
36 0.16943359375 0.27587890625 0.0068359375 0.033203125
36 0.169921875 0.13427734375 0.0078125 0.0322265625
36 0.11279296875 0.1376953125 0.0078125 0.0322265625
36 0.1123046875 0.28076171875 0.0068359375 0.033203125
2 0.08056640625 0.28173828125 0.0078125 0.033203125
2 0.0830078125 0.13720703125 0.0087890625 0.03125
2 0.02490234375 0.1396484375 0.0087890625 0.029296875
2 0.0224609375 0.28466796875 0.005859375 0.0302734375
23 0.92724609375 0.54931640625 0.009765625 0.0380859375
23 0.8740234375 0.541015625 0.0087890625 0.037109375
23 0.87451171875 0.3994140625 0.009765625 0.037109375
23 0.92724609375 0.4072265625 0.009765625 0.0390625
35 0.84716796875 0.533203125 0.0078125 0.03515625
35 0.787109375 0.533203125 0.0068359375 0.03515625
35 0.78564453125 0.38427734375 0.0068359375 0.03515625
35 0.84521484375 0.384765625 0.0087890625 0.0322265625
6 0.76416015625 0.53369140625 0.0068359375 0.0361328125
6 0.705078125 0.5263671875 0.0068359375 0.0322265625
6 0.708984375 0.3779296875 0.005859375 0.03125
6 0.767578125 0.38671875 0.0078125 0.03515625
14 0.68798828125 0.51953125 0.0078125 0.03515625
14 0.62890625 0.52001953125 0.0078125 0.03515625
14 0.68603515625 0.375 0.0078125 0.0322265625
14 0.62744140625 0.3759765625 0.0078125 0.03515625
9 0.591796875 0.51806640625 0.0078125 0.0361328125
9 0.53759765625 0.517578125 0.009765625 0.037109375
9 0.537109375 0.37646484375 0.0087890625 0.037109375
9 0.591796875 0.37646484375 0.0087890625 0.03515625
20 0.5126953125 0.5107421875 0.0078125 0.03515625
20 0.45458984375 0.50537109375 0.009765625 0.0390625
20 0.5166015625 0.36572265625 0.0087890625 0.037109375
20 0.45849609375 0.361328125 0.0078125 0.0341796875
26 0.412109375 0.49951171875 0.0068359375 0.037109375
26 0.35986328125 0.498046875 0.0078125 0.03515625
26 0.416015625 0.3642578125 0.0078125 0.037109375
26 0.36328125 0.3623046875 0.0068359375 0.033203125
21 0.33837890625 0.501953125 0.0078125 0.03515625
21 0.33984375 0.35546875 0.0068359375 0.0322265625
21 0.28076171875 0.35498046875 0.0078125 0.03515625
21 0.279296875 0.5009765625 0.0078125 0.03515625
17 0.25048828125 0.50146484375 0.0068359375 0.03515625
17 0.19091796875 0.50048828125 0.0068359375 0.03515625
17 0.25390625 0.35546875 0.0078125 0.0322265625
17 0.1953125 0.3544921875 0.0078125 0.033203125
54 0.16015625 0.49072265625 0.0078125 0.0341796875
54 0.10595703125 0.48828125 0.0068359375 0.03515625
54 0.1650390625 0.35498046875 0.0078125 0.0322265625
54 0.11181640625 0.35107421875 0.0068359375 0.03125
52 0.076171875 0.49169921875 0.005859375 0.033203125
52 0.021484375 0.4921875 0.0068359375 0.03515625
52 0.0810546875 0.3564453125 0.005859375 0.037109375
52 0.02685546875 0.3564453125 0.0078125 0.03125
38 0.92529296875 0.76953125 0.01171875 0.041015625
38 0.86865234375 0.75634765625 0.0087890625 0.04296875
38 0.92919921875 0.6259765625 0.009765625 0.0390625
38 0.87353515625 0.6142578125 0.0107421875 0.0439453125
48 0.84375 0.7626953125 0.009765625 0.037109375
48 0.7841796875 0.75634765625 0.0087890625 0.0400390625
48 0.84521484375 0.611328125 0.009765625 0.0380859375
48 0.78662109375 0.60400390625 0.0087890625 0.0390625
32 0.76171875 0.75390625 0.0078125 0.041015625
32 0.7021484375 0.75390625 0.005859375 0.03515625
32 0.75732421875 0.60107421875 0.0078125 0.03515625
32 0.69873046875 0.60302734375 0.0078125 0.03515625
49 0.67724609375 0.75048828125 0.0068359375 0.03515625
49 0.61767578125 0.74609375 0.0068359375 0.0390625
49 0.677734375 0.59912109375 0.0078125 0.0341796875
49 0.61865234375 0.595703125 0.0078125 0.03515625
43 0.5869140625 0.74853515625 0.0078125 0.037109375
43 0.52783203125 0.73828125 0.0068359375 0.03515625
43 0.5947265625 0.599609375 0.0078125 0.037109375
43 0.53564453125 0.5908203125 0.0068359375 0.0361328125
50 0.49951171875 0.7353515625 0.0078125 0.0380859375
50 0.439453125 0.72509765625 0.0087890625 0.03515625
50 0.447265625 0.576171875 0.0087890625 0.033203125
50 0.505859375 0.58447265625 0.0078125 0.03515625
47 0.40673828125 0.73193359375 0.0068359375 0.03515625
47 0.41015625 0.5810546875 0.0078125 0.037109375
47 0.35009765625 0.578125 0.0078125 0.037109375
47 0.34619140625 0.72900390625 0.0078125 0.041015625
46 0.32177734375 0.72265625 0.009765625 0.0390625
46 0.33056640625 0.5703125 0.0078125 0.0361328125
46 0.271484375 0.564453125 0.009765625 0.037109375
46 0.2626953125 0.71484375 0.0087890625 0.0400390625
34 0.24267578125 0.71630859375 0.0068359375 0.033203125
34 0.18359375 0.7138671875 0.0078125 0.03515625
34 0.2490234375 0.5654296875 0.0068359375 0.03515625
34 0.18994140625 0.56103515625 0.0078125 0.033203125
31 0.15966796875 0.71240234375 0.0078125 0.033203125
31 0.099609375 0.716796875 0.0078125 0.03515625
31 0.16064453125 0.55908203125 0.0078125 0.033203125
31 0.1005859375 0.5625 0.0078125 0.033203125
22 0.06982421875 0.7138671875 0.0078125 0.037109375
22 0.00927734375 0.716796875 0.0078125 0.03515625
22 0.01171875 0.56640625 0.0068359375 0.0322265625
22 0.0712890625 0.56396484375 0.0068359375 0.0341796875