51 0.41943359375 0.04638671875 0.041015625 0.0078125
51 0.40283203125 0.10302734375 0.041015625 0.0078125
51 0.28125 0.04052734375 0.0380859375 0.0068359375
51 0.26416015625 0.09716796875 0.0390625 0.0068359375
45 0.396484375 0.1396484375 0.04296875 0.0078125
45 0.38916015625 0.19921875 0.0390625 0.0078125
45 0.2587890625 0.13916015625 0.0400390625 0.0078125
45 0.25146484375 0.1982421875 0.0390625 0.0078125
13 0.39599609375 0.220703125 0.0146484375 0.0078125
13 0.39501953125 0.28076171875 0.015625 0.009765625
13 0.23095703125 0.2236328125 0.017578125 0.0078125
13 0.22998046875 0.28369140625 0.01953125 0.0087890625
7 0.375 0.302734375 0.04296875 0.009765625
7 0.37451171875 0.3623046875 0.0400390625 0.0078125
7 0.234375 0.30419921875 0.0400390625 0.0078125
7 0.23388671875 0.36279296875 0.0400390625 0.0078125
13 0.376953125 0.38671875 0.017578125 0.0078125
13 0.37744140625 0.44677734375 0.0166015625 0.0078125
13 0.21142578125 0.447265625 0.017578125 0.0087890625
13 0.212890625 0.38818359375 0.017578125 0.0087890625
3 0.3544921875 0.4814453125 0.0400390625 0.0087890625
3 0.21630859375 0.482421875 0.041015625 0.009765625
3 0.35546875 0.54052734375 0.041015625 0.0087890625
3 0.21533203125 0.541015625 0.041015625 0.0087890625
21 0.35595703125 0.56787109375 0.0439453125 0.0078125
21 0.35888671875 0.62744140625 0.0439453125 0.0087890625
21 0.216796875 0.62939453125 0.04296875 0.0078125
21 0.21630859375 0.56982421875 0.0439453125 0.0087890625
42 0.34912109375 0.65966796875 0.041015625 0.009765625
42 0.3544921875 0.71923828125 0.041015625 0.009765625
42 0.21533203125 0.72119140625 0.04296875 0.009765625
42 0.21044921875 0.662109375 0.041015625 0.009765625
50 0.35546875 0.7421875 0.041015625 0.0087890625
50 0.35888671875 0.80224609375 0.041015625 0.0078125
50 0.21875 0.8017578125 0.041015625 0.0078125
50 0.21630859375 0.7421875 0.0390625 0.009765625
5 0.37158203125 0.8271484375 0.0390625 0.005859375
5 0.3759765625 0.88720703125 0.0390625 0.0078125
5 0.2353515625 0.88623046875 0.04296875 0.0087890625
5 0.23193359375 0.826171875 0.0380859375 0.009765625
33 0.37158203125 0.91259765625 0.04296875 0.0078125
33 0.37158203125 0.97314453125 0.044921875 0.0087890625
33 0.22998046875 0.970703125 0.04296875 0.0078125
33 0.232421875 0.9091796875 0.0390625 0.0087890625