47 0.85205078125 0.18310546875 0.0068359375 0.037109375
47 0.80126953125 0.17724609375 0.0068359375 0.037109375
29 0.77783203125 0.16357421875 0.0107421875 0.03515625
29 0.7265625 0.16015625 0.009765625 0.03515625
37 0.623046875 0.14599609375 0.0078125 0.0322265625
37 0.57177734375 0.13671875 0.0078125 0.033203125
44 0.55029296875 0.13525390625 0.0078125 0.037109375
44 0.49853515625 0.12451171875 0.0068359375 0.0341796875
22 0.3486328125 0.1044921875 0.0087890625 0.033203125
20 0.32275390625 0.10205078125 0.0087890625 0.03515625
20 0.271484375 0.09423828125 0.0078125 0.0390625
9 0.23388671875 0.0927734375 0.0087890625 0.0302734375
9 0.1796875 0.0986328125 0.0087890625 0.0302734375
7 0.15234375 0.10498046875 0.0078125 0.033203125
7 0.10009765625 0.10302734375 0.009765625 0.0341796875
12 0.85302734375 0.2236328125 0.0087890625 0.03515625
12 0.80078125 0.21826171875 0.0078125 0.03515625
1 0.77880859375 0.2109375 0.0087890625 0.0341796875
1 0.7265625 0.20556640625 0.0078125 0.0341796875
54 0.701171875 0.1865234375 0.009765625 0.033203125
54 0.64892578125 0.1865234375 0.009765625 0.0341796875
21 0.61865234375 0.18798828125 0.0078125 0.03515625
21 0.56640625 0.1826171875 0.0078125 0.0322265625
8 0.5439453125 0.17919921875 0.0078125 0.037109375
8 0.4921875 0.169921875 0.0078125 0.03125
0 0.4716796875 0.15185546875 0.009765625 0.0341796875
0 0.4189453125 0.13720703125 0.009765625 0.03515625
15 0.3984375 0.14501953125 0.009765625 0.033203125
15 0.34619140625 0.13916015625 0.0087890625 0.0341796875
25 0.3193359375 0.14013671875 0.009765625 0.033203125
25 0.26708984375 0.1298828125 0.009765625 0.03125
14 0.1826171875 0.14794921875 0.0087890625 0.033203125
14 0.232421875 0.1435546875 0.009765625 0.037109375
19 0.14892578125 0.15625 0.0078125 0.0390625
19 0.0966796875 0.15283203125 0.0078125 0.037109375
17 0.8564453125 0.26953125 0.0078125 0.0361328125
17 0.80419921875 0.26171875 0.0087890625 0.0361328125
17 0.85302734375 0.41162109375 0.0078125 0.037109375
17 0.79931640625 0.40234375 0.009765625 0.03515625
51 0.7724609375 0.39990234375 0.0078125 0.03515625
51 0.71923828125 0.390625 0.0078125 0.033203125
51 0.72607421875 0.24951171875 0.0078125 0.03515625
51 0.7783203125 0.25830078125 0.0078125 0.0322265625
41 0.70263671875 0.37255859375 0.0078125 0.033203125
41 0.70263671875 0.22802734375 0.0078125 0.0322265625
41 0.64990234375 0.22705078125 0.0078125 0.033203125
41 0.6494140625 0.37158203125 0.0078125 0.03515625
16 0.61376953125 0.36669921875 0.0078125 0.0380859375
16 0.5615234375 0.36376953125 0.0087890625 0.0380859375
16 0.61572265625 0.22509765625 0.0078125 0.03515625
16 0.5634765625 0.22265625 0.0078125 0.037109375
6 0.529296875 0.359375 0.0078125 0.037109375
6 0.47705078125 0.3486328125 0.0068359375 0.03515625
6 0.53857421875 0.21728515625 0.0078125 0.033203125
6 0.48681640625 0.20849609375 0.0068359375 0.037109375
34 0.45947265625 0.34130859375 0.0087890625 0.037109375
34 0.40673828125 0.33154296875 0.0078125 0.03515625
34 0.466796875 0.2001953125 0.0078125 0.033203125
34 0.41455078125 0.19140625 0.0068359375 0.03515625
26 0.3876953125 0.3349609375 0.0078125 0.033203125
26 0.3349609375 0.3251953125 0.0078125 0.0361328125
26 0.39599609375 0.1943359375 0.0078125 0.03515625
26 0.34326171875 0.1845703125 0.0087890625 0.033203125
10 0.30712890625 0.32763671875 0.0078125 0.033203125
10 0.25439453125 0.31640625 0.0078125 0.03515625
10 0.3193359375 0.185546875 0.009765625 0.029296875
10 0.26708984375 0.173828125 0.0078125 0.0322265625
50 0.23388671875 0.3359375 0.0078125 0.03515625
50 0.18115234375 0.33251953125 0.005859375 0.037109375
50 0.23974609375 0.19482421875 0.0087890625 0.037109375
50 0.1875 0.189453125 0.0078125 0.0341796875
53 0.140625 0.3369140625 0.0078125 0.037109375
53 0.087890625 0.337890625 0.0087890625 0.033203125
53 0.14306640625 0.197265625 0.0087890625 0.03515625
53 0.0908203125 0.197265625 0.009765625 0.03125
3 0.88330078125 0.52978515625 0.01171875 0.037109375
3 0.82958984375 0.52099609375 0.01171875 0.0390625
35 0.79833984375 0.51123046875 0.01171875 0.0390625
35 0.74462890625 0.49951171875 0.0078125 0.0390625
2 0.71630859375 0.48681640625 0.0107421875 0.037109375
2 0.66259765625 0.47314453125 0.0087890625 0.037109375
48 0.634765625 0.47021484375 0.009765625 0.0390625
48 0.58251953125 0.45654296875 0.009765625 0.0380859375
36 0.55126953125 0.451171875 0.0087890625 0.033203125
36 0.4990234375 0.44140625 0.0078125 0.0341796875
52 0.47119140625 0.43701171875 0.0078125 0.0361328125
52 0.41845703125 0.4296875 0.0078125 0.037109375
39 0.38916015625 0.4306640625 0.0078125 0.0361328125
39 0.33544921875 0.4248046875 0.0078125 0.033203125
23 0.3017578125 0.42529296875 0.0078125 0.0341796875
23 0.24755859375 0.42041015625 0.0087890625 0.03515625
5 0.22119140625 0.423828125 0.0078125 0.033203125
5 0.1669921875 0.4267578125 0.0087890625 0.0341796875
4 0.13671875 0.4208984375 0.0078125 0.037109375
4 0.08349609375 0.419921875 0.0078125 0.0341796875
18 0.88525390625 0.59130859375 0.0078125 0.041015625
18 0.83056640625 0.578125 0.0078125 0.0390625
38 0.80078125 0.55908203125 0.0078125 0.0390625
38 0.7470703125 0.5439453125 0.0078125 0.03515625
11 0.71630859375 0.54736328125 0.0078125 0.03515625
11 0.66259765625 0.53271484375 0.0078125 0.03515625
45 0.6298828125 0.5146484375 0.0078125 0.03515625
45 0.576171875 0.505859375 0.009765625 0.03515625
42 0.54833984375 0.49853515625 0.009765625 0.03515625
42 0.49658203125 0.4833984375 0.0107421875 0.037109375
31 0.46923828125 0.48828125 0.0087890625 0.03515625
31 0.4150390625 0.4765625 0.0087890625 0.037109375
13 0.38720703125 0.470703125 0.0087890625 0.0185546875
13 0.3330078125 0.46240234375 0.0087890625 0.017578125
49 0.29931640625 0.478515625 0.0078125 0.0322265625
49 0.2451171875 0.478515625 0.0078125 0.03515625
32 0.21923828125 0.49267578125 0.0087890625 0.0341796875
32 0.166015625 0.4873046875 0.01171875 0.037109375
33 0.1318359375 0.482421875 0.009765625 0.037109375
33 0.076171875 0.4833984375 0.0078125 0.0380859375
18 0.87744140625 0.740234375 0.0087890625 0.0390625
18 0.8232421875 0.7255859375 0.009765625 0.037109375
38 0.79248046875 0.7060546875 0.0078125 0.03515625
38 0.73828125 0.6923828125 0.0078125 0.03515625
11 0.70703125 0.6943359375 0.0087890625 0.0390625
11 0.65234375 0.67919921875 0.009765625 0.033203125
45 0.62255859375 0.66015625 0.0078125 0.0390625
45 0.56884765625 0.65234375 0.0068359375 0.037109375
42 0.53662109375 0.64404296875 0.009765625 0.037109375
42 0.4833984375 0.630859375 0.0107421875 0.0400390625
31 0.458984375 0.6328125 0.0087890625 0.04296875
31 0.40576171875 0.62353515625 0.0078125 0.0390625
40 0.38525390625 0.52685546875 0.0087890625 0.033203125
40 0.3310546875 0.517578125 0.0087890625 0.03515625
40 0.31982421875 0.666015625 0.009765625 0.037109375
40 0.37451171875 0.67626953125 0.0087890625 0.03515625
43 0.30712890625 0.552734375 0.0087890625 0.037109375
43 0.25390625 0.541015625 0.009765625 0.03515625
43 0.29296875 0.70068359375 0.0078125 0.0400390625
43 0.2392578125 0.68896484375 0.0078125 0.03515625
13 0.2080078125 0.53125 0.0087890625 0.015625
13 0.20751953125 0.6982421875 0.009765625 0.0185546875
13 0.1533203125 0.70263671875 0.009765625 0.0185546875
13 0.1533203125 0.53564453125 0.0107421875 0.01953125
24 0.12109375 0.54052734375 0.0078125 0.033203125
24 0.06640625 0.54150390625 0.0078125 0.037109375
24 0.06396484375 0.6904296875 0.0078125 0.03515625
24 0.11865234375 0.6875 0.0078125 0.03125