28 0.880859375 0.365234375 0.076171875 0.189453125
9 0.859375 0.29931640625 0.009765625 0.0361328125
9 0.90966796875 0.30615234375 0.0078125 0.0380859375
9 0.90185546875 0.4296875 0.0078125 0.04296875
9 0.85205078125 0.42041015625 0.0078125 0.041015625
13 0.83935546875 0.5634765625 0.005859375 0.0654296875
4 0.8427734375 0.75 0.009765625 0.041015625
4 0.89306640625 0.740234375 0.009765625 0.041015625
4 0.89990234375 0.8623046875 0.009765625 0.0400390625
4 0.849609375 0.873046875 0.0078125 0.041015625
28 0.87353515625 0.81298828125 0.0771484375 0.189453125
28 0.8642578125 0.58837890625 0.0712890625 0.1943359375
28 0.76318359375 0.37109375 0.0703125 0.1953125
1 0.73583984375 0.30712890625 0.009765625 0.041015625
1 0.7861328125 0.3037109375 0.009765625 0.0439453125
1 0.78955078125 0.42578125 0.0078125 0.046875
1 0.73876953125 0.43017578125 0.009765625 0.0400390625
28 0.767578125 0.59228515625 0.076171875 0.1875
49 0.74072265625 0.5341796875 0.009765625 0.044921875
49 0.79248046875 0.52734375 0.0087890625 0.0419921875
49 0.796875 0.64990234375 0.0087890625 0.041015625
49 0.74609375 0.654296875 0.009765625 0.041015625
28 0.76171875 0.81103515625 0.068359375 0.1875
8 0.73974609375 0.7421875 0.0078125 0.04296875
8 0.7353515625 0.86328125 0.0078125 0.04296875
8 0.78564453125 0.87060546875 0.0078125 0.04296875
8 0.79052734375 0.748046875 0.0087890625 0.046875