42 0.21435546875 0.8505859375 0.0078125 0.033203125
42 0.15771484375 0.84326171875 0.0087890625 0.029296875
11 0.25048828125 0.837890625 0.0078125 0.0283203125
11 0.30224609375 0.8408203125 0.0078125 0.029296875
7 0.32666015625 0.84033203125 0.0078125 0.033203125
7 0.384765625 0.85107421875 0.0078125 0.029296875
25 0.41552734375 0.857421875 0.0078125 0.03125
25 0.46728515625 0.8623046875 0.0078125 0.03125
19 0.5029296875 0.8701171875 0.0078125 0.033203125
19 0.5595703125 0.86962890625 0.0078125 0.0341796875
8 0.58154296875 0.86767578125 0.0078125 0.0341796875
8 0.638671875 0.8740234375 0.0078125 0.0302734375
30 0.6640625 0.8623046875 0.0087890625 0.03125
30 0.7216796875 0.87158203125 0.0078125 0.03515625
33 0.810546875 0.85791015625 0.0078125 0.0361328125
33 0.75390625 0.85546875 0.005859375 0.03125
12 0.89599609375 0.84765625 0.0087890625 0.02734375
12 0.84521484375 0.8583984375 0.01171875 0.0263671875
3 0.1640625 0.65625 0.005859375 0.03125
3 0.22119140625 0.66259765625 0.0068359375 0.029296875
3 0.1630859375 0.80078125 0.0068359375 0.03125
3 0.2197265625 0.80517578125 0.0078125 0.0283203125
51 0.25390625 0.65234375 0.009765625 0.0390625
51 0.30859375 0.65869140625 0.009765625 0.037109375
51 0.25146484375 0.78955078125 0.0087890625 0.0380859375
51 0.30517578125 0.79443359375 0.009765625 0.037109375
1 0.337890625 0.65283203125 0.005859375 0.033203125
1 0.3955078125 0.669921875 0.0078125 0.0302734375
1 0.32470703125 0.794921875 0.0078125 0.029296875
1 0.3818359375 0.81201171875 0.0078125 0.029296875
4 0.41650390625 0.66796875 0.0078125 0.03125
4 0.4111328125 0.8095703125 0.0078125 0.03515625
4 0.46826171875 0.81787109375 0.005859375 0.03125
4 0.47412109375 0.6748046875 0.005859375 0.029296875
48 0.5 0.67431640625 0.0087890625 0.0341796875
48 0.5576171875 0.67724609375 0.0078125 0.03515625
48 0.55517578125 0.81884765625 0.0078125 0.033203125
48 0.49853515625 0.81494140625 0.0078125 0.037109375
40 0.5888671875 0.67626953125 0.009765625 0.03125
40 0.64111328125 0.6767578125 0.0078125 0.0341796875
40 0.587890625 0.80859375 0.0078125 0.0361328125
40 0.640625 0.81005859375 0.0068359375 0.0341796875
20 0.68212890625 0.66015625 0.0078125 0.03515625
20 0.73974609375 0.673828125 0.0068359375 0.03515625
20 0.66845703125 0.80029296875 0.0078125 0.0341796875
20 0.7275390625 0.81494140625 0.0078125 0.03515625
47 0.76123046875 0.65283203125 0.0068359375 0.03515625
47 0.81884765625 0.66357421875 0.0078125 0.03515625
47 0.75244140625 0.79541015625 0.005859375 0.037109375
47 0.810546875 0.8037109375 0.0068359375 0.029296875
45 0.83837890625 0.666015625 0.0078125 0.03125
45 0.89697265625 0.658203125 0.0078125 0.03125
45 0.8408203125 0.8076171875 0.0078125 0.03125
45 0.8984375 0.80029296875 0.005859375 0.0302734375
16 0.21533203125 0.58154296875 0.005859375 0.033203125
16 0.15625 0.56982421875 0.0068359375 0.033203125
24 0.25 0.58056640625 0.0078125 0.0302734375
24 0.302734375 0.58740234375 0.0078125 0.03515625
23 0.33935546875 0.59716796875 0.009765625 0.037109375
23 0.39404296875 0.595703125 0.009765625 0.0361328125
34 0.40771484375 0.59619140625 0.0078125 0.0341796875
34 0.46630859375 0.60595703125 0.0087890625 0.033203125
0 0.56201171875 0.59619140625 0.0087890625 0.03125
0 0.505859375 0.611328125 0.0078125 0.0302734375
26 0.64453125 0.57861328125 0.0078125 0.03515625
26 0.59228515625 0.5732421875 0.009765625 0.03515625
21 0.68310546875 0.59033203125 0.0078125 0.0380859375
21 0.74169921875 0.59375 0.0068359375 0.03515625
52 0.7646484375 0.5869140625 0.0068359375 0.033203125
52 0.81982421875 0.5869140625 0.005859375 0.033203125
53 0.8505859375 0.59228515625 0.0087890625 0.0283203125
53 0.90478515625 0.5869140625 0.0078125 0.033203125
15 0.1650390625 0.36962890625 0.0078125 0.037109375
15 0.15771484375 0.51611328125 0.0078125 0.033203125
15 0.21728515625 0.52978515625 0.0078125 0.033203125
15 0.224609375 0.38037109375 0.0087890625 0.033203125
5 0.25732421875 0.37646484375 0.0078125 0.03515625
5 0.31640625 0.38720703125 0.005859375 0.029296875
5 0.24951171875 0.52685546875 0.0078125 0.029296875
5 0.3095703125 0.5361328125 0.005859375 0.0283203125
29 0.3369140625 0.38916015625 0.0078125 0.0361328125
29 0.3349609375 0.53759765625 0.005859375 0.033203125
29 0.3935546875 0.541015625 0.0078125 0.033203125
29 0.3955078125 0.39306640625 0.0078125 0.03515625
41 0.4140625 0.40576171875 0.005859375 0.033203125
41 0.46875 0.41015625 0.0048828125 0.033203125
41 0.46435546875 0.54833984375 0.005859375 0.0302734375
41 0.4111328125 0.54345703125 0.0078125 0.033203125
50 0.49951171875 0.40234375 0.005859375 0.03515625
50 0.55859375 0.39892578125 0.0078125 0.03515625
50 0.55859375 0.54638671875 0.0068359375 0.029296875
50 0.5009765625 0.544921875 0.0078125 0.03515625
43 0.59814453125 0.37939453125 0.0068359375 0.037109375
43 0.6572265625 0.38916015625 0.0078125 0.037109375
43 0.64794921875 0.53466796875 0.005859375 0.03515625
43 0.58984375 0.52490234375 0.0068359375 0.03515625
38 0.6962890625 0.39111328125 0.0078125 0.0361328125
38 0.751953125 0.3984375 0.009765625 0.0390625
38 0.68798828125 0.52783203125 0.009765625 0.04296875
38 0.744140625 0.5380859375 0.0078125 0.037109375
54 0.77392578125 0.39501953125 0.005859375 0.03515625
54 0.82861328125 0.39794921875 0.005859375 0.041015625
54 0.77099609375 0.5322265625 0.0087890625 0.041015625
54 0.82568359375 0.53662109375 0.0087890625 0.03515625
14 0.845703125 0.5439453125 0.0087890625 0.0361328125
14 0.90478515625 0.54345703125 0.0087890625 0.0361328125
14 0.90673828125 0.39404296875 0.0087890625 0.037109375
14 0.84814453125 0.39697265625 0.0078125 0.033203125
31 0.2177734375 0.30078125 0.0078125 0.03515625
31 0.15771484375 0.296875 0.0068359375 0.03515625
22 0.24560546875 0.2939453125 0.0078125 0.03515625
22 0.3056640625 0.30615234375 0.005859375 0.03515625
35 0.333984375 0.31103515625 0.0078125 0.03515625
35 0.39453125 0.32373046875 0.0078125 0.0390625
17 0.4169921875 0.31689453125 0.0078125 0.0390625
17 0.47705078125 0.3173828125 0.0068359375 0.0361328125
36 0.509765625 0.3173828125 0.0087890625 0.03515625
36 0.56884765625 0.31982421875 0.0068359375 0.037109375
2 0.60595703125 0.3134765625 0.0087890625 0.03515625
2 0.666015625 0.32373046875 0.0068359375 0.03515625
18 0.779296875 0.333984375 0.009765625 0.0390625
18 0.841796875 0.3271484375 0.0078125 0.037109375
44 0.91650390625 0.31787109375 0.009765625 0.0380859375
44 0.85693359375 0.3251953125 0.0078125 0.0390625
2 0.6962890625 0.330078125 0.005859375 0.025390625
2 0.75341796875 0.3310546875 0.005859375 0.025390625
10 0.16162109375 0.09619140625 0.0087890625 0.033203125
10 0.16552734375 0.24169921875 0.009765625 0.03515625
10 0.2197265625 0.24267578125 0.0087890625 0.03125
10 0.21728515625 0.09716796875 0.0087890625 0.037109375
49 0.24853515625 0.0888671875 0.0087890625 0.04296875
49 0.310546875 0.09521484375 0.0087890625 0.041015625
49 0.30712890625 0.25048828125 0.0087890625 0.0361328125
49 0.24609375 0.244140625 0.0078125 0.0361328125
13 0.33984375 0.11865234375 0.0068359375 0.0654296875
13 0.34033203125 0.24560546875 0.005859375 0.06640625
13 0.396484375 0.248046875 0.0068359375 0.0654296875
13 0.396484375 0.12158203125 0.009765625 0.068359375
32 0.4287109375 0.09228515625 0.009765625 0.0400390625
32 0.41845703125 0.24609375 0.0078125 0.03515625
32 0.4775390625 0.25830078125 0.005859375 0.0341796875
32 0.48779296875 0.10498046875 0.0078125 0.0361328125
9 0.52197265625 0.10107421875 0.0078125 0.0390625
9 0.5771484375 0.107421875 0.009765625 0.0419921875
9 0.51513671875 0.2529296875 0.009765625 0.0400390625
9 0.5703125 0.2578125 0.0107421875 0.041015625
46 0.61865234375 0.109375 0.0078125 0.041015625
46 0.67822265625 0.1171875 0.0078125 0.0400390625
46 0.61181640625 0.2685546875 0.0078125 0.03515625
46 0.671875 0.27099609375 0.0068359375 0.0390625
37 0.69482421875 0.12548828125 0.0087890625 0.0390625
37 0.693359375 0.2783203125 0.0078125 0.0380859375
37 0.75390625 0.2783203125 0.005859375 0.03515625
39 0.77978515625 0.1259765625 0.0087890625 0.033203125
39 0.83447265625 0.12353515625 0.005859375 0.037109375
39 0.779296875 0.27197265625 0.009765625 0.0341796875
39 0.83544921875 0.26708984375 0.0078125 0.03515625
6 0.861328125 0.10693359375 0.005859375 0.037109375
6 0.92236328125 0.10791015625 0.0068359375 0.0390625
6 0.8564453125 0.26513671875 0.0068359375 0.0361328125
6 0.9169921875 0.26513671875 0.0078125 0.0341796875