47 0.85205078125 0.18310546875 0.0068359375 0.037109375
47 0.80126953125 0.17724609375 0.0068359375 0.037109375
29 0.77783203125 0.16357421875 0.0107421875 0.03515625
29 0.7265625 0.16015625 0.009765625 0.03515625
37 0.623046875 0.14599609375 0.0078125 0.0322265625
37 0.57177734375 0.13671875 0.0078125 0.033203125
44 0.55029296875 0.13525390625 0.0078125 0.037109375
44 0.49853515625 0.12451171875 0.0068359375 0.0341796875
12 0.85302734375 0.2236328125 0.0087890625 0.03515625
12 0.80078125 0.21826171875 0.0078125 0.03515625
1 0.77880859375 0.2109375 0.0087890625 0.0341796875
1 0.7265625 0.20556640625 0.0078125 0.0341796875
54 0.701171875 0.1865234375 0.009765625 0.033203125
54 0.64892578125 0.1865234375 0.009765625 0.0341796875
21 0.61865234375 0.18798828125 0.0078125 0.03515625
21 0.56640625 0.1826171875 0.0078125 0.0322265625
8 0.5439453125 0.17919921875 0.0078125 0.037109375
8 0.4921875 0.169921875 0.0078125 0.03125
0 0.4716796875 0.14599609375 0.009765625 0.0341796875
0 0.419921875 0.1357421875 0.009765625 0.03515625
17 0.8564453125 0.26953125 0.0078125 0.0361328125
17 0.80419921875 0.26171875 0.0087890625 0.0361328125
17 0.85302734375 0.41162109375 0.0078125 0.037109375
17 0.79931640625 0.40234375 0.009765625 0.03515625
51 0.7724609375 0.39990234375 0.0078125 0.03515625
51 0.71923828125 0.390625 0.0078125 0.033203125
51 0.72607421875 0.24951171875 0.0078125 0.03515625
51 0.7783203125 0.25830078125 0.0078125 0.0322265625
41 0.70263671875 0.37255859375 0.0078125 0.033203125
41 0.70263671875 0.22802734375 0.0078125 0.0322265625
41 0.64990234375 0.22705078125 0.0078125 0.033203125
41 0.6494140625 0.37158203125 0.0078125 0.03515625
16 0.61376953125 0.36669921875 0.0078125 0.0380859375
16 0.5615234375 0.36376953125 0.0087890625 0.0380859375
16 0.61572265625 0.22509765625 0.0078125 0.03515625
16 0.5634765625 0.22265625 0.0078125 0.037109375
6 0.53125 0.35888671875 0.0078125 0.037109375
6 0.478515625 0.3505859375 0.0068359375 0.03515625
6 0.53955078125 0.21728515625 0.0078125 0.033203125
6 0.48828125 0.20947265625 0.0068359375 0.037109375
34 0.462890625 0.34130859375 0.0087890625 0.037109375
34 0.41259765625 0.33544921875 0.0078125 0.03515625
34 0.46875 0.203125 0.0078125 0.033203125
34 0.41748046875 0.19287109375 0.0068359375 0.03515625
28 0.6171875 0.69580078125 0.111328125 0.2373046875
18 0.63818359375 0.78759765625 0.009765625 0.0400390625
18 0.58544921875 0.75732421875 0.009765625 0.0380859375
18 0.66015625 0.640625 0.009765625 0.037109375
18 0.60888671875 0.6123046875 0.009765625 0.0390625
27 0.41748046875 0.59619140625 0.109375 0.228515625
27 0.267578125 0.3427734375 0.109375 0.224609375