42 0.78564453125 0.1494140625 0.0078125 0.033203125
42 0.84228515625 0.15673828125 0.0087890625 0.029296875
11 0.74951171875 0.162109375 0.0078125 0.0283203125
11 0.69775390625 0.1591796875 0.0078125 0.029296875
7 0.67333984375 0.15966796875 0.0078125 0.033203125
7 0.615234375 0.14892578125 0.0078125 0.029296875
25 0.58447265625 0.142578125 0.0078125 0.03125
25 0.53271484375 0.1376953125 0.0078125 0.03125
19 0.4970703125 0.1298828125 0.0087890625 0.033203125
19 0.4404296875 0.13037109375 0.0078125 0.0341796875
8 0.41845703125 0.13232421875 0.0078125 0.0341796875
8 0.361328125 0.1259765625 0.0078125 0.0302734375
30 0.3359375 0.1376953125 0.0087890625 0.03125
30 0.2783203125 0.12841796875 0.0078125 0.03515625
33 0.189453125 0.14208984375 0.0087890625 0.0361328125
33 0.24609375 0.14453125 0.0068359375 0.03125
12 0.10400390625 0.15234375 0.0087890625 0.02734375
12 0.15478515625 0.1416015625 0.01171875 0.0263671875
3 0.8359375 0.34375 0.005859375 0.03125
3 0.77880859375 0.33740234375 0.0068359375 0.029296875
3 0.8369140625 0.19921875 0.0068359375 0.03125
3 0.7802734375 0.19482421875 0.0078125 0.0283203125
51 0.74609375 0.34765625 0.009765625 0.0390625
51 0.69140625 0.34130859375 0.009765625 0.037109375
51 0.74853515625 0.21044921875 0.0087890625 0.0380859375
51 0.69482421875 0.20556640625 0.009765625 0.037109375
1 0.662109375 0.34716796875 0.005859375 0.033203125
1 0.6044921875 0.330078125 0.0078125 0.0302734375
1 0.67529296875 0.205078125 0.0078125 0.029296875
1 0.6181640625 0.18798828125 0.0078125 0.029296875
4 0.58349609375 0.33203125 0.0078125 0.03125
4 0.5888671875 0.1904296875 0.0078125 0.03515625
4 0.53173828125 0.18212890625 0.005859375 0.03125
4 0.52587890625 0.3251953125 0.005859375 0.029296875
48 0.5 0.32568359375 0.0087890625 0.0341796875
48 0.4423828125 0.32275390625 0.0078125 0.03515625
48 0.44482421875 0.18115234375 0.0078125 0.033203125
48 0.50146484375 0.18505859375 0.0078125 0.037109375
40 0.4111328125 0.32373046875 0.009765625 0.03125
40 0.35888671875 0.3232421875 0.0078125 0.0341796875
40 0.412109375 0.19140625 0.0078125 0.0361328125
40 0.359375 0.18994140625 0.0068359375 0.0341796875
20 0.31787109375 0.33984375 0.0078125 0.03515625
20 0.26025390625 0.326171875 0.0068359375 0.03515625
20 0.33154296875 0.19970703125 0.0078125 0.0341796875
20 0.2724609375 0.18505859375 0.0078125 0.03515625
47 0.23876953125 0.34716796875 0.0068359375 0.03515625
47 0.18115234375 0.33642578125 0.0078125 0.03515625
47 0.24755859375 0.20458984375 0.005859375 0.037109375
47 0.189453125 0.1962890625 0.0068359375 0.029296875
45 0.16162109375 0.333984375 0.0078125 0.03125
45 0.10302734375 0.341796875 0.0087890625 0.03125
45 0.1591796875 0.1923828125 0.0078125 0.03125
45 0.1015625 0.19970703125 0.005859375 0.0302734375