27 0.92138671875 0.2236328125 0.09765625 0.224609375
27 0.9189453125 0.470703125 0.0927734375 0.212890625
27 0.9189453125 0.71044921875 0.087890625 0.21484375
27 0.80712890625 0.22119140625 0.0927734375 0.22265625
27 0.8095703125 0.4765625 0.099609375 0.24609375
28 0.806640625 0.748046875 0.09375 0.2236328125
19 0.779296875 0.6875 0.009765625 0.04296875
19 0.84130859375 0.82373046875 0.0087890625 0.044921875
13 0.0830078125 0.7041015625 0.0107421875 0.021484375
13 0.13623046875 0.72265625 0.009765625 0.01953125
26 0.2421875 0.73388671875 0.0078125 0.0400390625
42 0.34423828125 0.73779296875 0.009765625 0.0439453125
22 0.4365234375 0.77490234375 0.0078125 0.0390625
24 0.5341796875 0.7919921875 0.009765625 0.0380859375
31 0.61962890625 0.8046875 0.0078125 0.041015625
41 0.73681640625 0.81494140625 0.0087890625 0.041015625
11 0.1474609375 0.6787109375 0.0087890625 0.03515625
6 0.244140625 0.6787109375 0.01171875 0.041015625
18 0.34765625 0.67822265625 0.009765625 0.041015625
40 0.44921875 0.71875 0.009765625 0.04296875
33 0.53955078125 0.73046875 0.009765625 0.041015625
15 0.62255859375 0.7568359375 0.009765625 0.04296875
35 0.73876953125 0.75830078125 0.009765625 0.044921875
7 0.150390625 0.6064453125 0.009765625 0.037109375
39 0.259765625 0.60595703125 0.0078125 0.041015625
23 0.35498046875 0.61865234375 0.0087890625 0.041015625
4 0.4521484375 0.6552734375 0.0078125 0.0390625
0 0.53955078125 0.68212890625 0.009765625 0.037109375
45 0.626953125 0.70703125 0.0078125 0.04296875
50 0.73486328125 0.6953125 0.009765625 0.04296875
20 0.15234375 0.53466796875 0.01171875 0.04296875
20 0.0966796875 0.37744140625 0.0078125 0.0439453125
17 0.1982421875 0.40771484375 0.0068359375 0.041015625
17 0.26220703125 0.5546875 0.0078125 0.0390625
48 0.2900390625 0.4111328125 0.0068359375 0.048828125
48 0.35498046875 0.552734375 0.009765625 0.04296875
5 0.39306640625 0.44384765625 0.0078125 0.046875
5 0.453125 0.591796875 0.009765625 0.0390625
21 0.48828125 0.47265625 0.0078125 0.0478515625
21 0.5458984375 0.6181640625 0.009765625 0.0390625
8 0.57861328125 0.48828125 0.009765625 0.041015625
8 0.63330078125 0.6376953125 0.0078125 0.041015625
30 0.66552734375 0.49365234375 0.0087890625 0.04296875
30 0.73486328125 0.6201171875 0.01171875 0.04296875
28 0.125 0.20556640625 0.1015625 0.232421875
29 0.08740234375 0.12158203125 0.009765625 0.044921875
29 0.1484375 0.2822265625 0.009765625 0.046875
54 0.201171875 0.16650390625 0.009765625 0.046875
54 0.26171875 0.32568359375 0.009765625 0.041015625
36 0.29931640625 0.17919921875 0.009765625 0.05078125
36 0.3662109375 0.32666015625 0.009765625 0.04296875
52 0.39697265625 0.20654296875 0.009765625 0.044921875
52 0.462890625 0.35546875 0.009765625 0.0458984375
9 0.4853515625 0.2177734375 0.0068359375 0.046875
9 0.546875 0.36865234375 0.009765625 0.0390625
12 0.5771484375 0.22509765625 0.0087890625 0.04296875
12 0.63037109375 0.388671875 0.009765625 0.0400390625
25 0.67236328125 0.2431640625 0.0078125 0.044921875
25 0.73974609375 0.39111328125 0.0087890625 0.04296875