28 0.36572265625 0.12158203125 0.189453125 0.076171875
9 0.3017578125 0.14111328125 0.041015625 0.009765625
9 0.30615234375 0.09033203125 0.0380859375 0.0078125
9 0.4296875 0.09814453125 0.04296875 0.0078125
9 0.42041015625 0.14794921875 0.041015625 0.0078125
13 0.5634765625 0.16064453125 0.0654296875 0.005859375
4 0.75 0.1572265625 0.041015625 0.009765625
4 0.740234375 0.10693359375 0.041015625 0.009765625
4 0.8623046875 0.10009765625 0.0400390625 0.009765625
4 0.873046875 0.150390625 0.041015625 0.0078125
28 0.58935546875 0.13818359375 0.193359375 0.07421875
28 0.81005859375 0.12890625 0.19140625 0.078125