53 0.77099609375 0.9658203125 0.0380859375 0.0107421875
53 0.76904296875 0.91357421875 0.0341796875 0.009765625
53 0.91064453125 0.95654296875 0.0322265625 0.009765625
53 0.9052734375 0.9052734375 0.03515625 0.009765625
50 0.76416015625 0.88671875 0.03515625 0.0078125
50 0.7587890625 0.8349609375 0.037109375 0.0087890625
50 0.90380859375 0.87744140625 0.0361328125 0.009765625
50 0.89892578125 0.8251953125 0.033203125 0.009765625
0 0.75634765625 0.8037109375 0.0341796875 0.009765625
0 0.751953125 0.75146484375 0.03515625 0.0087890625
0 0.89794921875 0.79541015625 0.03125 0.0087890625
0 0.89404296875 0.74462890625 0.03125 0.009765625
8 0.75048828125 0.72021484375 0.0302734375 0.005859375
8 0.748046875 0.66748046875 0.03125 0.005859375
8 0.89111328125 0.7158203125 0.0302734375 0.0078125
8 0.88916015625 0.66357421875 0.0302734375 0.005859375
25 0.74609375 0.64453125 0.0341796875 0.0087890625
25 0.7431640625 0.59228515625 0.0341796875 0.0078125
25 0.8818359375 0.58837890625 0.0341796875 0.0078125
25 0.88623046875 0.640625 0.0322265625 0.0087890625
54 0.74462890625 0.56298828125 0.03515625 0.0078125
54 0.740234375 0.51171875 0.033203125 0.0068359375
54 0.884765625 0.55810546875 0.033203125 0.0078125
54 0.880859375 0.50634765625 0.03515625 0.0078125
10 0.74462890625 0.4775390625 0.033203125 0.0087890625
10 0.7421875 0.42431640625 0.0322265625 0.0068359375
10 0.88623046875 0.47314453125 0.03125 0.0087890625
10 0.88330078125 0.42138671875 0.03125 0.0078125
26 0.74072265625 0.396484375 0.0341796875 0.0078125
26 0.73779296875 0.34326171875 0.033203125 0.0087890625
26 0.87939453125 0.3955078125 0.033203125 0.0078125
26 0.87841796875 0.3427734375 0.033203125 0.0078125
12 0.732421875 0.3154296875 0.0322265625 0.009765625
12 0.72998046875 0.2626953125 0.033203125 0.0078125
12 0.873046875 0.3154296875 0.033203125 0.0068359375
12 0.87353515625 0.26318359375 0.03125 0.0078125
1 0.72314453125 0.23681640625 0.03515625 0.0068359375
1 0.72021484375 0.1845703125 0.0341796875 0.0078125
1 0.86669921875 0.23779296875 0.033203125 0.0078125
1 0.86474609375 0.18603515625 0.0302734375 0.005859375
21 0.7236328125 0.15673828125 0.0361328125 0.0078125
21 0.72802734375 0.10400390625 0.03515625 0.0068359375
21 0.865234375 0.162109375 0.033203125 0.0078125
21 0.8681640625 0.109375 0.03515625 0.0078125
15 0.724609375 0.07470703125 0.0380859375 0.0078125
15 0.72705078125 0.021484375 0.037109375 0.0078125
15 0.865234375 0.08203125 0.037109375 0.0078125
15 0.8681640625 0.0283203125 0.0361328125 0.0078125
47 0.5634765625 0.97705078125 0.0380859375 0.009765625
47 0.7060546875 0.9716796875 0.03515625 0.0087890625
47 0.70703125 0.9189453125 0.037109375 0.0087890625
47 0.56640625 0.923828125 0.0390625 0.0087890625
19 0.55078125 0.89697265625 0.0380859375 0.009765625
19 0.548828125 0.84375 0.03515625 0.009765625
19 0.69384765625 0.88916015625 0.0341796875 0.009765625
19 0.69140625 0.83740234375 0.033203125 0.0087890625
46 0.5341796875 0.81298828125 0.037109375 0.0068359375
46 0.53466796875 0.75830078125 0.0380859375 0.0068359375
46 0.67919921875 0.8095703125 0.0361328125 0.0087890625
46 0.6796875 0.7568359375 0.0390625 0.0078125
44 0.53125 0.732421875 0.03515625 0.009765625
44 0.52880859375 0.67919921875 0.037109375 0.0078125
44 0.67724609375 0.72705078125 0.0390625 0.009765625
44 0.67333984375 0.67431640625 0.037109375 0.0087890625
9 0.52197265625 0.64501953125 0.033203125 0.0078125
9 0.52294921875 0.591796875 0.03125 0.0078125
9 0.66845703125 0.64404296875 0.033203125 0.0087890625
9 0.66650390625 0.59033203125 0.033203125 0.0078125
20 0.50927734375 0.56494140625 0.0380859375 0.0078125
20 0.50830078125 0.51123046875 0.0390625 0.0068359375
20 0.6513671875 0.564453125 0.03515625 0.0078125
20 0.6533203125 0.5126953125 0.03515625 0.005859375
22 0.51318359375 0.47705078125 0.03515625 0.0078125
22 0.51806640625 0.4248046875 0.0361328125 0.0087890625
22 0.65478515625 0.48193359375 0.03515625 0.0087890625
22 0.66064453125 0.42919921875 0.03515625 0.009765625
37 0.51904296875 0.39306640625 0.037109375 0.0078125
37 0.52294921875 0.34033203125 0.03515625 0.0078125
37 0.666015625 0.34375 0.03515625 0.0078125
37 0.66259765625 0.39697265625 0.033203125 0.0078125
29 0.50830078125 0.3154296875 0.037109375 0.0078125
29 0.50927734375 0.26171875 0.033203125 0.0087890625
29 0.65478515625 0.265625 0.03515625 0.0078125
29 0.6533203125 0.318359375 0.0341796875 0.0078125
30 0.5048828125 0.22998046875 0.0361328125 0.0078125
30 0.5009765625 0.17578125 0.037109375 0.0078125
30 0.64697265625 0.1767578125 0.03515625 0.0068359375
30 0.64990234375 0.22998046875 0.0361328125 0.0078125
7 0.4970703125 0.14306640625 0.0380859375 0.0078125
7 0.4931640625 0.09033203125 0.0361328125 0.0087890625
7 0.64208984375 0.0927734375 0.0322265625 0.0087890625
7 0.64453125 0.1455078125 0.0341796875 0.0078125
14 0.505859375 0.06103515625 0.0400390625 0.0107421875
14 0.51220703125 0.00634765625 0.041015625 0.009765625
14 0.650390625 0.07080078125 0.037109375 0.009765625
14 0.65576171875 0.01708984375 0.03515625 0.009765625