13 0.19189453125 0.08837890625 0.080078125 0.0078125
12 0.35009765625 0.1005859375 0.0498046875 0.0087890625
12 0.35986328125 0.0439453125 0.048828125 0.01171875
48 0.41650390625 0.10693359375 0.05078125 0.009765625
48 0.42822265625 0.048828125 0.05078125 0.009765625
45 0.15234375 0.203125 0.048828125 0.009765625
45 0.14599609375 0.142578125 0.048828125 0.009765625
45 0.2919921875 0.142578125 0.0478515625 0.009765625
45 0.298828125 0.2021484375 0.0478515625 0.0078125
36 0.36376953125 0.203125 0.05078125 0.009765625
36 0.365234375 0.1435546875 0.0478515625 0.0087890625
1 0.43115234375 0.20263671875 0.046875 0.01171875
1 0.43603515625 0.14453125 0.0478515625 0.009765625
44 0.16552734375 0.31884765625 0.05078125 0.01171875
44 0.16015625 0.2587890625 0.048828125 0.009765625
44 0.306640625 0.25927734375 0.048828125 0.01171875
44 0.31201171875 0.318359375 0.05078125 0.01171875
46 0.36376953125 0.318359375 0.046875 0.009765625
46 0.361328125 0.25927734375 0.0498046875 0.0087890625
51 0.419921875 0.25927734375 0.0498046875 0.0107421875
51 0.41943359375 0.31787109375 0.048828125 0.009765625