51 0.27197265625 0.04150390625 0.0380859375 0.0068359375
51 0.25732421875 0.099609375 0.0390625 0.0068359375
45 0.251953125 0.13623046875 0.0400390625 0.0078125
45 0.24365234375 0.1953125 0.0390625 0.0078125
13 0.22021484375 0.2236328125 0.017578125 0.0078125
13 0.216796875 0.28271484375 0.0146484375 0.0078125
7 0.23095703125 0.3046875 0.0400390625 0.0078125
7 0.2294921875 0.36328125 0.0400390625 0.0078125
13 0.208984375 0.447265625 0.017578125 0.0087890625
13 0.2119140625 0.38818359375 0.017578125 0.0087890625
3 0.20458984375 0.48291015625 0.041015625 0.009765625
3 0.201171875 0.54150390625 0.041015625 0.0087890625
21 0.21728515625 0.63037109375 0.04296875 0.0078125
21 0.22021484375 0.57177734375 0.0439453125 0.0087890625
42 0.208984375 0.72119140625 0.04296875 0.009765625
42 0.20458984375 0.662109375 0.041015625 0.009765625
50 0.21875 0.8037109375 0.041015625 0.0078125
50 0.21728515625 0.7451171875 0.0390625 0.009765625
5 0.23828125 0.88916015625 0.04296875 0.0087890625
5 0.23388671875 0.82861328125 0.0380859375 0.009765625
33 0.23095703125 0.9736328125 0.04296875 0.0078125
33 0.22900390625 0.9130859375 0.0390625 0.0087890625
11 0.3134765625 0.10400390625 0.0419921875 0.0087890625
11 0.3212890625 0.0458984375 0.041015625 0.0078125
16 0.29736328125 0.19140625 0.0390625 0.009765625
16 0.31201171875 0.1318359375 0.041015625 0.009765625
17 0.2783203125 0.28173828125 0.04296875 0.009765625
17 0.279296875 0.22314453125 0.0419921875 0.0078125
12 0.28271484375 0.36376953125 0.041015625 0.009765625
12 0.28271484375 0.30419921875 0.0390625 0.009765625
34 0.26806640625 0.38818359375 0.04296875 0.0078125
34 0.2666015625 0.44677734375 0.041015625 0.0078125
44 0.2431640625 0.53857421875 0.044921875 0.0078125
44 0.25634765625 0.47998046875 0.0390625 0.009765625
46 0.27392578125 0.5732421875 0.0458984375 0.0078125
46 0.2744140625 0.63232421875 0.0439453125 0.009765625
29 0.26171875 0.71923828125 0.0390625 0.0087890625
29 0.25927734375 0.66015625 0.041015625 0.009765625
54 0.2734375 0.80517578125 0.044921875 0.009765625
54 0.275390625 0.74560546875 0.0419921875 0.0087890625
52 0.2880859375 0.83642578125 0.0419921875 0.0078125
52 0.298828125 0.89501953125 0.04296875 0.0087890625
39 0.28515625 0.98046875 0.0390625 0.0078125
39 0.2763671875 0.919921875 0.041015625 0.0087890625
48 0.37744140625 0.052734375 0.041015625 0.0087890625
48 0.37353515625 0.11181640625 0.044921875 0.0078125
48 0.5166015625 0.1103515625 0.0458984375 0.009765625
48 0.52001953125 0.05029296875 0.04296875 0.009765625
14 0.4931640625 0.13720703125 0.0419921875 0.0107421875
14 0.48828125 0.1982421875 0.0439453125 0.009765625
14 0.3466796875 0.19677734375 0.041015625 0.009765625
14 0.3525390625 0.1376953125 0.041015625 0.009765625
19 0.48974609375 0.2216796875 0.0419921875 0.0087890625
19 0.48388671875 0.28173828125 0.041015625 0.0078125
19 0.34228515625 0.27978515625 0.0419921875 0.0078125
19 0.34912109375 0.220703125 0.0390625 0.0087890625
32 0.4775390625 0.302734375 0.04296875 0.0087890625
32 0.47900390625 0.36328125 0.041015625 0.0078125
32 0.33935546875 0.3671875 0.0400390625 0.0078125
32 0.3349609375 0.30712890625 0.0419921875 0.0087890625
2 0.44970703125 0.390625 0.04296875 0.0078125
2 0.45263671875 0.4501953125 0.0419921875 0.0078125
2 0.3115234375 0.45263671875 0.0390625 0.005859375
2 0.31005859375 0.39306640625 0.0390625 0.0078125
25 0.44970703125 0.4853515625 0.044921875 0.009765625
25 0.4462890625 0.544921875 0.04296875 0.0078125
25 0.3095703125 0.4833984375 0.0419921875 0.0078125
25 0.3046875 0.5419921875 0.041015625 0.0078125
53 0.46728515625 0.5732421875 0.04296875 0.009765625
53 0.46875 0.63330078125 0.044921875 0.0087890625
53 0.32568359375 0.6337890625 0.04296875 0.0087890625
53 0.326171875 0.57421875 0.04296875 0.0078125
9 0.45947265625 0.6640625 0.0390625 0.0078125
9 0.4560546875 0.72412109375 0.0390625 0.0078125
9 0.314453125 0.71875 0.037109375 0.0078125
9 0.31884765625 0.65869140625 0.0390625 0.0078125
38 0.46435546875 0.75146484375 0.041015625 0.0078125
38 0.46484375 0.81201171875 0.041015625 0.0078125
38 0.3232421875 0.8095703125 0.041015625 0.0078125
38 0.3212890625 0.75 0.041015625 0.005859375
31 0.4794921875 0.830078125 0.044921875 0.0078125
31 0.4873046875 0.890625 0.0390625 0.0078125
31 0.34619140625 0.892578125 0.041015625 0.0078125
31 0.33740234375 0.8330078125 0.0390625 0.0078125
43 0.482421875 0.91259765625 0.04296875 0.0078125
43 0.4931640625 0.97412109375 0.04296875 0.0087890625
43 0.35205078125 0.9765625 0.04296875 0.0087890625
43 0.34326171875 0.91552734375 0.04296875 0.0078125
6 0.771484375 0.0517578125 0.04296875 0.0078125
6 0.75927734375 0.11376953125 0.04296875 0.0078125
6 0.609375 0.10986328125 0.04296875 0.0068359375
6 0.6220703125 0.04931640625 0.0439453125 0.0078125
47 0.76123046875 0.13720703125 0.044921875 0.0078125
47 0.74755859375 0.19873046875 0.04296875 0.0078125
47 0.615234375 0.1318359375 0.0439453125 0.0078125
47 0.60302734375 0.193359375 0.04296875 0.0078125
35 0.58447265625 0.21337890625 0.046875 0.0078125
35 0.5791015625 0.27392578125 0.046875 0.0068359375
0 0.57666015625 0.29736328125 0.041015625 0.009765625
0 0.5703125 0.3583984375 0.041015625 0.009765625
26 0.55224609375 0.44970703125 0.04296875 0.0078125
26 0.55224609375 0.3896484375 0.044921875 0.009765625
41 0.56005859375 0.541015625 0.041015625 0.009765625
41 0.55908203125 0.48046875 0.04296875 0.009765625
10 0.55029296875 0.62744140625 0.04296875 0.0087890625
10 0.5654296875 0.5673828125 0.041015625 0.0087890625
8 0.56787109375 0.658203125 0.041015625 0.0078125
8 0.572265625 0.71923828125 0.04296875 0.0078125
37 0.56591796875 0.7392578125 0.044921875 0.0078125
37 0.56884765625 0.80224609375 0.0390625 0.0078125
22 0.576171875 0.830078125 0.0439453125 0.009765625
22 0.57861328125 0.8916015625 0.04296875 0.009765625
49 0.591796875 0.9775390625 0.044921875 0.0087890625
49 0.58203125 0.9150390625 0.0390625 0.0078125
15 0.658203125 0.21240234375 0.04296875 0.0078125
15 0.64599609375 0.2734375 0.0458984375 0.0087890625
15 0.8056640625 0.21826171875 0.044921875 0.009765625
15 0.79248046875 0.2802734375 0.0458984375 0.0087890625
30 0.7919921875 0.3037109375 0.0498046875 0.0078125
30 0.77685546875 0.365234375 0.046875 0.0078125
30 0.646484375 0.294921875 0.041015625 0.009765625
30 0.62939453125 0.35498046875 0.041015625 0.009765625
23 0.76318359375 0.384765625 0.044921875 0.009765625
23 0.77294921875 0.44580078125 0.044921875 0.009765625
23 0.62548828125 0.453125 0.0439453125 0.0078125
23 0.6171875 0.392578125 0.041015625 0.0078125
1 0.75439453125 0.47607421875 0.0439453125 0.0078125
1 0.75830078125 0.537109375 0.0419921875 0.0068359375
1 0.60986328125 0.53857421875 0.041015625 0.0078125
1 0.60693359375 0.478515625 0.041015625 0.0078125
20 0.77392578125 0.5810546875 0.0439453125 0.0078125
20 0.7646484375 0.64306640625 0.0439453125 0.0087890625
20 0.62646484375 0.57275390625 0.041015625 0.0078125
20 0.6162109375 0.63330078125 0.041015625 0.009765625
40 0.7646484375 0.65380859375 0.04296875 0.009765625
40 0.7744140625 0.71630859375 0.046875 0.009765625
40 0.6240234375 0.72021484375 0.0439453125 0.009765625
40 0.615234375 0.658203125 0.0439453125 0.009765625
13 0.77392578125 0.7333984375 0.0185546875 0.0087890625
13 0.77880859375 0.7958984375 0.015625 0.009765625
13 0.60498046875 0.796875 0.0185546875 0.009765625
13 0.59912109375 0.734375 0.015625 0.0078125
24 0.771484375 0.82568359375 0.046875 0.0078125
24 0.779296875 0.88720703125 0.046875 0.0078125
24 0.630859375 0.888671875 0.0439453125 0.0087890625
24 0.6240234375 0.82666015625 0.044921875 0.009765625
18 0.79150390625 0.9130859375 0.0478515625 0.0087890625
18 0.64306640625 0.916015625 0.044921875 0.009765625
18 0.654296875 0.97802734375 0.044921875 0.0107421875
18 0.80224609375 0.9755859375 0.044921875 0.009765625