8 0.28125 0.35205078125 0.009765625 0.046875
8 0.23046875 0.3486328125 0.009765625 0.04296875
50 0.275390625 0.4013671875 0.0087890625 0.0419921875
50 0.22412109375 0.39697265625 0.009765625 0.0419921875
25 0.27294921875 0.447265625 0.0087890625 0.04296875
25 0.22314453125 0.44287109375 0.0087890625 0.0390625
25 0.2177734375 0.5654296875 0.0078125 0.04296875
25 0.26904296875 0.56884765625 0.0087890625 0.0400390625
35 0.37646484375 0.5712890625 0.009765625 0.0419921875
35 0.326171875 0.56396484375 0.0078125 0.0400390625
35 0.3330078125 0.43994140625 0.0078125 0.041015625
35 0.3828125 0.44970703125 0.0078125 0.0400390625
22 0.3818359375 0.39990234375 0.0078125 0.0400390625
22 0.3330078125 0.3916015625 0.0087890625 0.0390625
11 0.33984375 0.3427734375 0.0068359375 0.041015625
11 0.388671875 0.35498046875 0.0078125 0.0390625
7 0.43017578125 0.5732421875 0.0078125 0.0390625
7 0.4794921875 0.583984375 0.0087890625 0.041015625
7 0.4873046875 0.46533203125 0.0078125 0.0380859375
7 0.43896484375 0.45361328125 0.0078125 0.0390625
38 0.4951171875 0.412109375 0.0078125 0.0390625
38 0.44677734375 0.40234375 0.0078125 0.0390625
29 0.49755859375 0.36328125 0.0078125 0.041015625
29 0.4482421875 0.35302734375 0.0078125 0.041015625