27 0.07861328125 0.7763671875 0.0986328125 0.2255859375
27 0.0810546875 0.529296875 0.0927734375 0.212890625
27 0.0810546875 0.28955078125 0.087890625 0.21484375
27 0.19287109375 0.77880859375 0.0927734375 0.22265625
27 0.1904296875 0.5234375 0.099609375 0.24609375
28 0.193359375 0.251953125 0.09375 0.2236328125
19 0.220703125 0.3125 0.009765625 0.04296875
19 0.15869140625 0.17626953125 0.0087890625 0.044921875
13 0.912109375 0.29931640625 0.0107421875 0.021484375
13 0.85791015625 0.28173828125 0.009765625 0.01953125
26 0.7568359375 0.26513671875 0.0078125 0.0400390625
42 0.65576171875 0.26220703125 0.009765625 0.0439453125
22 0.56396484375 0.2314453125 0.0078125 0.0390625
24 0.47119140625 0.2119140625 0.009765625 0.0380859375
31 0.38037109375 0.1953125 0.0078125 0.041015625
41 0.26513671875 0.18896484375 0.0087890625 0.041015625
11 0.9052734375 0.50244140625 0.0078125 0.041015625
11 0.85107421875 0.33984375 0.0087890625 0.03515625
6 0.80859375 0.47998046875 0.009765625 0.04296875
6 0.755859375 0.3212890625 0.01171875 0.041015625
18 0.7158203125 0.4697265625 0.0078125 0.041015625
18 0.65478515625 0.32373046875 0.009765625 0.041015625
40 0.61083984375 0.44140625 0.009765625 0.0458984375
40 0.55810546875 0.28662109375 0.0126953125 0.04296875
33 0.51416015625 0.42333984375 0.009765625 0.041015625
33 0.46630859375 0.27001953125 0.0107421875 0.041015625
15 0.42822265625 0.39892578125 0.01171875 0.04296875
15 0.376953125 0.248046875 0.009765625 0.04296875
35 0.33154296875 0.36962890625 0.0078125 0.0458984375
35 0.2626953125 0.244140625 0.009765625 0.044921875