52 0.357421875 0.08740234375 0.044921875 0.01171875
52 0.24072265625 0.0810546875 0.04296875 0.01171875
52 0.3466796875 0.13525390625 0.046875 0.0107421875
52 0.22998046875 0.12841796875 0.044921875 0.0078125
2 0.34130859375 0.16064453125 0.04296875 0.0078125
2 0.22265625 0.1533203125 0.041015625 0.009765625
2 0.33251953125 0.20849609375 0.041015625 0.009765625
2 0.2119140625 0.20166015625 0.0390625 0.009765625
4 0.33154296875 0.23486328125 0.041015625 0.009765625
4 0.32373046875 0.283203125 0.0400390625 0.0078125
4 0.20458984375 0.27734375 0.04296875 0.0078125
4 0.21337890625 0.22900390625 0.041015625 0.0078125
39 0.3193359375 0.31591796875 0.0419921875 0.0078125
39 0.201171875 0.3076171875 0.041015625 0.0078125
39 0.31005859375 0.36474609375 0.041015625 0.0078125
39 0.19140625 0.35595703125 0.0390625 0.0078125
16 0.30517578125 0.39208984375 0.041015625 0.0087890625
16 0.29638671875 0.4404296875 0.04296875 0.009765625
16 0.17822265625 0.43408203125 0.041015625 0.009765625
16 0.1865234375 0.3857421875 0.0390625 0.0078125
12 0.29443359375 0.46630859375 0.041015625 0.0087890625
12 0.17578125 0.46240234375 0.041015625 0.0078125
12 0.29052734375 0.515625 0.04296875 0.005859375
12 0.17041015625 0.51123046875 0.041015625 0.0078125
30 0.283203125 0.54541015625 0.0419921875 0.005859375
30 0.16259765625 0.54150390625 0.0390625 0.0078125
30 0.27734375 0.5947265625 0.0419921875 0.0078125
30 0.15625 0.59033203125 0.0419921875 0.0087890625
42 0.26611328125 0.62255859375 0.0419921875 0.0087890625
42 0.1455078125 0.6162109375 0.0458984375 0.009765625
42 0.2587890625 0.6728515625 0.0439453125 0.0087890625
42 0.1376953125 0.6669921875 0.0419921875 0.0078125
26 0.25439453125 0.69677734375 0.0439453125 0.0087890625
26 0.1328125 0.69189453125 0.0419921875 0.0087890625
26 0.248046875 0.74609375 0.0419921875 0.0078125
26 0.1279296875 0.7412109375 0.041015625 0.0078125
23 0.2529296875 0.7724609375 0.04296875 0.009765625
23 0.25 0.82275390625 0.0419921875 0.0078125
23 0.130859375 0.81982421875 0.037109375 0.009765625
23 0.13134765625 0.77001953125 0.041015625 0.009765625
19 0.2548828125 0.8515625 0.0458984375 0.0078125
19 0.1357421875 0.85498046875 0.0390625 0.009765625
19 0.26318359375 0.9013671875 0.041015625 0.0087890625
19 0.14208984375 0.9052734375 0.0419921875 0.009765625
44 0.55615234375 0.1005859375 0.0419921875 0.009765625
44 0.43896484375 0.08740234375 0.044921875 0.0107421875
44 0.53662109375 0.1484375 0.0439453125 0.0107421875
44 0.41943359375 0.13427734375 0.04296875 0.01171875
20 0.541015625 0.16943359375 0.04296875 0.005859375
20 0.5302734375 0.21728515625 0.0390625 0.0078125
20 0.421875 0.162109375 0.0390625 0.0078125
20 0.4111328125 0.21044921875 0.037109375 0.0078125
15 0.5302734375 0.2490234375 0.0419921875 0.0078125
15 0.51708984375 0.29736328125 0.0400390625 0.009765625
15 0.41162109375 0.23974609375 0.041015625 0.009765625
15 0.3994140625 0.28759765625 0.0390625 0.009765625
21 0.5087890625 0.32421875 0.044921875 0.0078125
21 0.501953125 0.37255859375 0.0419921875 0.009765625
21 0.3828125 0.3681640625 0.0390625 0.0078125
21 0.3896484375 0.31884765625 0.041015625 0.0078125
31 0.49267578125 0.396484375 0.0419921875 0.0078125
31 0.490234375 0.44580078125 0.0419921875 0.0087890625
31 0.3701171875 0.443359375 0.041015625 0.009765625
31 0.3720703125 0.39501953125 0.041015625 0.0078125
46 0.486328125 0.46923828125 0.046875 0.0087890625
46 0.48388671875 0.51904296875 0.044921875 0.0078125
46 0.36279296875 0.51708984375 0.0419921875 0.0078125
46 0.365234375 0.4677734375 0.037109375 0.009765625
33 0.47998046875 0.54150390625 0.04296875 0.0078125
33 0.47607421875 0.5908203125 0.0400390625 0.0078125
33 0.35498046875 0.587890625 0.0390625 0.0078125
33 0.3583984375 0.53857421875 0.041015625 0.0078125
32 0.4755859375 0.61181640625 0.0419921875 0.0078125
32 0.474609375 0.66162109375 0.0419921875 0.0078125
32 0.35205078125 0.66015625 0.041015625 0.0078125
32 0.35302734375 0.6103515625 0.0419921875 0.005859375
14 0.4755859375 0.68701171875 0.0439453125 0.0078125
14 0.46875 0.73828125 0.04296875 0.0078125
14 0.34814453125 0.73095703125 0.04296875 0.009765625
14 0.35595703125 0.681640625 0.041015625 0.0078125
37 0.478515625 0.7646484375 0.044921875 0.009765625
37 0.35595703125 0.765625 0.0400390625 0.0087890625
37 0.4794921875 0.8154296875 0.04296875 0.0078125
37 0.35693359375 0.81591796875 0.04296875 0.009765625
13 0.439453125 0.84375 0.0673828125 0.0078125