1 0.3330078125 0.06689453125 0.03125 0.005859375
1 0.3212890625 0.125 0.03125 0.0078125
1 0.18896484375 0.06396484375 0.03125 0.0078125
1 0.18017578125 0.12158203125 0.033203125 0.005859375
53 0.3134765625 0.1513671875 0.03515625 0.0078125
53 0.3076171875 0.20263671875 0.033203125 0.0078125
53 0.1845703125 0.1484375 0.029296875 0.0078125
53 0.17626953125 0.20068359375 0.03515625 0.0068359375
51 0.30419921875 0.23681640625 0.0380859375 0.0087890625
51 0.2998046875 0.291015625 0.037109375 0.0087890625
51 0.166015625 0.23583984375 0.037109375 0.009765625
51 0.1630859375 0.28955078125 0.03515625 0.0078125
41 0.29736328125 0.314453125 0.0322265625 0.005859375
41 0.28955078125 0.36669921875 0.0302734375 0.0068359375
41 0.16455078125 0.310546875 0.03125 0.00390625
41 0.15869140625 0.36328125 0.029296875 0.0078125
3 0.28955078125 0.39990234375 0.0302734375 0.0078125
3 0.28564453125 0.45751953125 0.029296875 0.0078125
3 0.14697265625 0.3974609375 0.03125 0.0078125
3 0.142578125 0.455078125 0.03125 0.005859375
4 0.27880859375 0.4833984375 0.033203125 0.0068359375
4 0.2783203125 0.541015625 0.033203125 0.0068359375
4 0.1357421875 0.4833984375 0.0283203125 0.0078125
4 0.13525390625 0.54052734375 0.0302734375 0.0068359375
13 0.2529296875 0.5693359375 0.05859375 0.005859375
13 0.13916015625 0.5654296875 0.056640625 0.005859375
13 0.13134765625 0.61865234375 0.0595703125 0.005859375
13 0.24560546875 0.62353515625 0.060546875 0.0078125
16 0.2666015625 0.658203125 0.0361328125 0.0078125
16 0.26416015625 0.716796875 0.033203125 0.0087890625
16 0.12255859375 0.7119140625 0.033203125 0.009765625
16 0.12548828125 0.65478515625 0.0341796875 0.009765625
37 0.27197265625 0.744140625 0.03515625 0.0078125
37 0.27099609375 0.802734375 0.033203125 0.0068359375
37 0.1298828125 0.7412109375 0.0322265625 0.0068359375
37 0.12841796875 0.79833984375 0.0322265625 0.0078125
36 0.27587890625 0.83056640625 0.033203125 0.0068359375
36 0.13427734375 0.830078125 0.0322265625 0.0078125
36 0.1376953125 0.88720703125 0.0322265625 0.0078125
36 0.28076171875 0.8876953125 0.033203125 0.0068359375
2 0.28173828125 0.91943359375 0.033203125 0.0078125
2 0.13720703125 0.9169921875 0.03125 0.0087890625
2 0.1396484375 0.97509765625 0.029296875 0.0087890625
2 0.28466796875 0.9775390625 0.0302734375 0.005859375
23 0.54931640625 0.07275390625 0.0380859375 0.009765625
23 0.541015625 0.1259765625 0.037109375 0.0087890625
23 0.3994140625 0.12548828125 0.037109375 0.009765625
23 0.4072265625 0.07275390625 0.0390625 0.009765625
35 0.533203125 0.15283203125 0.03515625 0.0078125
35 0.533203125 0.212890625 0.03515625 0.0068359375
35 0.38427734375 0.21435546875 0.03515625 0.0068359375
35 0.384765625 0.15478515625 0.0322265625 0.0087890625
6 0.52734375 0.24169921875 0.0361328125 0.0068359375
6 0.5146484375 0.2998046875 0.0322265625 0.0068359375
6 0.3671875 0.29150390625 0.03125 0.005859375
6 0.37841796875 0.232421875 0.03515625 0.0078125
14 0.52099609375 0.31591796875 0.03515625 0.0078125
14 0.51611328125 0.376953125 0.03515625 0.0078125
14 0.375 0.31396484375 0.0322265625 0.0078125
14 0.3759765625 0.37255859375 0.03515625 0.0078125
9 0.50732421875 0.40576171875 0.0361328125 0.0078125
9 0.5029296875 0.46044921875 0.037109375 0.009765625
9 0.36474609375 0.45947265625 0.037109375 0.0087890625
9 0.3671875 0.4052734375 0.03515625 0.0087890625
20 0.49658203125 0.49462890625 0.03515625 0.0078125
20 0.48779296875 0.55419921875 0.0390625 0.009765625
20 0.35546875 0.48828125 0.037109375 0.0087890625
20 0.345703125 0.546875 0.0341796875 0.0078125
26 0.49951171875 0.587890625 0.037109375 0.0068359375
26 0.498046875 0.64013671875 0.03515625 0.0078125
26 0.3642578125 0.583984375 0.037109375 0.0078125
26 0.3623046875 0.63671875 0.033203125 0.0068359375
21 0.501953125 0.66162109375 0.03515625 0.0078125
21 0.35546875 0.66015625 0.0322265625 0.0068359375
21 0.35498046875 0.71923828125 0.03515625 0.0078125
21 0.5009765625 0.720703125 0.03515625 0.0078125
17 0.50146484375 0.74951171875 0.03515625 0.0068359375
17 0.50048828125 0.80908203125 0.03515625 0.0068359375
17 0.35546875 0.74609375 0.0322265625 0.0078125
17 0.3544921875 0.8046875 0.033203125 0.0078125
54 0.49072265625 0.83984375 0.0341796875 0.0078125
54 0.48828125 0.89404296875 0.03515625 0.0068359375
54 0.35498046875 0.8349609375 0.0322265625 0.0078125
54 0.35107421875 0.88818359375 0.03125 0.0068359375
52 0.49169921875 0.923828125 0.033203125 0.005859375
52 0.4921875 0.978515625 0.03515625 0.0068359375
52 0.3564453125 0.9189453125 0.037109375 0.005859375
52 0.3564453125 0.97314453125 0.03125 0.0078125
27 0.8896484375 0.19921875 0.220703125 0.09375
27 0.64990234375 0.439453125 0.2216796875 0.08203125
11 0.82861328125 0.62744140625 0.033203125 0.009765625
11 0.82861328125 0.68359375 0.033203125 0.0078125
11 0.68359375 0.625 0.033203125 0.0087890625
11 0.68212890625 0.68017578125 0.0322265625 0.0078125
28 0.74755859375 0.6484375 0.2421875 0.08984375