13 0.80810546875 0.91162109375 0.080078125 0.0078125
12 0.64697265625 0.9033203125 0.0498046875 0.0087890625
12 0.64453125 0.96240234375 0.048828125 0.01171875
48 0.58349609375 0.8984375 0.05078125 0.009765625
48 0.578125 0.95751953125 0.05078125 0.009765625
45 0.84765625 0.796875 0.048828125 0.009765625
45 0.85400390625 0.857421875 0.048828125 0.009765625
45 0.7080078125 0.857421875 0.0478515625 0.0107421875
45 0.701171875 0.7978515625 0.0478515625 0.0078125
36 0.63623046875 0.796875 0.05078125 0.009765625
36 0.634765625 0.8564453125 0.0478515625 0.0087890625
1 0.56884765625 0.79736328125 0.046875 0.01171875
1 0.56396484375 0.85546875 0.0478515625 0.009765625
44 0.83447265625 0.68115234375 0.05078125 0.01171875
44 0.83984375 0.7412109375 0.048828125 0.009765625
44 0.693359375 0.74072265625 0.048828125 0.01171875
44 0.68798828125 0.681640625 0.05078125 0.01171875
46 0.63623046875 0.681640625 0.046875 0.009765625
46 0.638671875 0.74072265625 0.0498046875 0.0087890625
51 0.580078125 0.74072265625 0.0498046875 0.0107421875
51 0.58056640625 0.68212890625 0.048828125 0.009765625
3 0.8447265625 0.57177734375 0.05078125 0.009765625
3 0.84814453125 0.630859375 0.05078125 0.0107421875
3 0.703125 0.6318359375 0.046875 0.0107421875
3 0.6982421875 0.5732421875 0.046875 0.0107421875
15 0.646484375 0.57373046875 0.046875 0.0107421875
15 0.64599609375 0.6318359375 0.048828125 0.009765625
21 0.5859375 0.6328125 0.044921875 0.01171875
21 0.576171875 0.57568359375 0.0458984375 0.01171875
43 0.8251953125 0.4775390625 0.052734375 0.0087890625
43 0.81982421875 0.53662109375 0.0537109375 0.0107421875
43 0.68115234375 0.47216796875 0.0458984375 0.01171875
43 0.6748046875 0.5302734375 0.048828125 0.01171875
40 0.6220703125 0.47314453125 0.046875 0.009765625
40 0.61669921875 0.53125 0.048828125 0.0087890625
6 0.56982421875 0.46875 0.0498046875 0.009765625
6 0.556640625 0.525390625 0.052734375 0.01171875
33 0.8232421875 0.3876953125 0.05078125 0.0107421875
33 0.810546875 0.4462890625 0.048828125 0.0107421875
33 0.67236328125 0.37890625 0.048828125 0.009765625
33 0.6611328125 0.4375 0.0458984375 0.01171875
32 0.62646484375 0.37646484375 0.0458984375 0.009765625
32 0.61328125 0.43408203125 0.044921875 0.009765625
49 0.5732421875 0.37158203125 0.048828125 0.009765625
49 0.556640625 0.427734375 0.0478515625 0.009765625
26 0.841796875 0.29150390625 0.052734375 0.0107421875
26 0.8349609375 0.35009765625 0.048828125 0.0078125
26 0.689453125 0.34521484375 0.046875 0.0107421875
26 0.69921875 0.2880859375 0.046875 0.0087890625
30 0.64892578125 0.2841796875 0.0439453125 0.009765625
30 0.63330078125 0.34228515625 0.05078125 0.0107421875
37 0.5966796875 0.28369140625 0.044921875 0.009765625
37 0.5771484375 0.34130859375 0.046875 0.0107421875
52 0.87109375 0.1923828125 0.05078125 0.01171875
52 0.853515625 0.25146484375 0.048828125 0.009765625
52 0.708984375 0.23974609375 0.048828125 0.01171875
52 0.72802734375 0.18212890625 0.0498046875 0.01171875
16 0.65869140625 0.18310546875 0.048828125 0.01171875
16 0.65576171875 0.24072265625 0.046875 0.009765625
2 0.60400390625 0.2392578125 0.044921875 0.009765625
42 0.9013671875 0.08447265625 0.0478515625 0.0126953125
42 0.9013671875 0.14306640625 0.046875 0.01171875
42 0.75390625 0.146484375 0.0498046875 0.01171875
42 0.7548828125 0.087890625 0.046875 0.01171875
14 0.693359375 0.087890625 0.046875 0.009765625
14 0.68701171875 0.146484375 0.0537109375 0.009765625
39 0.63427734375 0.08740234375 0.0478515625 0.009765625
39 0.6259765625 0.1455078125 0.0517578125 0.009765625
23 0.4072265625 0.90576171875 0.046875 0.009765625
23 0.39306640625 0.9638671875 0.0458984375 0.009765625
23 0.26025390625 0.94775390625 0.044921875 0.0087890625
23 0.27197265625 0.890625 0.046875 0.0087890625
7 0.2080078125 0.88623046875 0.04296875 0.009765625
7 0.20556640625 0.94287109375 0.044921875 0.0087890625
10 0.15869140625 0.8828125 0.0439453125 0.0107421875
10 0.15234375 0.939453125 0.046875 0.0078125
38 0.40478515625 0.8623046875 0.046875 0.009765625
38 0.40966796875 0.8046875 0.044921875 0.0078125
38 0.27294921875 0.79833984375 0.044921875 0.0087890625
38 0.26953125 0.85546875 0.044921875 0.0107421875
31 0.2216796875 0.79833984375 0.0458984375 0.009765625
31 0.21923828125 0.8544921875 0.046875 0.0107421875
19 0.1650390625 0.8505859375 0.046875 0.009765625
19 0.1708984375 0.79541015625 0.046875 0.0078125
53 0.421875 0.69970703125 0.0478515625 0.009765625
53 0.41650390625 0.75830078125 0.0478515625 0.009765625
53 0.2763671875 0.751953125 0.046875 0.009765625
53 0.28076171875 0.6943359375 0.048828125 0.0126953125
47 0.22998046875 0.69580078125 0.046875 0.009765625
47 0.232421875 0.7529296875 0.044921875 0.0087890625
29 0.17138671875 0.697265625 0.041015625 0.009765625
29 0.173828125 0.75439453125 0.0439453125 0.009765625
35 0.42822265625 0.5830078125 0.048828125 0.009765625
35 0.4189453125 0.64013671875 0.048828125 0.009765625
35 0.2890625 0.57568359375 0.044921875 0.009765625
35 0.28271484375 0.6328125 0.05078125 0.009765625
50 0.22802734375 0.5791015625 0.046875 0.0107421875
50 0.23291015625 0.63525390625 0.046875 0.01171875
25 0.17626953125 0.5830078125 0.046875 0.009765625
25 0.17578125 0.638671875 0.048828125 0.009765625
13 0.32421875 0.517578125 0.078125 0.0078125
34 0.22509765625 0.4619140625 0.0458984375 0.0087890625
34 0.2265625 0.51904296875 0.0458984375 0.0087890625
18 0.16943359375 0.5185546875 0.048828125 0.009765625
18 0.1708984375 0.462890625 0.044921875 0.0107421875
54 0.4189453125 0.34814453125 0.0478515625 0.009765625
54 0.423828125 0.40673828125 0.048828125 0.0087890625
54 0.28564453125 0.40966796875 0.044921875 0.009765625
54 0.28271484375 0.3515625 0.046875 0.0078125
17 0.23291015625 0.35107421875 0.04296875 0.009765625
17 0.23388671875 0.40771484375 0.04296875 0.009765625
9 0.16796875 0.35009765625 0.046875 0.009765625
9 0.16650390625 0.40673828125 0.046875 0.009765625
0 0.443359375 0.2578125 0.0498046875 0.009765625
0 0.42431640625 0.31494140625 0.048828125 0.01171875
0 0.3056640625 0.2451171875 0.044921875 0.0107421875
0 0.2890625 0.302734375 0.044921875 0.01171875
24 0.23583984375 0.2451171875 0.04296875 0.009765625
24 0.22705078125 0.30126953125 0.044921875 0.0107421875
8 0.18603515625 0.23828125 0.044921875 0.009765625
8 0.171875 0.2958984375 0.0439453125 0.009765625