1 0.6669921875 0.93310546875 0.03125 0.005859375
1 0.6787109375 0.875 0.03125 0.0068359375
1 0.81103515625 0.93603515625 0.03125 0.0068359375
1 0.81982421875 0.87841796875 0.033203125 0.005859375
53 0.6865234375 0.8486328125 0.03515625 0.0078125
53 0.6923828125 0.79736328125 0.033203125 0.0078125
53 0.8154296875 0.8515625 0.029296875 0.0078125
53 0.82373046875 0.79931640625 0.03515625 0.0068359375
51 0.69580078125 0.76318359375 0.0380859375 0.0087890625
51 0.7001953125 0.708984375 0.037109375 0.0087890625
51 0.833984375 0.76416015625 0.037109375 0.009765625
51 0.8369140625 0.71044921875 0.03515625 0.0078125
41 0.70263671875 0.685546875 0.0322265625 0.005859375
41 0.71044921875 0.63330078125 0.0302734375 0.0068359375
41 0.83544921875 0.689453125 0.03125 0.00390625
41 0.84130859375 0.63671875 0.029296875 0.0078125
3 0.71044921875 0.60009765625 0.0302734375 0.0078125
3 0.71435546875 0.54248046875 0.029296875 0.0078125
3 0.85302734375 0.6025390625 0.03125 0.0078125
3 0.857421875 0.544921875 0.03125 0.005859375
4 0.72119140625 0.5166015625 0.033203125 0.0068359375
4 0.7216796875 0.458984375 0.033203125 0.0068359375
4 0.8642578125 0.5166015625 0.0283203125 0.0078125
4 0.86474609375 0.45947265625 0.0302734375 0.0068359375
13 0.7470703125 0.4306640625 0.05859375 0.005859375
13 0.86083984375 0.4345703125 0.056640625 0.005859375
13 0.86865234375 0.38134765625 0.0595703125 0.005859375
13 0.75439453125 0.37646484375 0.060546875 0.0078125
16 0.7333984375 0.341796875 0.0361328125 0.0078125
16 0.73583984375 0.283203125 0.033203125 0.0087890625
16 0.87744140625 0.2880859375 0.033203125 0.009765625
16 0.87451171875 0.34521484375 0.0341796875 0.009765625
37 0.72802734375 0.255859375 0.03515625 0.0078125
37 0.72900390625 0.197265625 0.033203125 0.005859375
37 0.8701171875 0.2587890625 0.0322265625 0.0068359375
37 0.87158203125 0.20166015625 0.0322265625 0.0078125
36 0.72412109375 0.16943359375 0.033203125 0.0068359375
36 0.86572265625 0.169921875 0.0322265625 0.0078125
36 0.8623046875 0.11279296875 0.0322265625 0.0078125
36 0.71923828125 0.1123046875 0.033203125 0.0068359375
2 0.71826171875 0.08056640625 0.033203125 0.0078125
2 0.86279296875 0.0830078125 0.03125 0.0087890625
2 0.8603515625 0.02490234375 0.029296875 0.0087890625
2 0.71533203125 0.0224609375 0.0302734375 0.005859375
23 0.45068359375 0.92724609375 0.0380859375 0.009765625
23 0.458984375 0.8740234375 0.037109375 0.0087890625
23 0.6005859375 0.87451171875 0.037109375 0.009765625
23 0.5927734375 0.92724609375 0.0390625 0.009765625
35 0.466796875 0.84716796875 0.03515625 0.0078125
35 0.466796875 0.787109375 0.03515625 0.0068359375
35 0.61572265625 0.78564453125 0.03515625 0.0068359375
35 0.615234375 0.84521484375 0.0322265625 0.0087890625
6 0.46630859375 0.76416015625 0.0361328125 0.0068359375
6 0.4736328125 0.705078125 0.0322265625 0.0068359375
6 0.6220703125 0.708984375 0.03125 0.005859375
6 0.61328125 0.767578125 0.03515625 0.0078125
14 0.48046875 0.68798828125 0.03515625 0.0078125
14 0.47998046875 0.62890625 0.03515625 0.0078125
14 0.625 0.68603515625 0.0322265625 0.0078125
14 0.6240234375 0.62744140625 0.03515625 0.0078125
9 0.48193359375 0.591796875 0.0361328125 0.0078125
9 0.482421875 0.53759765625 0.037109375 0.009765625
9 0.62353515625 0.537109375 0.037109375 0.0087890625
9 0.62353515625 0.591796875 0.03515625 0.0087890625
20 0.4892578125 0.5126953125 0.03515625 0.0078125
20 0.49462890625 0.45458984375 0.0390625 0.009765625
20 0.63427734375 0.5166015625 0.037109375 0.0087890625
20 0.638671875 0.45849609375 0.0341796875 0.0078125
26 0.50048828125 0.412109375 0.037109375 0.0068359375
26 0.501953125 0.35986328125 0.03515625 0.0078125
26 0.6357421875 0.416015625 0.037109375 0.0078125
26 0.6376953125 0.36328125 0.033203125 0.0068359375
21 0.498046875 0.33837890625 0.03515625 0.0078125
21 0.64453125 0.33984375 0.0322265625 0.0068359375
21 0.64501953125 0.28076171875 0.03515625 0.0078125
21 0.4990234375 0.279296875 0.03515625 0.0078125
17 0.49853515625 0.25048828125 0.03515625 0.0068359375
17 0.49951171875 0.19091796875 0.03515625 0.0068359375
17 0.64453125 0.25390625 0.0322265625 0.0078125
17 0.6455078125 0.1953125 0.033203125 0.0078125
54 0.50927734375 0.16015625 0.0341796875 0.0078125
54 0.51171875 0.10595703125 0.03515625 0.0068359375
54 0.64501953125 0.1650390625 0.0322265625 0.0078125
54 0.64892578125 0.11181640625 0.03125 0.0068359375
52 0.50830078125 0.076171875 0.033203125 0.005859375
52 0.5078125 0.021484375 0.03515625 0.0068359375
52 0.6435546875 0.0810546875 0.037109375 0.005859375
52 0.6435546875 0.02685546875 0.03125 0.0078125
38 0.23046875 0.92529296875 0.041015625 0.01171875
38 0.24365234375 0.86865234375 0.04296875 0.0087890625
38 0.3740234375 0.92919921875 0.0390625 0.009765625
38 0.3857421875 0.87353515625 0.0439453125 0.0107421875
48 0.24609375 0.84228515625 0.037109375 0.009765625
48 0.26123046875 0.78271484375 0.0400390625 0.0087890625
48 0.39501953125 0.85009765625 0.0380859375 0.009765625
48 0.41015625 0.79150390625 0.0390625 0.0087890625
32 0.2529296875 0.76123046875 0.041015625 0.0087890625
32 0.25244140625 0.70068359375 0.03515625 0.005859375
32 0.40478515625 0.75732421875 0.03515625 0.0078125
32 0.40576171875 0.6982421875 0.03515625 0.0078125
49 0.24951171875 0.67724609375 0.03515625 0.0068359375
49 0.25390625 0.61767578125 0.0390625 0.0068359375
49 0.40087890625 0.677734375 0.0341796875 0.0078125
49 0.404296875 0.61865234375 0.03515625 0.0078125
43 0.25146484375 0.5869140625 0.037109375 0.0078125
43 0.26171875 0.52783203125 0.03515625 0.0068359375
43 0.400390625 0.5947265625 0.037109375 0.0078125
43 0.4091796875 0.53564453125 0.0361328125 0.0068359375
50 0.2646484375 0.49951171875 0.0380859375 0.0078125
50 0.27490234375 0.439453125 0.03515625 0.0087890625
50 0.423828125 0.447265625 0.033203125 0.0087890625
50 0.41552734375 0.505859375 0.03515625 0.0078125
47 0.26806640625 0.40673828125 0.03515625 0.005859375
47 0.4189453125 0.41015625 0.037109375 0.0078125
47 0.421875 0.35009765625 0.037109375 0.0078125
47 0.27099609375 0.34619140625 0.041015625 0.0078125
46 0.27734375 0.32177734375 0.0390625 0.009765625
46 0.4296875 0.33056640625 0.0361328125 0.0078125
46 0.435546875 0.271484375 0.037109375 0.009765625
46 0.28515625 0.2626953125 0.0400390625 0.0087890625
34 0.28369140625 0.24267578125 0.033203125 0.0068359375
34 0.2861328125 0.18359375 0.03515625 0.0078125
34 0.4345703125 0.2490234375 0.03515625 0.0068359375
34 0.43896484375 0.18994140625 0.033203125 0.0078125
31 0.28759765625 0.15966796875 0.033203125 0.0078125
31 0.283203125 0.099609375 0.03515625 0.0078125
31 0.44091796875 0.16064453125 0.033203125 0.0078125
31 0.4375 0.1005859375 0.033203125 0.0078125
22 0.2861328125 0.06982421875 0.037109375 0.0078125
22 0.283203125 0.00927734375 0.03515625 0.0078125
22 0.43359375 0.01171875 0.0322265625 0.0068359375
22 0.43603515625 0.0712890625 0.0341796875 0.0068359375
27 0.1103515625 0.80078125 0.220703125 0.09375
33 0.02587890625 0.7412109375 0.0390625 0.0087890625
33 0.04345703125 0.67919921875 0.041015625 0.009765625
33 0.18408203125 0.75048828125 0.04296875 0.0087890625
33 0.1982421875 0.689453125 0.037109375 0.0087890625
11 0.033203125 0.65185546875 0.0380859375 0.0087890625
11 0.04541015625 0.5966796875 0.033203125 0.009765625
11 0.18115234375 0.6591796875 0.0341796875 0.0078125
11 0.19140625 0.6044921875 0.0322265625 0.0068359375
12 0.0390625 0.5703125 0.0390625 0.0078125
12 0.1884765625 0.576171875 0.033203125 0.005859375
12 0.1962890625 0.5234375 0.03125 0.0087890625
12 0.04931640625 0.51611328125 0.03515625 0.0078125
10 0.0341796875 0.47412109375 0.03125 0.005859375
10 0.04638671875 0.419921875 0.0341796875 0.009765625
10 0.1796875 0.48486328125 0.0361328125 0.005859375
10 0.19482421875 0.43115234375 0.0322265625 0.005859375
0 0.04443359375 0.396484375 0.03515625 0.0078125
0 0.04931640625 0.33544921875 0.03125 0.0068359375
0 0.20263671875 0.40185546875 0.033203125 0.0078125
0 0.20654296875 0.34130859375 0.0322265625 0.0078125
42 0.05859375 0.31396484375 0.0380859375 0.0078125
42 0.05126953125 0.2529296875 0.03515625 0.009765625
42 0.21337890625 0.310546875 0.037109375 0.0087890625
42 0.21044921875 0.25 0.037109375 0.009765625
40 0.0771484375 0.23095703125 0.033203125 0.0068359375
40 0.0693359375 0.17626953125 0.0341796875 0.0078125
40 0.22412109375 0.2275390625 0.033203125 0.0078125
40 0.21484375 0.1708984375 0.037109375 0.009765625
13 0.08740234375 0.14404296875 0.0634765625 0.0078125
13 0.07861328125 0.08837890625 0.064453125 0.0078125
13 0.2041015625 0.0859375 0.064453125 0.0078125
13 0.2109375 0.142578125 0.064453125 0.0078125