28 0.365234375 0.119140625 0.189453125 0.076171875
28 0.81298828125 0.12646484375 0.189453125 0.0771484375
9 0.29931640625 0.1396484375 0.037109375 0.0078125
9 0.3076171875 0.0888671875 0.0380859375 0.0078125
9 0.42919921875 0.09619140625 0.04296875 0.0078125
9 0.419921875 0.1474609375 0.041015625 0.0078125
13 0.5634765625 0.16064453125 0.0654296875 0.005859375
4 0.75 0.15625 0.041015625 0.0078125
4 0.74169921875 0.10498046875 0.0390625 0.009765625
4 0.86376953125 0.099609375 0.0390625 0.0078125
4 0.873046875 0.1494140625 0.041015625 0.0078125
7 0.67626953125 0.86376953125 0.04296875 0.0078125
7 0.69873046875 0.81689453125 0.041015625 0.009765625
7 0.79248046875 0.87890625 0.04296875 0.01171875
7 0.8134765625 0.83154296875 0.04296875 0.009765625
38 0.697265625 0.77734375 0.0478515625 0.0068359375
38 0.70947265625 0.72998046875 0.04296875 0.009765625
38 0.8115234375 0.78759765625 0.0400390625 0.0078125
38 0.82568359375 0.740234375 0.0390625 0.0068359375
8 0.71337890625 0.70458984375 0.04296875 0.0087890625
8 0.72802734375 0.65576171875 0.04296875 0.005859375
8 0.845703125 0.66650390625 0.0390625 0.009765625
8 0.83154296875 0.71435546875 0.0390625 0.0078125
29 0.72412109375 0.63232421875 0.0390625 0.005859375
29 0.7236328125 0.583984375 0.0419921875 0.0078125
29 0.8447265625 0.58447265625 0.0400390625 0.0078125
29 0.84326171875 0.6328125 0.04296875 0.0078125
35 0.720703125 0.56005859375 0.0390625 0.0068359375
35 0.7236328125 0.51123046875 0.0390625 0.0078125
35 0.84521484375 0.51318359375 0.041015625 0.0078125
35 0.84130859375 0.56201171875 0.04296875 0.0078125
50 0.72314453125 0.4794921875 0.041015625 0.0078125
50 0.7265625 0.43017578125 0.04296875 0.0078125
50 0.84619140625 0.431640625 0.0419921875 0.0078125
50 0.841796875 0.4814453125 0.0419921875 0.009765625
22 0.73876953125 0.4052734375 0.0419921875 0.0068359375
22 0.7470703125 0.35595703125 0.041015625 0.005859375
22 0.86669921875 0.36181640625 0.0390625 0.0078125
22 0.857421875 0.4111328125 0.0390625 0.0087890625
28 0.58837890625 0.1357421875 0.1943359375 0.0712890625
25 0.74755859375 0.33740234375 0.0400390625 0.009765625
25 0.75439453125 0.287109375 0.04296875 0.0078125
25 0.87548828125 0.29345703125 0.041015625 0.0087890625
25 0.86572265625 0.3427734375 0.04296875 0.009765625
11 0.75 0.26025390625 0.041015625 0.009765625
11 0.75048828125 0.2099609375 0.0439453125 0.009765625
11 0.873046875 0.2099609375 0.0419921875 0.0087890625
11 0.87255859375 0.259765625 0.041015625 0.009765625
28 0.37109375 0.23681640625 0.1953125 0.0703125
1 0.30712890625 0.26416015625 0.041015625 0.009765625
1 0.3037109375 0.2138671875 0.0439453125 0.009765625
1 0.42578125 0.21044921875 0.046875 0.0078125
1 0.43017578125 0.26123046875 0.0400390625 0.009765625
28 0.59228515625 0.232421875 0.1875 0.076171875
49 0.5341796875 0.25927734375 0.044921875 0.009765625
49 0.52734375 0.20751953125 0.0419921875 0.0087890625
49 0.64990234375 0.203125 0.041015625 0.0087890625
49 0.654296875 0.25390625 0.041015625 0.009765625