53 0.0341796875 0.77099609375 0.009765625 0.0380859375
53 0.08642578125 0.76904296875 0.009765625 0.0341796875
53 0.04345703125 0.91064453125 0.009765625 0.0322265625
53 0.0947265625 0.9052734375 0.009765625 0.03515625
50 0.11328125 0.76416015625 0.0078125 0.03515625
50 0.1650390625 0.7587890625 0.0087890625 0.037109375
50 0.12255859375 0.90380859375 0.009765625 0.0361328125
50 0.1748046875 0.89892578125 0.009765625 0.033203125
0 0.1962890625 0.75634765625 0.009765625 0.0341796875
0 0.24853515625 0.751953125 0.009765625 0.03515625
0 0.20458984375 0.89794921875 0.0087890625 0.03125
0 0.25537109375 0.89404296875 0.009765625 0.03125
8 0.27978515625 0.75048828125 0.005859375 0.0302734375
8 0.33251953125 0.748046875 0.005859375 0.03125
8 0.2841796875 0.89111328125 0.0078125 0.0302734375
8 0.33642578125 0.88916015625 0.005859375 0.0302734375
25 0.35546875 0.74609375 0.0087890625 0.0341796875
25 0.40771484375 0.7431640625 0.0078125 0.0341796875
25 0.41162109375 0.8818359375 0.0078125 0.0341796875
25 0.359375 0.88623046875 0.0087890625 0.0322265625
54 0.43701171875 0.74462890625 0.0078125 0.03515625
54 0.48828125 0.740234375 0.0068359375 0.033203125
54 0.44189453125 0.884765625 0.0078125 0.033203125
54 0.49365234375 0.880859375 0.0078125 0.03515625
10 0.5224609375 0.74462890625 0.0087890625 0.033203125
10 0.57568359375 0.7421875 0.0068359375 0.0322265625
10 0.52685546875 0.88623046875 0.0087890625 0.03125
10 0.57861328125 0.88330078125 0.0078125 0.03125
26 0.603515625 0.74072265625 0.0078125 0.0341796875
26 0.65673828125 0.73779296875 0.0087890625 0.033203125
26 0.6044921875 0.87939453125 0.0078125 0.033203125
26 0.6572265625 0.87841796875 0.0078125 0.033203125
12 0.6845703125 0.732421875 0.009765625 0.0322265625
12 0.7373046875 0.72998046875 0.0078125 0.033203125
12 0.6845703125 0.873046875 0.0068359375 0.033203125
12 0.73681640625 0.87353515625 0.0078125 0.03125
1 0.76318359375 0.72314453125 0.0068359375 0.03515625
1 0.8154296875 0.72021484375 0.0078125 0.0341796875
1 0.76220703125 0.86669921875 0.0078125 0.033203125
1 0.81396484375 0.86474609375 0.005859375 0.0302734375
21 0.84326171875 0.7236328125 0.0078125 0.0361328125
21 0.89599609375 0.72802734375 0.0068359375 0.03515625
21 0.837890625 0.865234375 0.0078125 0.033203125
21 0.890625 0.8681640625 0.0078125 0.03515625
15 0.92529296875 0.724609375 0.0078125 0.0380859375
15 0.978515625 0.72705078125 0.0078125 0.037109375
15 0.91796875 0.865234375 0.0078125 0.037109375
15 0.9716796875 0.8681640625 0.0078125 0.0361328125