32 0.2314453125 0.056640625 0.0390625 0.0078125
32 0.2294921875 0.10888671875 0.03515625 0.0068359375
32 0.1005859375 0.06005859375 0.03515625 0.0078125
32 0.099609375 0.111328125 0.03515625 0.0078125
16 0.2255859375 0.14306640625 0.037109375 0.0078125
16 0.099609375 0.14111328125 0.033203125 0.0078125
16 0.22021484375 0.1953125 0.037109375 0.0068359375
16 0.091796875 0.19287109375 0.0400390625 0.0078125
38 0.22509765625 0.23095703125 0.0380859375 0.005859375
38 0.21923828125 0.28369140625 0.041015625 0.005859375
38 0.095703125 0.2294921875 0.033203125 0.005859375
38 0.0908203125 0.28173828125 0.037109375 0.0078125
9 0.21875 0.3232421875 0.041015625 0.0078125
9 0.212890625 0.375 0.037109375 0.0078125
9 0.08984375 0.31982421875 0.0322265625 0.0068359375
9 0.083984375 0.37158203125 0.03515625 0.0068359375
23 0.20947265625 0.40234375 0.0390625 0.0087890625
23 0.208984375 0.4541015625 0.037109375 0.0078125
23 0.08203125 0.40185546875 0.03515625 0.0087890625
23 0.08154296875 0.453125 0.0361328125 0.009765625
1 0.216796875 0.48291015625 0.037109375 0.0087890625
1 0.21142578125 0.53515625 0.037109375 0.0078125
1 0.08740234375 0.47900390625 0.037109375 0.0078125
1 0.08056640625 0.5302734375 0.03515625 0.0078125
43 0.205078125 0.568359375 0.041015625 0.009765625
43 0.20166015625 0.62109375 0.041015625 0.0078125
43 0.0771484375 0.5654296875 0.037109375 0.009765625
43 0.0732421875 0.6181640625 0.03515625 0.009765625
26 0.2060546875 0.65380859375 0.0419921875 0.0078125
26 0.19873046875 0.70654296875 0.037109375 0.009765625
26 0.0791015625 0.64794921875 0.0380859375 0.009765625
26 0.07275390625 0.7001953125 0.03515625 0.0078125
52 0.2080078125 0.74267578125 0.0380859375 0.009765625
52 0.20751953125 0.796875 0.0390625 0.0078125
52 0.07763671875 0.740234375 0.037109375 0.0078125
52 0.0791015625 0.79345703125 0.03515625 0.0078125
10 0.21630859375 0.8232421875 0.0361328125 0.0087890625
10 0.2138671875 0.8779296875 0.037109375 0.0087890625
10 0.083984375 0.8203125 0.0361328125 0.0078125
10 0.0830078125 0.8740234375 0.0361328125 0.0078125
2 0.216796875 0.91064453125 0.03515625 0.0078125
2 0.21826171875 0.96240234375 0.037109375 0.0087890625
2 0.08642578125 0.90673828125 0.037109375 0.009765625
2 0.08740234375 0.95751953125 0.03515625 0.0087890625
38 0.45849609375 0.0517578125 0.0390625 0.0078125
38 0.45654296875 0.1044921875 0.03515625 0.0078125
38 0.3154296875 0.05517578125 0.03515625 0.009765625
38 0.3134765625 0.1083984375 0.03515625 0.0068359375
13 0.42578125 0.14111328125 0.0751953125 0.009765625
13 0.3203125 0.20068359375 0.0712890625 0.009765625
35 0.4384765625 0.228515625 0.0390625 0.009765625
35 0.4345703125 0.2822265625 0.0390625 0.0087890625
35 0.30419921875 0.22900390625 0.0390625 0.0078125
35 0.30126953125 0.2822265625 0.0390625 0.0078125
12 0.43115234375 0.326171875 0.0400390625 0.0078125
12 0.4189453125 0.37890625 0.037109375 0.0078125
12 0.2978515625 0.318359375 0.0361328125 0.009765625
12 0.2880859375 0.37158203125 0.0390625 0.0087890625
22 0.4384765625 0.41015625 0.0400390625 0.009765625
22 0.42724609375 0.462890625 0.037109375 0.009765625
22 0.30859375 0.4033203125 0.0390625 0.0087890625
22 0.29931640625 0.4560546875 0.037109375 0.009765625
15 0.42431640625 0.48291015625 0.037109375 0.0078125
15 0.42724609375 0.53564453125 0.0400390625 0.009765625
15 0.296875 0.5380859375 0.0400390625 0.0078125
15 0.2919921875 0.48583984375 0.03515625 0.0107421875
30 0.43212890625 0.57666015625 0.0390625 0.005859375
30 0.42626953125 0.62939453125 0.0390625 0.0078125
30 0.30224609375 0.5693359375 0.0361328125 0.0078125
30 0.2919921875 0.62158203125 0.0380859375 0.0078125
37 0.42919921875 0.65869140625 0.0390625 0.0087890625
37 0.4267578125 0.712890625 0.037109375 0.0078125
37 0.296875 0.65478515625 0.03515625 0.0078125
37 0.2919921875 0.7080078125 0.03515625 0.0068359375
8 0.4130859375 0.744140625 0.0390625 0.0078125
8 0.40869140625 0.7978515625 0.037109375 0.0078125
8 0.2802734375 0.73779296875 0.033203125 0.0078125
8 0.2744140625 0.79150390625 0.033203125 0.0078125
54 0.41845703125 0.8232421875 0.0390625 0.0078125
54 0.42041015625 0.8779296875 0.0390625 0.0068359375
54 0.28662109375 0.82177734375 0.03515625 0.0068359375
54 0.28759765625 0.8759765625 0.037109375 0.0078125
51 0.4287109375 0.91650390625 0.0390625 0.0078125
51 0.29736328125 0.9189453125 0.037109375 0.0078125
51 0.3046875 0.9716796875 0.0390625 0.009765625
51 0.43701171875 0.97021484375 0.04296875 0.0087890625
27 0.8310546875 0.9423828125 0.22265625 0.0791015625
27 0.58544921875 0.9443359375 0.2197265625 0.0849609375
18 0.64599609375 0.82080078125 0.0390625 0.009765625
18 0.65283203125 0.87646484375 0.0400390625 0.0107421875
18 0.5166015625 0.8759765625 0.041015625 0.009765625
18 0.51025390625 0.822265625 0.041015625 0.01171875
28 0.82763671875 0.837890625 0.21484375 0.0888671875
3 0.904296875 0.8134765625 0.0361328125 0.0078125
3 0.90283203125 0.86865234375 0.0390625 0.0087890625
3 0.75927734375 0.80859375 0.0400390625 0.009765625
3 0.759765625 0.8642578125 0.0400390625 0.0087890625