47 0.18310546875 0.14794921875 0.037109375 0.0068359375
47 0.17724609375 0.19873046875 0.037109375 0.0068359375
29 0.16357421875 0.22216796875 0.03515625 0.0107421875
29 0.16015625 0.2734375 0.03515625 0.009765625
37 0.14599609375 0.376953125 0.0322265625 0.0078125
37 0.13671875 0.42822265625 0.033203125 0.0078125
44 0.13525390625 0.44970703125 0.037109375 0.0078125
44 0.12451171875 0.50146484375 0.0341796875 0.0068359375
22 0.1044921875 0.6513671875 0.033203125 0.0087890625
20 0.10205078125 0.67724609375 0.03515625 0.0087890625
20 0.09423828125 0.728515625 0.0390625 0.0078125
9 0.0927734375 0.76611328125 0.0302734375 0.0087890625
9 0.0986328125 0.8203125 0.0302734375 0.0087890625
7 0.10498046875 0.84765625 0.033203125 0.0078125
7 0.10302734375 0.89990234375 0.0341796875 0.009765625
12 0.2236328125 0.14697265625 0.03515625 0.0087890625
12 0.21826171875 0.19921875 0.03515625 0.0078125
1 0.2109375 0.22119140625 0.0341796875 0.0087890625
1 0.20556640625 0.2734375 0.0341796875 0.0078125
54 0.1865234375 0.298828125 0.033203125 0.009765625
54 0.1865234375 0.35107421875 0.0341796875 0.009765625
21 0.18798828125 0.38134765625 0.03515625 0.0078125
21 0.1826171875 0.43359375 0.0322265625 0.0078125
8 0.17919921875 0.4560546875 0.037109375 0.0078125
8 0.169921875 0.5078125 0.03125 0.0078125
0 0.15185546875 0.5283203125 0.0341796875 0.009765625
0 0.13720703125 0.5810546875 0.03515625 0.009765625
15 0.14501953125 0.6015625 0.033203125 0.009765625
15 0.13916015625 0.65380859375 0.0341796875 0.0087890625
25 0.14013671875 0.6806640625 0.033203125 0.009765625
25 0.1298828125 0.73291015625 0.03125 0.009765625
14 0.14794921875 0.8173828125 0.033203125 0.0087890625
14 0.1435546875 0.767578125 0.037109375 0.009765625
19 0.15625 0.85107421875 0.0390625 0.0078125
19 0.15283203125 0.9033203125 0.037109375 0.0087890625
17 0.26953125 0.1435546875 0.0361328125 0.0078125
17 0.26171875 0.19580078125 0.0361328125 0.0087890625
17 0.41162109375 0.14697265625 0.037109375 0.0078125
17 0.40234375 0.20068359375 0.03515625 0.009765625
51 0.39990234375 0.2275390625 0.03515625 0.0078125
51 0.390625 0.28076171875 0.033203125 0.0078125
51 0.24951171875 0.27392578125 0.03515625 0.0078125
51 0.25830078125 0.2216796875 0.0322265625 0.0078125
41 0.37255859375 0.29736328125 0.033203125 0.0078125
41 0.22802734375 0.29736328125 0.0322265625 0.0078125
41 0.22705078125 0.35009765625 0.033203125 0.0078125
41 0.37158203125 0.3505859375 0.03515625 0.0078125
16 0.36669921875 0.38623046875 0.0380859375 0.0078125
16 0.36376953125 0.4384765625 0.0380859375 0.0087890625
16 0.22509765625 0.38427734375 0.03515625 0.0078125
16 0.22265625 0.4365234375 0.037109375 0.0078125
6 0.35986328125 0.470703125 0.037109375 0.0078125
6 0.34912109375 0.52294921875 0.03515625 0.0068359375
6 0.21728515625 0.46142578125 0.033203125 0.0078125
6 0.20654296875 0.51318359375 0.033203125 0.0078125
34 0.34130859375 0.54052734375 0.037109375 0.0087890625
34 0.33154296875 0.59326171875 0.03515625 0.0078125
34 0.2001953125 0.533203125 0.033203125 0.0078125
34 0.19140625 0.58544921875 0.03515625 0.0068359375
26 0.3349609375 0.6123046875 0.033203125 0.0078125
26 0.3251953125 0.6650390625 0.0361328125 0.0078125
26 0.1943359375 0.60400390625 0.03515625 0.0078125
26 0.1845703125 0.65673828125 0.033203125 0.0087890625
10 0.32763671875 0.69287109375 0.033203125 0.0078125
10 0.31640625 0.74560546875 0.03515625 0.0078125
10 0.185546875 0.6806640625 0.029296875 0.009765625
10 0.173828125 0.73291015625 0.0322265625 0.0078125
50 0.3359375 0.76611328125 0.03515625 0.0078125
50 0.33251953125 0.81884765625 0.037109375 0.005859375
50 0.19482421875 0.76025390625 0.037109375 0.0087890625
50 0.189453125 0.8125 0.0341796875 0.0078125
53 0.3369140625 0.859375 0.037109375 0.0078125
53 0.337890625 0.912109375 0.033203125 0.0087890625
53 0.197265625 0.85693359375 0.03515625 0.0087890625
53 0.197265625 0.9091796875 0.03125 0.009765625
3 0.52978515625 0.11669921875 0.037109375 0.01171875
3 0.52099609375 0.17041015625 0.0390625 0.01171875
35 0.51611328125 0.201171875 0.0390625 0.01171875
35 0.501953125 0.25439453125 0.0390625 0.0078125
2 0.48681640625 0.28369140625 0.037109375 0.0107421875
2 0.47314453125 0.33740234375 0.037109375 0.0087890625
48 0.47021484375 0.365234375 0.0390625 0.009765625
48 0.46044921875 0.4169921875 0.0380859375 0.009765625
36 0.451171875 0.44873046875 0.033203125 0.0087890625
36 0.44140625 0.5009765625 0.0341796875 0.0078125
52 0.43701171875 0.52880859375 0.0361328125 0.0078125
52 0.4296875 0.58154296875 0.037109375 0.0078125
39 0.4306640625 0.61083984375 0.0361328125 0.0078125
39 0.4248046875 0.66455078125 0.033203125 0.0078125
23 0.421875 0.6962890625 0.0341796875 0.0078125
23 0.41796875 0.75 0.03515625 0.0087890625
5 0.4228515625 0.77685546875 0.033203125 0.0078125
5 0.42431640625 0.83154296875 0.0341796875 0.0087890625
4 0.4208984375 0.86328125 0.037109375 0.0078125
4 0.419921875 0.91650390625 0.0341796875 0.0078125
3 0.67822265625 0.12060546875 0.03515625 0.0087890625
3 0.669921875 0.17529296875 0.033203125 0.0087890625
35 0.662109375 0.21044921875 0.0390625 0.0078125
35 0.64794921875 0.26416015625 0.037109375 0.0068359375
2 0.63623046875 0.29345703125 0.03515625 0.0078125
2 0.6220703125 0.34716796875 0.0361328125 0.0078125
48 0.6162109375 0.373046875 0.037109375 0.0078125
48 0.6044921875 0.4267578125 0.0390625 0.0078125
36 0.59521484375 0.4560546875 0.0361328125 0.0068359375
36 0.58544921875 0.509765625 0.03125 0.0078125
52 0.5810546875 0.53564453125 0.0361328125 0.0078125
52 0.57373046875 0.5888671875 0.0322265625 0.005859375
39 0.57421875 0.61767578125 0.033203125 0.0078125
39 0.5693359375 0.67138671875 0.033203125 0.005859375
23 0.56640625 0.70166015625 0.03515625 0.0078125
23 0.56494140625 0.7548828125 0.033203125 0.0078125
5 0.5712890625 0.779296875 0.03515625 0.0078125
5 0.57373046875 0.83251953125 0.037109375 0.0078125
4 0.5693359375 0.869140625 0.033203125 0.0078125
4 0.5673828125 0.92236328125 0.03515625 0.0078125