27 0.84375 0.7294921875 0.228515625 0.0859375
27 0.830078125 0.94580078125 0.220703125 0.0859375
27 0.58447265625 0.943359375 0.21875 0.087890625
27 0.59130859375 0.724609375 0.212890625 0.083984375
28 0.82763671875 0.83837890625 0.21484375 0.0869140625
3 0.90576171875 0.81298828125 0.044921875 0.009765625
3 0.90380859375 0.869140625 0.0390625 0.0087890625
3 0.75830078125 0.80908203125 0.041015625 0.0078125
3 0.76025390625 0.8642578125 0.037109375 0.0087890625
18 0.64794921875 0.822265625 0.041015625 0.009765625
18 0.65234375 0.87744140625 0.044921875 0.009765625
18 0.51025390625 0.82275390625 0.041015625 0.009765625
18 0.515625 0.87646484375 0.041015625 0.0078125