1 0.6669921875 0.93310546875 0.03125 0.005859375
1 0.6787109375 0.875 0.03125 0.0068359375
1 0.81103515625 0.93603515625 0.03125 0.0068359375
1 0.81982421875 0.87841796875 0.033203125 0.005859375
53 0.6865234375 0.8486328125 0.03515625 0.0078125
53 0.6923828125 0.79736328125 0.033203125 0.0078125
53 0.8154296875 0.8515625 0.029296875 0.0078125
53 0.82373046875 0.79931640625 0.03515625 0.0068359375
51 0.69580078125 0.76318359375 0.0380859375 0.0087890625
51 0.7001953125 0.708984375 0.037109375 0.0087890625
51 0.833984375 0.76416015625 0.037109375 0.009765625
51 0.8369140625 0.71044921875 0.03515625 0.0078125
41 0.70263671875 0.685546875 0.0322265625 0.005859375
41 0.71044921875 0.63330078125 0.0302734375 0.0068359375
41 0.83544921875 0.689453125 0.03125 0.00390625
41 0.84130859375 0.63671875 0.029296875 0.0078125
3 0.71044921875 0.60009765625 0.0302734375 0.0078125
3 0.71435546875 0.54248046875 0.029296875 0.0078125
3 0.85302734375 0.6025390625 0.03125 0.0078125
3 0.857421875 0.544921875 0.03125 0.005859375
4 0.72119140625 0.5166015625 0.033203125 0.0068359375
4 0.7216796875 0.458984375 0.033203125 0.0068359375
4 0.8642578125 0.5166015625 0.0283203125 0.0078125
4 0.86474609375 0.45947265625 0.0302734375 0.0068359375
13 0.7470703125 0.4306640625 0.05859375 0.005859375
13 0.86083984375 0.4345703125 0.056640625 0.005859375
13 0.86865234375 0.38134765625 0.0595703125 0.005859375
13 0.75439453125 0.37646484375 0.060546875 0.0078125
16 0.7333984375 0.341796875 0.0361328125 0.0078125
16 0.73583984375 0.283203125 0.033203125 0.0087890625
16 0.87744140625 0.2880859375 0.033203125 0.009765625
16 0.87451171875 0.34521484375 0.0341796875 0.009765625
37 0.72802734375 0.255859375 0.03515625 0.0078125
37 0.72900390625 0.197265625 0.033203125 0.005859375
37 0.8701171875 0.2587890625 0.0322265625 0.0068359375
37 0.87158203125 0.20166015625 0.0322265625 0.0078125
36 0.72412109375 0.16943359375 0.033203125 0.0068359375
36 0.86572265625 0.169921875 0.0322265625 0.0078125
36 0.8623046875 0.11279296875 0.0322265625 0.0078125
36 0.71923828125 0.1123046875 0.033203125 0.0068359375
2 0.71826171875 0.08056640625 0.033203125 0.0078125
2 0.86279296875 0.0830078125 0.03125 0.0087890625
2 0.8603515625 0.02490234375 0.029296875 0.0087890625
2 0.71533203125 0.0224609375 0.0302734375 0.005859375
23 0.45068359375 0.92724609375 0.0380859375 0.009765625
23 0.458984375 0.8740234375 0.037109375 0.0087890625
23 0.6005859375 0.87451171875 0.037109375 0.009765625
23 0.5927734375 0.92724609375 0.0390625 0.009765625
35 0.466796875 0.84716796875 0.03515625 0.0078125
35 0.466796875 0.787109375 0.03515625 0.0068359375
35 0.61572265625 0.78564453125 0.03515625 0.0068359375
35 0.615234375 0.84521484375 0.0322265625 0.0087890625
6 0.47265625 0.75830078125 0.0361328125 0.0068359375
6 0.4853515625 0.7001953125 0.0322265625 0.0068359375
6 0.6328125 0.70849609375 0.03125 0.005859375
6 0.62158203125 0.767578125 0.03515625 0.0078125
14 0.47900390625 0.68408203125 0.03515625 0.0078125
14 0.48388671875 0.623046875 0.03515625 0.0078125
14 0.625 0.68603515625 0.0322265625 0.0078125
14 0.6240234375 0.62744140625 0.03515625 0.0078125
9 0.49267578125 0.59423828125 0.0361328125 0.0078125
9 0.4970703125 0.53955078125 0.037109375 0.009765625
9 0.63525390625 0.54052734375 0.037109375 0.0087890625
9 0.6328125 0.5947265625 0.03515625 0.0087890625
20 0.50341796875 0.50537109375 0.03515625 0.0078125
20 0.51220703125 0.44580078125 0.0390625 0.009765625
20 0.64453125 0.51171875 0.037109375 0.0087890625
20 0.654296875 0.453125 0.0341796875 0.0078125
26 0.50048828125 0.412109375 0.037109375 0.0068359375
26 0.501953125 0.35986328125 0.03515625 0.0078125
26 0.6357421875 0.416015625 0.037109375 0.0078125
26 0.6376953125 0.36328125 0.033203125 0.0068359375
21 0.498046875 0.33837890625 0.03515625 0.0078125
21 0.64453125 0.33984375 0.0322265625 0.0068359375
21 0.64501953125 0.28076171875 0.03515625 0.0078125
21 0.4990234375 0.279296875 0.03515625 0.0078125
17 0.49853515625 0.25048828125 0.03515625 0.0068359375
17 0.49951171875 0.19091796875 0.03515625 0.0068359375
17 0.64453125 0.25390625 0.0322265625 0.0078125
17 0.6455078125 0.1953125 0.033203125 0.0078125
54 0.50927734375 0.16015625 0.0341796875 0.0078125
54 0.51171875 0.10595703125 0.03515625 0.0068359375
54 0.64501953125 0.1650390625 0.0322265625 0.0078125
54 0.64892578125 0.11181640625 0.03125 0.0068359375
52 0.50830078125 0.076171875 0.033203125 0.005859375
52 0.5078125 0.021484375 0.03515625 0.0068359375
52 0.6435546875 0.0810546875 0.037109375 0.005859375
52 0.6435546875 0.02685546875 0.03125 0.0078125
27 0.1103515625 0.80078125 0.220703125 0.09375
33 0.02685546875 0.7470703125 0.0390625 0.0087890625
33 0.03125 0.68505859375 0.041015625 0.009765625
33 0.1826171875 0.7451171875 0.04296875 0.0078125
33 0.18359375 0.68310546875 0.037109375 0.0087890625
11 0.033203125 0.65185546875 0.0380859375 0.0087890625
11 0.04541015625 0.5966796875 0.033203125 0.009765625
11 0.1806640625 0.6572265625 0.0341796875 0.0078125
11 0.19091796875 0.6025390625 0.0322265625 0.0068359375
12 0.0361328125 0.56494140625 0.0390625 0.0078125
12 0.1826171875 0.56689453125 0.033203125 0.005859375
12 0.18408203125 0.513671875 0.03125 0.0087890625
12 0.03515625 0.509765625 0.03515625 0.0078125
10 0.03271484375 0.4697265625 0.03125 0.005859375
10 0.04931640625 0.41552734375 0.0341796875 0.0078125
10 0.1787109375 0.4833984375 0.03125 0.0078125
10 0.19580078125 0.43017578125 0.0322265625 0.005859375
0 0.03857421875 0.39501953125 0.03515625 0.0078125
0 0.04443359375 0.33447265625 0.03125 0.0068359375
0 0.19873046875 0.40234375 0.033203125 0.0078125
0 0.2021484375 0.34228515625 0.0322265625 0.0078125
42 0.0498046875 0.314453125 0.0380859375 0.0078125
42 0.0400390625 0.25341796875 0.03515625 0.009765625
42 0.21337890625 0.310546875 0.037109375 0.0087890625
42 0.21044921875 0.25 0.037109375 0.009765625
40 0.064453125 0.2265625 0.033203125 0.0068359375
40 0.0673828125 0.169921875 0.0341796875 0.0078125
40 0.21240234375 0.22802734375 0.033203125 0.0078125
40 0.21240234375 0.1728515625 0.037109375 0.009765625
13 0.08740234375 0.14404296875 0.0634765625 0.0078125
13 0.07861328125 0.08837890625 0.064453125 0.0078125
13 0.2041015625 0.0859375 0.064453125 0.0078125
13 0.2109375 0.142578125 0.064453125 0.0078125
27 0.35009765625 0.560546875 0.2216796875 0.08203125
18 0.2861328125 0.4873046875 0.03515625 0.0078125
18 0.29931640625 0.427734375 0.03515625 0.005859375
18 0.435546875 0.498046875 0.0322265625 0.005859375
18 0.44873046875 0.43896484375 0.03515625 0.005859375
24 0.291015625 0.4013671875 0.033203125 0.0068359375
24 0.29345703125 0.34814453125 0.03515625 0.0078125
24 0.43017578125 0.40478515625 0.03125 0.0078125
24 0.43115234375 0.3525390625 0.033203125 0.005859375