32 0.943359375 0.2314453125 0.0078125 0.0390625
32 0.89111328125 0.2294921875 0.0068359375 0.03515625
32 0.93994140625 0.1005859375 0.0078125 0.03515625
32 0.888671875 0.099609375 0.0078125 0.03515625
16 0.85693359375 0.2255859375 0.0078125 0.037109375
16 0.85888671875 0.099609375 0.0078125 0.033203125
16 0.8046875 0.22021484375 0.0068359375 0.037109375
16 0.80712890625 0.091796875 0.0078125 0.0400390625
38 0.76904296875 0.22509765625 0.005859375 0.0380859375
38 0.71630859375 0.21923828125 0.005859375 0.041015625
38 0.7705078125 0.095703125 0.005859375 0.033203125
38 0.71826171875 0.0908203125 0.0078125 0.037109375
9 0.6767578125 0.21875 0.0078125 0.041015625
9 0.625 0.212890625 0.0078125 0.037109375
9 0.68017578125 0.08984375 0.0068359375 0.0322265625
9 0.62841796875 0.083984375 0.0068359375 0.03515625
23 0.59765625 0.20947265625 0.0087890625 0.0390625
23 0.5458984375 0.208984375 0.0078125 0.037109375
23 0.59814453125 0.08203125 0.0087890625 0.03515625
23 0.546875 0.08154296875 0.009765625 0.0361328125
1 0.51708984375 0.216796875 0.0087890625 0.037109375
1 0.46484375 0.21142578125 0.0078125 0.037109375
1 0.52099609375 0.08740234375 0.0078125 0.037109375
1 0.4697265625 0.08056640625 0.0078125 0.03515625
43 0.431640625 0.205078125 0.009765625 0.041015625
43 0.37890625 0.20166015625 0.0078125 0.041015625
43 0.4345703125 0.0771484375 0.009765625 0.037109375
43 0.3818359375 0.0732421875 0.009765625 0.03515625
26 0.34619140625 0.2060546875 0.0078125 0.0419921875
26 0.29345703125 0.19873046875 0.009765625 0.037109375
26 0.35205078125 0.0791015625 0.009765625 0.0380859375
26 0.2998046875 0.07275390625 0.0078125 0.03515625
52 0.25732421875 0.2080078125 0.009765625 0.0380859375
52 0.203125 0.20751953125 0.0078125 0.0390625
52 0.259765625 0.07763671875 0.0078125 0.037109375
52 0.20654296875 0.0791015625 0.0078125 0.03515625
10 0.1767578125 0.21630859375 0.0087890625 0.0361328125
10 0.1220703125 0.2138671875 0.0087890625 0.037109375
10 0.1796875 0.083984375 0.0078125 0.0361328125
10 0.1259765625 0.0830078125 0.0078125 0.0361328125
2 0.08935546875 0.216796875 0.0087890625 0.03515625
2 0.03759765625 0.21826171875 0.0087890625 0.037109375
2 0.09326171875 0.08642578125 0.009765625 0.037109375
2 0.04248046875 0.08740234375 0.0087890625 0.03515625
38 0.9482421875 0.45849609375 0.0078125 0.0390625
38 0.8955078125 0.45654296875 0.0078125 0.03515625
38 0.94482421875 0.3154296875 0.009765625 0.03515625
38 0.8916015625 0.3134765625 0.0068359375 0.03515625
13 0.85888671875 0.42578125 0.009765625 0.0751953125
13 0.79931640625 0.3203125 0.009765625 0.0712890625
35 0.771484375 0.4384765625 0.009765625 0.0390625
35 0.7177734375 0.4345703125 0.0087890625 0.0390625
35 0.77099609375 0.30419921875 0.0078125 0.0390625
35 0.7177734375 0.30126953125 0.0078125 0.0390625
12 0.673828125 0.43115234375 0.0078125 0.0400390625
12 0.62109375 0.4189453125 0.0078125 0.037109375
12 0.681640625 0.2978515625 0.009765625 0.0361328125
12 0.62841796875 0.2880859375 0.0087890625 0.0390625
22 0.58984375 0.4384765625 0.009765625 0.0400390625
22 0.537109375 0.42724609375 0.009765625 0.037109375
22 0.5966796875 0.30859375 0.0087890625 0.0390625
22 0.5439453125 0.29931640625 0.009765625 0.037109375
15 0.51708984375 0.42431640625 0.0078125 0.037109375
15 0.46435546875 0.42724609375 0.009765625 0.0400390625
15 0.4619140625 0.296875 0.0078125 0.0400390625
15 0.51416015625 0.2919921875 0.0107421875 0.03515625
30 0.42333984375 0.43212890625 0.005859375 0.0390625
30 0.37060546875 0.42626953125 0.0078125 0.0390625
30 0.4306640625 0.30224609375 0.0078125 0.0361328125
30 0.37841796875 0.2919921875 0.0087890625 0.0380859375
37 0.34130859375 0.42919921875 0.0087890625 0.0390625
37 0.287109375 0.4267578125 0.0078125 0.037109375
37 0.34521484375 0.296875 0.0078125 0.03515625
37 0.2919921875 0.2919921875 0.0068359375 0.03515625
8 0.255859375 0.4130859375 0.0078125 0.0390625
8 0.2021484375 0.40869140625 0.0078125 0.037109375
8 0.26220703125 0.2802734375 0.0087890625 0.033203125
8 0.20849609375 0.2744140625 0.0078125 0.033203125
54 0.1767578125 0.41845703125 0.0078125 0.0390625
54 0.1220703125 0.42041015625 0.0068359375 0.0390625
54 0.17822265625 0.28662109375 0.0068359375 0.03515625
54 0.1240234375 0.28759765625 0.0078125 0.037109375
51 0.08349609375 0.4287109375 0.0087890625 0.0390625
51 0.0810546875 0.29736328125 0.0078125 0.037109375
51 0.0283203125 0.3046875 0.009765625 0.0390625
51 0.02978515625 0.43701171875 0.0087890625 0.04296875