0 0.2001953125 0.83935546875 0.05078125 0.01171875
0 0.20361328125 0.7802734375 0.048828125 0.0107421875
0 0.35107421875 0.77978515625 0.05078125 0.013671875
0 0.3466796875 0.83837890625 0.046875 0.009765625
24 0.3427734375 0.8525390625 0.048828125 0.01171875
28 0.28369140625 0.81298828125 0.232421875 0.1025390625
40 0.22509765625 0.7392578125 0.0556640625 0.0107421875
40 0.232421875 0.6796875 0.046875 0.0087890625
40 0.37841796875 0.68310546875 0.046875 0.0078125
40 0.37060546875 0.7421875 0.048828125 0.0087890625
27 0.3095703125 0.59716796875 0.21875 0.09375
27 0.30908203125 0.49072265625 0.220703125 0.087890625
39 0.21533203125 0.41259765625 0.052734375 0.0107421875
39 0.2236328125 0.35302734375 0.048828125 0.01171875
39 0.35888671875 0.42138671875 0.046875 0.0107421875
39 0.36669921875 0.36376953125 0.048828125 0.009765625
28 0.29443359375 0.38427734375 0.23046875 0.09765625
42 0.2001953125 0.2880859375 0.048828125 0.0107421875
42 0.19921875 0.228515625 0.05078125 0.0107421875
42 0.345703125 0.28955078125 0.048828125 0.01171875
42 0.345703125 0.23046875 0.048828125 0.0126953125
14 0.1904296875 0.177734375 0.0546875 0.01171875
14 0.19775390625 0.11865234375 0.05078125 0.01171875
14 0.3349609375 0.18701171875 0.05078125 0.009765625
14 0.34228515625 0.1298828125 0.05078125 0.01171875
27 0.529296875 0.81298828125 0.2216796875 0.0947265625
43 0.47314453125 0.7333984375 0.048828125 0.01171875
43 0.61279296875 0.73291015625 0.048828125 0.0107421875
43 0.47412109375 0.67529296875 0.05078125 0.01171875
43 0.6123046875 0.67431640625 0.048828125 0.0126953125
54 0.470703125 0.62939453125 0.05078125 0.0107421875
54 0.609375 0.6357421875 0.044921875 0.009765625
54 0.48193359375 0.572265625 0.046875 0.0078125
54 0.61767578125 0.57861328125 0.0458984375 0.0078125
17 0.48486328125 0.533203125 0.046875 0.009765625
17 0.61962890625 0.5400390625 0.0439453125 0.0087890625
17 0.4921875 0.47607421875 0.044921875 0.009765625
17 0.63037109375 0.48388671875 0.0458984375 0.0078125
34 0.4853515625 0.42626953125 0.048828125 0.01171875
34 0.62451171875 0.419921875 0.048828125 0.01171875
34 0.4736328125 0.369140625 0.0458984375 0.009765625
34 0.6123046875 0.3623046875 0.046875 0.01171875
9 0.4677734375 0.298828125 0.046875 0.01171875
9 0.6103515625 0.29345703125 0.046875 0.0126953125
9 0.59912109375 0.2353515625 0.048828125 0.0146484375
9 0.458984375 0.240234375 0.046875 0.01171875
28 0.54296875 0.26904296875 0.2265625 0.099609375
27 0.52685546875 0.1591796875 0.212890625 0.0859375