47 0.81689453125 0.85205078125 0.037109375 0.0068359375
47 0.82275390625 0.80126953125 0.037109375 0.0068359375
29 0.83642578125 0.77783203125 0.03515625 0.0107421875
29 0.83984375 0.7265625 0.03515625 0.009765625
37 0.85400390625 0.623046875 0.0322265625 0.0078125
37 0.86328125 0.57177734375 0.033203125 0.0078125
44 0.86474609375 0.55029296875 0.037109375 0.0078125
44 0.87548828125 0.49853515625 0.0341796875 0.0068359375
22 0.8955078125 0.3486328125 0.033203125 0.0087890625
20 0.89794921875 0.32275390625 0.03515625 0.0087890625
20 0.90576171875 0.271484375 0.0390625 0.0078125
9 0.9072265625 0.23388671875 0.0302734375 0.0087890625
9 0.9013671875 0.1796875 0.0302734375 0.0087890625
7 0.89501953125 0.15234375 0.033203125 0.0078125
7 0.89697265625 0.10009765625 0.0341796875 0.009765625
12 0.7763671875 0.85302734375 0.03515625 0.0087890625
12 0.78173828125 0.80078125 0.03515625 0.0078125
1 0.7890625 0.77880859375 0.0341796875 0.0087890625
1 0.79443359375 0.7265625 0.0341796875 0.0078125
54 0.8134765625 0.701171875 0.033203125 0.009765625
54 0.8134765625 0.64892578125 0.0341796875 0.009765625
21 0.81201171875 0.61865234375 0.03515625 0.0078125
21 0.8173828125 0.56640625 0.0322265625 0.0078125
8 0.82080078125 0.5439453125 0.037109375 0.0078125
8 0.830078125 0.4921875 0.03125 0.0078125
0 0.84814453125 0.4716796875 0.0341796875 0.009765625
0 0.86279296875 0.4189453125 0.03515625 0.009765625
15 0.85498046875 0.3984375 0.033203125 0.009765625
15 0.86083984375 0.34619140625 0.0341796875 0.0087890625
25 0.85986328125 0.3193359375 0.033203125 0.009765625
25 0.8701171875 0.26708984375 0.03125 0.009765625
14 0.85205078125 0.1826171875 0.033203125 0.0087890625
14 0.8564453125 0.232421875 0.037109375 0.009765625
19 0.84375 0.14892578125 0.0390625 0.0078125
19 0.84716796875 0.0966796875 0.037109375 0.0078125
17 0.73046875 0.8564453125 0.0361328125 0.0078125
17 0.73828125 0.80419921875 0.0361328125 0.0087890625
17 0.58837890625 0.85302734375 0.037109375 0.0078125
17 0.59765625 0.79931640625 0.03515625 0.009765625
51 0.60009765625 0.7724609375 0.03515625 0.0078125
51 0.609375 0.71923828125 0.033203125 0.0078125
51 0.75048828125 0.72607421875 0.03515625 0.0078125
51 0.74169921875 0.7783203125 0.0322265625 0.0078125
41 0.62744140625 0.70263671875 0.033203125 0.0078125
41 0.77197265625 0.70263671875 0.0322265625 0.0078125
41 0.77294921875 0.64990234375 0.033203125 0.0078125
41 0.62841796875 0.6494140625 0.03515625 0.0078125
16 0.63330078125 0.61376953125 0.0380859375 0.0078125
16 0.63623046875 0.5615234375 0.0380859375 0.0087890625
16 0.77490234375 0.61572265625 0.03515625 0.0078125
16 0.77734375 0.5634765625 0.037109375 0.0078125
6 0.64111328125 0.53125 0.037109375 0.0078125
6 0.64892578125 0.47900390625 0.03515625 0.0068359375
6 0.78271484375 0.53857421875 0.033203125 0.0078125
6 0.79150390625 0.48681640625 0.037109375 0.0068359375
34 0.65869140625 0.45947265625 0.037109375 0.0087890625
34 0.66845703125 0.40673828125 0.03515625 0.0078125
34 0.7998046875 0.466796875 0.033203125 0.0078125
34 0.80859375 0.41455078125 0.03515625 0.0068359375
26 0.6650390625 0.3876953125 0.033203125 0.0078125
26 0.6748046875 0.3349609375 0.0361328125 0.0078125
26 0.8056640625 0.39599609375 0.03515625 0.0078125
26 0.8154296875 0.34326171875 0.033203125 0.0087890625
10 0.67236328125 0.30712890625 0.033203125 0.0078125
10 0.68359375 0.25439453125 0.03515625 0.0078125
10 0.814453125 0.3193359375 0.029296875 0.009765625
10 0.826171875 0.26708984375 0.0322265625 0.0078125
50 0.6640625 0.23388671875 0.03515625 0.0078125
50 0.66748046875 0.18115234375 0.037109375 0.005859375
50 0.80517578125 0.23974609375 0.037109375 0.0087890625
50 0.810546875 0.1875 0.0341796875 0.0078125
53 0.6630859375 0.140625 0.037109375 0.0078125
53 0.662109375 0.087890625 0.033203125 0.0087890625
53 0.802734375 0.14306640625 0.03515625 0.0087890625
53 0.802734375 0.0908203125 0.03125 0.009765625