12 0.04150390625 0.53125 0.0078125 0.041015625
12 0.0966796875 0.68994140625 0.0078125 0.0380859375
52 0.15087890625 0.5693359375 0.0078125 0.044921875
52 0.20263671875 0.72705078125 0.0087890625 0.037109375
22 0.248046875 0.623046875 0.009765625 0.04296875
22 0.30712890625 0.76806640625 0.0078125 0.0390625
38 0.361328125 0.63037109375 0.005859375 0.0390625
38 0.423828125 0.77099609375 0.005859375 0.041015625
45 0.4736328125 0.64111328125 0.0078125 0.04296875
45 0.53125 0.78466796875 0.0087890625 0.04296875
33 0.57373046875 0.6611328125 0.0078125 0.0419921875
33 0.63623046875 0.798828125 0.0078125 0.041015625
35 0.68994140625 0.69873046875 0.009765625 0.041015625
35 0.76513671875 0.814453125 0.0087890625 0.041015625
13 0.78955078125 0.67919921875 0.0107421875 0.01953125
13 0.8447265625 0.67529296875 0.009765625 0.0185546875
13 0.78955078125 0.82763671875 0.009765625 0.01953125
13 0.84326171875 0.82421875 0.01171875 0.021484375
44 0.8828125 0.65234375 0.009765625 0.044921875
44 0.951171875 0.77734375 0.0087890625 0.044921875
27 0.92236328125 0.22314453125 0.0927734375 0.2265625
27 0.91943359375 0.470703125 0.087890625 0.2158203125