51 0.27490234375 0.0419921875 0.0380859375 0.0068359375
51 0.2607421875 0.10009765625 0.0390625 0.0068359375
45 0.25537109375 0.14453125 0.0400390625 0.0078125
45 0.25 0.20361328125 0.0390625 0.0078125
13 0.22412109375 0.2236328125 0.017578125 0.0078125
13 0.2197265625 0.28173828125 0.01953125 0.0087890625
7 0.234375 0.30419921875 0.0400390625 0.0078125
7 0.23388671875 0.36279296875 0.0400390625 0.0078125
13 0.21142578125 0.447265625 0.017578125 0.0087890625
13 0.212890625 0.38818359375 0.017578125 0.0087890625
3 0.20458984375 0.48388671875 0.041015625 0.009765625
3 0.20263671875 0.54248046875 0.041015625 0.0087890625
21 0.216796875 0.63134765625 0.04296875 0.0078125
21 0.22021484375 0.57177734375 0.0439453125 0.0087890625
42 0.21044921875 0.72265625 0.04296875 0.009765625
42 0.20458984375 0.6630859375 0.041015625 0.009765625
50 0.21875 0.8037109375 0.041015625 0.0078125
50 0.21826171875 0.744140625 0.0390625 0.009765625
5 0.23828125 0.88916015625 0.04296875 0.0087890625
5 0.23095703125 0.82861328125 0.0380859375 0.009765625
33 0.23095703125 0.97216796875 0.04296875 0.0078125
33 0.23095703125 0.912109375 0.0390625 0.0087890625
11 0.46826171875 0.04638671875 0.0400390625 0.0087890625
11 0.458984375 0.1064453125 0.044921875 0.009765625
11 0.3173828125 0.10498046875 0.0419921875 0.0087890625
11 0.32470703125 0.046875 0.041015625 0.0078125
16 0.45458984375 0.14453125 0.0439453125 0.009765625
16 0.44775390625 0.20458984375 0.04296875 0.0087890625
16 0.30712890625 0.203125 0.0390625 0.009765625
16 0.31396484375 0.1435546875 0.041015625 0.009765625
17 0.42138671875 0.22119140625 0.04296875 0.0078125
17 0.42041015625 0.28076171875 0.0439453125 0.0078125
17 0.27978515625 0.28076171875 0.04296875 0.009765625
17 0.28271484375 0.22265625 0.0419921875 0.0078125
12 0.42919921875 0.30419921875 0.04296875 0.0078125
12 0.42919921875 0.36474609375 0.0400390625 0.009765625
12 0.28759765625 0.36376953125 0.041015625 0.009765625
12 0.2880859375 0.3046875 0.0390625 0.009765625
34 0.40673828125 0.38818359375 0.041015625 0.0078125
34 0.40625 0.447265625 0.0439453125 0.009765625
34 0.26806640625 0.38818359375 0.04296875 0.0078125
34 0.2666015625 0.44677734375 0.041015625 0.0078125
44 0.40234375 0.482421875 0.04296875 0.0078125
44 0.39892578125 0.5419921875 0.04296875 0.0078125
44 0.259765625 0.54052734375 0.044921875 0.0078125
44 0.26171875 0.4814453125 0.0390625 0.009765625
46 0.42138671875 0.5732421875 0.0458984375 0.0078125
46 0.42138671875 0.63330078125 0.0439453125 0.0078125
46 0.28125 0.57275390625 0.0458984375 0.0078125
46 0.279296875 0.63232421875 0.0439453125 0.009765625
29 0.39990234375 0.65771484375 0.041015625 0.009765625
29 0.40576171875 0.71826171875 0.041015625 0.009765625
29 0.265625 0.720703125 0.0390625 0.0087890625
29 0.25927734375 0.66064453125 0.041015625 0.009765625
54 0.4150390625 0.74755859375 0.04296875 0.0087890625
54 0.41455078125 0.8076171875 0.0419921875 0.0087890625
54 0.27294921875 0.8037109375 0.044921875 0.009765625
54 0.275390625 0.74365234375 0.0419921875 0.0087890625
52 0.42919921875 0.83056640625 0.041015625 0.0078125
52 0.28759765625 0.830078125 0.0419921875 0.0078125
52 0.4345703125 0.890625 0.041015625 0.0078125
52 0.29443359375 0.8896484375 0.04296875 0.0087890625
39 0.423828125 0.91552734375 0.041015625 0.0068359375
39 0.42724609375 0.9765625 0.0419921875 0.0087890625
39 0.28564453125 0.97509765625 0.0390625 0.0078125
39 0.28076171875 0.91455078125 0.041015625 0.0087890625