51 0.04150390625 0.72802734375 0.0068359375 0.0380859375
51 0.099609375 0.74267578125 0.0068359375 0.0390625
45 0.13623046875 0.748046875 0.0078125 0.0400390625
45 0.1953125 0.75634765625 0.0078125 0.0390625
13 0.2236328125 0.77978515625 0.0078125 0.017578125
13 0.28271484375 0.783203125 0.0078125 0.0146484375
7 0.3046875 0.76904296875 0.0078125 0.0400390625
7 0.36328125 0.7705078125 0.0078125 0.0400390625
13 0.447265625 0.791015625 0.0087890625 0.017578125
13 0.38818359375 0.7880859375 0.0087890625 0.017578125
3 0.48291015625 0.79541015625 0.009765625 0.041015625
3 0.54150390625 0.798828125 0.0087890625 0.041015625
21 0.63037109375 0.78271484375 0.0078125 0.04296875
21 0.57177734375 0.77978515625 0.0087890625 0.0439453125
42 0.72119140625 0.791015625 0.009765625 0.04296875
42 0.662109375 0.79541015625 0.009765625 0.041015625
50 0.8037109375 0.78125 0.0078125 0.041015625
50 0.7451171875 0.78271484375 0.009765625 0.0390625
5 0.88916015625 0.76171875 0.0087890625 0.04296875
5 0.82861328125 0.76611328125 0.009765625 0.0380859375
33 0.9736328125 0.76904296875 0.0078125 0.04296875
33 0.9130859375 0.77099609375 0.0087890625 0.0390625
11 0.10400390625 0.6865234375 0.0087890625 0.0419921875
11 0.0458984375 0.6787109375 0.0078125 0.041015625
16 0.19140625 0.70263671875 0.009765625 0.0390625
16 0.1318359375 0.68798828125 0.009765625 0.041015625
17 0.28173828125 0.7216796875 0.009765625 0.04296875
17 0.22314453125 0.720703125 0.0078125 0.0419921875
12 0.36376953125 0.71728515625 0.009765625 0.041015625
12 0.30419921875 0.71728515625 0.009765625 0.0390625
34 0.38818359375 0.73193359375 0.0078125 0.04296875
34 0.44677734375 0.7333984375 0.0078125 0.041015625
44 0.53857421875 0.7568359375 0.0078125 0.044921875
44 0.47998046875 0.74365234375 0.009765625 0.0390625
46 0.5732421875 0.72607421875 0.0078125 0.0458984375
46 0.63232421875 0.7255859375 0.009765625 0.0439453125
29 0.71923828125 0.73828125 0.0087890625 0.0390625
29 0.66015625 0.74072265625 0.009765625 0.041015625
54 0.80517578125 0.7265625 0.009765625 0.044921875
54 0.74560546875 0.724609375 0.0087890625 0.0419921875
52 0.83642578125 0.7119140625 0.0078125 0.0419921875
52 0.89501953125 0.701171875 0.0087890625 0.04296875
39 0.98046875 0.71484375 0.0078125 0.0390625
39 0.919921875 0.7236328125 0.0087890625 0.041015625
48 0.052734375 0.62255859375 0.0087890625 0.041015625
48 0.11181640625 0.62646484375 0.0078125 0.044921875
48 0.1103515625 0.4833984375 0.009765625 0.0458984375
48 0.05029296875 0.47998046875 0.009765625 0.04296875
14 0.13720703125 0.5068359375 0.0107421875 0.0419921875
14 0.1982421875 0.51171875 0.009765625 0.0439453125
14 0.19677734375 0.6533203125 0.009765625 0.041015625
14 0.1376953125 0.6474609375 0.009765625 0.041015625
19 0.2216796875 0.51025390625 0.0087890625 0.0419921875
19 0.28173828125 0.51611328125 0.0078125 0.041015625
19 0.27978515625 0.65771484375 0.0078125 0.0419921875
19 0.220703125 0.65087890625 0.0087890625 0.0390625
32 0.302734375 0.5224609375 0.0087890625 0.04296875
32 0.36328125 0.52099609375 0.0078125 0.041015625
32 0.3671875 0.66064453125 0.0078125 0.0400390625
32 0.30712890625 0.6650390625 0.0087890625 0.0419921875
2 0.390625 0.55029296875 0.0078125 0.04296875
2 0.4501953125 0.54736328125 0.0078125 0.0419921875
2 0.45263671875 0.6884765625 0.005859375 0.0390625
2 0.39306640625 0.68994140625 0.0078125 0.0390625
25 0.4853515625 0.55029296875 0.009765625 0.044921875
25 0.544921875 0.5537109375 0.0078125 0.04296875
25 0.4833984375 0.6904296875 0.0078125 0.0419921875
25 0.5419921875 0.6953125 0.0078125 0.041015625
53 0.5732421875 0.53271484375 0.009765625 0.04296875
53 0.63330078125 0.53125 0.0087890625 0.044921875
53 0.6337890625 0.67431640625 0.0087890625 0.04296875
53 0.57421875 0.673828125 0.0078125 0.04296875
9 0.6640625 0.54052734375 0.0078125 0.0390625
9 0.72412109375 0.5439453125 0.0078125 0.0390625
9 0.71875 0.685546875 0.0078125 0.037109375
9 0.65869140625 0.68115234375 0.0078125 0.0390625
38 0.75146484375 0.53564453125 0.0078125 0.041015625
38 0.81201171875 0.53515625 0.0078125 0.041015625
38 0.8095703125 0.6767578125 0.0078125 0.041015625
38 0.75 0.6787109375 0.005859375 0.041015625
31 0.830078125 0.5205078125 0.0078125 0.044921875
31 0.890625 0.5126953125 0.0078125 0.0390625
31 0.892578125 0.65380859375 0.0078125 0.041015625
31 0.8330078125 0.66259765625 0.0078125 0.0390625
43 0.91259765625 0.517578125 0.0078125 0.04296875
43 0.97412109375 0.5068359375 0.0078125 0.04296875
43 0.9765625 0.64794921875 0.0078125 0.04296875
43 0.91552734375 0.65673828125 0.0078125 0.04296875
6 0.0517578125 0.228515625 0.0078125 0.04296875
6 0.11376953125 0.24072265625 0.0078125 0.04296875
6 0.10888671875 0.390625 0.0068359375 0.04296875
6 0.04931640625 0.3779296875 0.0078125 0.0439453125
47 0.14013671875 0.23681640625 0.0078125 0.044921875
47 0.2021484375 0.25146484375 0.0078125 0.04296875
47 0.13427734375 0.3818359375 0.0078125 0.0439453125
47 0.19482421875 0.39697265625 0.0078125 0.04296875
35 0.21484375 0.259765625 0.0068359375 0.046875
35 0.21142578125 0.40625 0.0078125 0.046875
35 0.2763671875 0.26904296875 0.0087890625 0.04296875
35 0.27294921875 0.4140625 0.0068359375 0.046875
0 0.29736328125 0.27490234375 0.0078125 0.0458984375
0 0.35888671875 0.28125 0.009765625 0.0439453125
0 0.29638671875 0.42236328125 0.009765625 0.041015625
0 0.3564453125 0.4287109375 0.009765625 0.041015625
26 0.38623046875 0.2880859375 0.0078125 0.044921875
26 0.447265625 0.287109375 0.0078125 0.0439453125
26 0.44921875 0.43408203125 0.0078125 0.04296875
26 0.388671875 0.43505859375 0.009765625 0.044921875
41 0.478515625 0.296875 0.0078125 0.04296875
41 0.53857421875 0.29345703125 0.0078125 0.0439453125
41 0.541015625 0.43994140625 0.009765625 0.041015625
41 0.48046875 0.44091796875 0.009765625 0.04296875
10 0.57568359375 0.29150390625 0.0078125 0.048828125
10 0.63720703125 0.29736328125 0.0068359375 0.04296875
10 0.630859375 0.4443359375 0.0078125 0.04296875
10 0.57080078125 0.43798828125 0.0087890625 0.041015625
8 0.6552734375 0.28271484375 0.009765625 0.04296875
8 0.71728515625 0.2802734375 0.0078125 0.041015625
8 0.6552734375 0.43115234375 0.0078125 0.041015625
8 0.71630859375 0.42822265625 0.0078125 0.04296875
37 0.73779296875 0.287109375 0.0087890625 0.044921875
37 0.80029296875 0.28173828125 0.0078125 0.041015625
37 0.7392578125 0.43408203125 0.0078125 0.044921875
37 0.8017578125 0.42822265625 0.005859375 0.0380859375
22 0.82861328125 0.2763671875 0.0087890625 0.044921875
22 0.890625 0.2705078125 0.0087890625 0.046875
22 0.830078125 0.423828125 0.009765625 0.0439453125
22 0.892578125 0.41748046875 0.009765625 0.04296875
49 0.91357421875 0.271484375 0.0078125 0.0439453125
49 0.9755859375 0.26123046875 0.0078125 0.0478515625
49 0.9775390625 0.408203125 0.0078125 0.044921875
49 0.91552734375 0.4169921875 0.0078125 0.0390625