13 0.91162109375 0.19189453125 0.0078125 0.080078125
12 0.8994140625 0.35009765625 0.0087890625 0.0498046875
12 0.9560546875 0.35986328125 0.01171875 0.048828125
48 0.89306640625 0.41650390625 0.009765625 0.05078125
48 0.951171875 0.42822265625 0.009765625 0.05078125
45 0.796875 0.15234375 0.009765625 0.048828125
45 0.857421875 0.14599609375 0.009765625 0.048828125
45 0.857421875 0.2919921875 0.009765625 0.0478515625
45 0.7978515625 0.298828125 0.0078125 0.0478515625
36 0.796875 0.36376953125 0.009765625 0.05078125
36 0.8564453125 0.365234375 0.0087890625 0.0478515625
1 0.79736328125 0.43115234375 0.01171875 0.046875
1 0.85546875 0.43603515625 0.009765625 0.0478515625
44 0.68115234375 0.16552734375 0.01171875 0.05078125
44 0.7412109375 0.16015625 0.009765625 0.048828125
44 0.74072265625 0.306640625 0.01171875 0.048828125
44 0.681640625 0.31201171875 0.01171875 0.05078125
46 0.681640625 0.36376953125 0.009765625 0.046875
46 0.74072265625 0.361328125 0.0087890625 0.0498046875
51 0.74072265625 0.419921875 0.0107421875 0.0498046875
51 0.68212890625 0.41943359375 0.009765625 0.048828125
3 0.57177734375 0.1552734375 0.009765625 0.05078125
3 0.630859375 0.15185546875 0.0107421875 0.05078125
3 0.6318359375 0.296875 0.0107421875 0.046875
3 0.5732421875 0.3017578125 0.0107421875 0.046875
15 0.57373046875 0.353515625 0.0107421875 0.046875
15 0.6318359375 0.35400390625 0.009765625 0.048828125
21 0.6328125 0.4140625 0.01171875 0.044921875
21 0.57568359375 0.423828125 0.01171875 0.0458984375
43 0.4775390625 0.1748046875 0.0087890625 0.052734375
43 0.53662109375 0.18017578125 0.0107421875 0.0537109375
43 0.47216796875 0.31884765625 0.01171875 0.0458984375
43 0.5302734375 0.3251953125 0.01171875 0.048828125
40 0.47314453125 0.3779296875 0.009765625 0.046875
40 0.53125 0.38330078125 0.0087890625 0.048828125
6 0.46875 0.43017578125 0.009765625 0.0498046875
6 0.525390625 0.443359375 0.01171875 0.052734375
33 0.3876953125 0.1767578125 0.0107421875 0.05078125
33 0.4462890625 0.189453125 0.0107421875 0.048828125
33 0.3779296875 0.3193359375 0.009765625 0.048828125
33 0.43603515625 0.33642578125 0.01171875 0.0458984375
32 0.37646484375 0.37353515625 0.009765625 0.0458984375
32 0.43408203125 0.38671875 0.009765625 0.044921875
49 0.37158203125 0.4267578125 0.009765625 0.048828125
49 0.427734375 0.443359375 0.009765625 0.0478515625