32 0.056640625 0.7685546875 0.0078125 0.0390625
32 0.10888671875 0.7705078125 0.0068359375 0.03515625
32 0.06005859375 0.8994140625 0.0078125 0.03515625
32 0.111328125 0.900390625 0.0078125 0.03515625
16 0.14306640625 0.7744140625 0.0078125 0.037109375
16 0.14111328125 0.900390625 0.0078125 0.033203125
16 0.1953125 0.77978515625 0.0068359375 0.037109375
16 0.19287109375 0.908203125 0.0078125 0.0400390625
38 0.23095703125 0.77490234375 0.005859375 0.0380859375
38 0.28369140625 0.78076171875 0.005859375 0.041015625
38 0.2294921875 0.904296875 0.005859375 0.033203125
38 0.28173828125 0.9091796875 0.0078125 0.037109375
9 0.3232421875 0.78125 0.0078125 0.041015625
9 0.375 0.787109375 0.0078125 0.037109375
9 0.31982421875 0.91015625 0.0068359375 0.0322265625
9 0.37158203125 0.916015625 0.0068359375 0.03515625
23 0.40234375 0.79052734375 0.0087890625 0.0390625
23 0.4541015625 0.791015625 0.0078125 0.037109375
23 0.40185546875 0.91796875 0.0087890625 0.03515625
23 0.453125 0.91845703125 0.009765625 0.0361328125
1 0.48291015625 0.783203125 0.0087890625 0.037109375
1 0.53515625 0.78857421875 0.0078125 0.037109375
1 0.47900390625 0.91259765625 0.0078125 0.037109375
1 0.5302734375 0.91943359375 0.0078125 0.03515625
43 0.568359375 0.794921875 0.009765625 0.041015625
43 0.62109375 0.79833984375 0.0078125 0.041015625
43 0.5654296875 0.9228515625 0.009765625 0.037109375
43 0.6181640625 0.9267578125 0.009765625 0.03515625
26 0.65380859375 0.7939453125 0.0078125 0.0419921875
26 0.70654296875 0.80126953125 0.009765625 0.037109375
26 0.64794921875 0.9208984375 0.009765625 0.0380859375
26 0.7001953125 0.92724609375 0.0078125 0.03515625
52 0.74267578125 0.7919921875 0.009765625 0.0380859375
52 0.796875 0.79248046875 0.0078125 0.0390625
52 0.740234375 0.92236328125 0.0078125 0.037109375
52 0.79345703125 0.9208984375 0.0078125 0.03515625
10 0.8232421875 0.78369140625 0.0087890625 0.0361328125
10 0.8779296875 0.7861328125 0.0078125 0.037109375
10 0.8203125 0.916015625 0.0078125 0.0361328125
10 0.8740234375 0.9169921875 0.0078125 0.0361328125
2 0.91064453125 0.783203125 0.0078125 0.03515625
2 0.96240234375 0.78173828125 0.0087890625 0.037109375
2 0.90673828125 0.91357421875 0.009765625 0.037109375
2 0.95751953125 0.91259765625 0.0087890625 0.03515625