8 0.64794921875 0.28125 0.046875 0.009765625
8 0.6513671875 0.23046875 0.04296875 0.009765625
50 0.5986328125 0.275390625 0.0419921875 0.0087890625
50 0.60302734375 0.22412109375 0.0419921875 0.009765625
25 0.552734375 0.27294921875 0.04296875 0.0087890625
25 0.55712890625 0.22314453125 0.0390625 0.0087890625
25 0.4345703125 0.2177734375 0.04296875 0.0078125
25 0.43115234375 0.26904296875 0.0400390625 0.0087890625
35 0.4287109375 0.37646484375 0.0419921875 0.009765625
35 0.43603515625 0.326171875 0.0400390625 0.0078125
35 0.56005859375 0.3330078125 0.041015625 0.0078125
35 0.55029296875 0.3828125 0.0400390625 0.0078125
22 0.60009765625 0.3818359375 0.0400390625 0.0078125
22 0.6083984375 0.3330078125 0.0390625 0.0087890625
11 0.6572265625 0.33984375 0.041015625 0.0068359375
11 0.64501953125 0.388671875 0.0390625 0.0078125
7 0.4267578125 0.43017578125 0.0390625 0.0078125
7 0.416015625 0.4794921875 0.041015625 0.0087890625
7 0.53466796875 0.4873046875 0.0380859375 0.0078125
7 0.54638671875 0.43896484375 0.0390625 0.0078125
38 0.587890625 0.4951171875 0.0390625 0.0078125
38 0.59765625 0.44677734375 0.0390625 0.0078125
29 0.63671875 0.49755859375 0.041015625 0.0078125
29 0.64697265625 0.4482421875 0.041015625 0.0078125
23 0.4130859375 0.587890625 0.04296875 0.009765625
23 0.41943359375 0.53857421875 0.0400390625 0.0078125
23 0.53662109375 0.54345703125 0.0390625 0.0087890625
23 0.52978515625 0.591796875 0.0380859375 0.0078125
19 0.5810546875 0.59228515625 0.0400390625 0.0087890625
19 0.58740234375 0.54296875 0.0400390625 0.0078125
4 0.6279296875 0.5986328125 0.0390625 0.0078125
4 0.6376953125 0.55029296875 0.0390625 0.0087890625
26 0.38037109375 0.67822265625 0.0390625 0.0078125
26 0.39208984375 0.62890625 0.0390625 0.0078125
26 0.4990234375 0.68603515625 0.037109375 0.009765625
26 0.50927734375 0.63720703125 0.0400390625 0.0087890625
39 0.55615234375 0.689453125 0.0390625 0.0078125
39 0.56494140625 0.64013671875 0.0390625 0.0068359375
42 0.6103515625 0.6943359375 0.0390625 0.0078125
42 0.61865234375 0.64501953125 0.041015625 0.0078125
30 0.37548828125 0.79638671875 0.041015625 0.0087890625
30 0.37646484375 0.74755859375 0.037109375 0.0078125
30 0.5 0.7470703125 0.0390625 0.0078125
30 0.4990234375 0.79638671875 0.0390625 0.0078125
16 0.5439453125 0.794921875 0.0380859375 0.0087890625
16 0.54345703125 0.7470703125 0.041015625 0.0078125
52 0.591796875 0.74658203125 0.04296875 0.0078125
52 0.59130859375 0.7958984375 0.04296875 0.005859375
13 0.41552734375 0.88720703125 0.0693359375 0.0078125
2 0.541015625 0.8837890625 0.041015625 0.0078125
2 0.541015625 0.8359375 0.0390625 0.0078125
54 0.59375 0.83447265625 0.0390625 0.0087890625
54 0.5947265625 0.88232421875 0.0390625 0.0087890625
37 0.36279296875 0.2099609375 0.041015625 0.009765625
37 0.35986328125 0.26123046875 0.0390625 0.0068359375
44 0.3173828125 0.2548828125 0.0458984375 0.0087890625
44 0.3173828125 0.20361328125 0.04296875 0.0087890625
20 0.267578125 0.25390625 0.0419921875 0.009765625
20 0.26708984375 0.20361328125 0.04296875 0.0087890625
20 0.14306640625 0.20361328125 0.0419921875 0.0087890625
20 0.14501953125 0.2548828125 0.04296875 0.0087890625