13 0.08837890625 0.80810546875 0.0078125 0.080078125
12 0.0966796875 0.64794921875 0.0087890625 0.0498046875
12 0.0380859375 0.6435546875 0.01171875 0.048828125
48 0.1005859375 0.58203125 0.009765625 0.05078125
48 0.0419921875 0.57568359375 0.009765625 0.05078125
45 0.203125 0.84765625 0.009765625 0.048828125
45 0.142578125 0.85400390625 0.009765625 0.048828125
45 0.142578125 0.7080078125 0.009765625 0.0478515625
45 0.2021484375 0.701171875 0.0078125 0.0478515625
36 0.203125 0.63623046875 0.0107421875 0.05078125
36 0.1435546875 0.634765625 0.0087890625 0.0478515625
1 0.20263671875 0.56884765625 0.01171875 0.046875
1 0.14453125 0.56396484375 0.009765625 0.0478515625
44 0.31884765625 0.83447265625 0.01171875 0.05078125
44 0.2587890625 0.83984375 0.009765625 0.048828125
44 0.25927734375 0.693359375 0.01171875 0.048828125
44 0.318359375 0.68798828125 0.01171875 0.05078125
46 0.318359375 0.63623046875 0.009765625 0.046875
46 0.25927734375 0.638671875 0.0087890625 0.0498046875
51 0.25927734375 0.580078125 0.0107421875 0.0498046875
51 0.31787109375 0.58056640625 0.009765625 0.048828125
3 0.42822265625 0.8447265625 0.009765625 0.05078125
3 0.369140625 0.84814453125 0.0107421875 0.05078125
3 0.3681640625 0.703125 0.0107421875 0.046875
3 0.4267578125 0.6982421875 0.0107421875 0.046875
15 0.42626953125 0.646484375 0.0107421875 0.046875
15 0.3681640625 0.64599609375 0.009765625 0.048828125
21 0.3671875 0.5859375 0.01171875 0.044921875
21 0.42431640625 0.576171875 0.01171875 0.0458984375
43 0.5224609375 0.8251953125 0.0087890625 0.052734375
43 0.46337890625 0.81982421875 0.0107421875 0.0537109375
43 0.52783203125 0.68115234375 0.01171875 0.0458984375
43 0.4697265625 0.6748046875 0.01171875 0.048828125
40 0.52685546875 0.6220703125 0.009765625 0.046875
40 0.46875 0.61669921875 0.0087890625 0.048828125
6 0.53125 0.56982421875 0.009765625 0.0498046875
6 0.474609375 0.556640625 0.01171875 0.052734375
33 0.6123046875 0.8232421875 0.0107421875 0.05078125
33 0.5537109375 0.810546875 0.0107421875 0.048828125
33 0.62060546875 0.6748046875 0.009765625 0.048828125
33 0.56201171875 0.66015625 0.01171875 0.0458984375
32 0.62353515625 0.62646484375 0.009765625 0.0458984375
32 0.56591796875 0.61328125 0.009765625 0.044921875
49 0.62841796875 0.5732421875 0.009765625 0.048828125
49 0.572265625 0.556640625 0.009765625 0.0478515625
26 0.70849609375 0.841796875 0.0107421875 0.052734375
26 0.64990234375 0.8349609375 0.0078125 0.048828125
26 0.65478515625 0.689453125 0.0107421875 0.046875
26 0.7119140625 0.69921875 0.0087890625 0.046875
30 0.7158203125 0.64892578125 0.009765625 0.0439453125
30 0.65771484375 0.63330078125 0.0107421875 0.05078125
37 0.71630859375 0.5966796875 0.009765625 0.044921875
37 0.65869140625 0.5771484375 0.0107421875 0.046875
52 0.8076171875 0.87109375 0.01171875 0.05078125
52 0.74853515625 0.853515625 0.009765625 0.048828125
52 0.76025390625 0.708984375 0.01171875 0.048828125
52 0.81787109375 0.72802734375 0.01171875 0.0498046875
16 0.81689453125 0.65869140625 0.01171875 0.048828125
16 0.75927734375 0.65576171875 0.009765625 0.046875
2 0.7607421875 0.60400390625 0.009765625 0.044921875
42 0.91552734375 0.9013671875 0.0126953125 0.0478515625
42 0.85693359375 0.9013671875 0.01171875 0.046875
42 0.853515625 0.75390625 0.01171875 0.0498046875
42 0.912109375 0.7548828125 0.01171875 0.046875
14 0.912109375 0.693359375 0.009765625 0.046875
14 0.853515625 0.68701171875 0.009765625 0.0537109375
39 0.91259765625 0.63427734375 0.009765625 0.0478515625
39 0.8544921875 0.6259765625 0.009765625 0.0517578125
23 0.09423828125 0.4072265625 0.009765625 0.046875
23 0.0361328125 0.39306640625 0.009765625 0.0458984375
23 0.05224609375 0.26025390625 0.0087890625 0.044921875
23 0.109375 0.27197265625 0.0087890625 0.046875
7 0.11376953125 0.2080078125 0.009765625 0.04296875
7 0.05712890625 0.20556640625 0.0087890625 0.044921875
10 0.1171875 0.15869140625 0.0107421875 0.0439453125
10 0.060546875 0.15234375 0.0078125 0.046875
38 0.1376953125 0.40478515625 0.009765625 0.046875
38 0.1953125 0.40966796875 0.0078125 0.044921875
38 0.20166015625 0.27294921875 0.0078125 0.044921875
38 0.14453125 0.26953125 0.009765625 0.044921875
31 0.20166015625 0.2216796875 0.009765625 0.0458984375
31 0.1455078125 0.21923828125 0.0107421875 0.046875
19 0.1494140625 0.1650390625 0.009765625 0.046875
19 0.20458984375 0.1708984375 0.0078125 0.046875
53 0.30029296875 0.421875 0.009765625 0.0478515625
53 0.24169921875 0.41650390625 0.009765625 0.0478515625
53 0.248046875 0.2763671875 0.0107421875 0.046875
53 0.3056640625 0.28076171875 0.0126953125 0.048828125
47 0.30419921875 0.22998046875 0.009765625 0.046875
47 0.2470703125 0.232421875 0.0087890625 0.044921875
29 0.302734375 0.17138671875 0.009765625 0.041015625
29 0.24560546875 0.173828125 0.009765625 0.0439453125
35 0.4169921875 0.42822265625 0.009765625 0.048828125
35 0.35986328125 0.4189453125 0.009765625 0.048828125
35 0.42431640625 0.2890625 0.0107421875 0.044921875
35 0.3671875 0.28271484375 0.009765625 0.05078125
50 0.4208984375 0.22802734375 0.0107421875 0.046875
50 0.36474609375 0.23291015625 0.01171875 0.046875
25 0.4169921875 0.17626953125 0.009765625 0.046875
25 0.361328125 0.17578125 0.009765625 0.048828125
13 0.482421875 0.32421875 0.0078125 0.078125
34 0.5380859375 0.22509765625 0.0087890625 0.0458984375
34 0.48095703125 0.2265625 0.0087890625 0.0458984375
18 0.4814453125 0.16943359375 0.009765625 0.048828125
18 0.537109375 0.1708984375 0.0107421875 0.044921875
54 0.65185546875 0.4189453125 0.009765625 0.0478515625
54 0.59326171875 0.423828125 0.0087890625 0.048828125
54 0.59033203125 0.28564453125 0.009765625 0.044921875
54 0.6484375 0.28271484375 0.0078125 0.046875
17 0.64892578125 0.23291015625 0.009765625 0.04296875
17 0.59228515625 0.23388671875 0.009765625 0.04296875
9 0.64990234375 0.16796875 0.009765625 0.046875
9 0.59326171875 0.16650390625 0.009765625 0.046875
0 0.7421875 0.443359375 0.009765625 0.0498046875
0 0.68505859375 0.42431640625 0.01171875 0.048828125
0 0.7548828125 0.3056640625 0.0107421875 0.044921875
0 0.697265625 0.2890625 0.01171875 0.044921875
24 0.7548828125 0.23583984375 0.009765625 0.04296875
24 0.69873046875 0.22705078125 0.0107421875 0.044921875
8 0.76171875 0.18603515625 0.009765625 0.044921875
8 0.7041015625 0.171875 0.009765625 0.0439453125
20 0.837890625 0.45849609375 0.009765625 0.0458984375
20 0.78125 0.44189453125 0.0078125 0.0458984375
20 0.84814453125 0.322265625 0.01171875 0.04296875
20 0.79150390625 0.30615234375 0.01171875 0.046875
22 0.85009765625 0.26416015625 0.009765625 0.046875
22 0.79248046875 0.25048828125 0.0087890625 0.04296875
5 0.8583984375 0.21142578125 0.009765625 0.046875
5 0.802734375 0.1943359375 0.01171875 0.046875