51 0.04150390625 0.72802734375 0.0068359375 0.0380859375
51 0.099609375 0.74267578125 0.0068359375 0.0390625
45 0.13623046875 0.748046875 0.0078125 0.0400390625
45 0.1953125 0.75634765625 0.0078125 0.0390625
13 0.2236328125 0.77978515625 0.0078125 0.017578125
13 0.28271484375 0.783203125 0.0078125 0.0146484375
7 0.3046875 0.76904296875 0.0078125 0.0400390625
7 0.36328125 0.7705078125 0.0078125 0.0400390625
13 0.447265625 0.791015625 0.0087890625 0.017578125
13 0.38818359375 0.7880859375 0.0087890625 0.017578125
3 0.48291015625 0.79541015625 0.009765625 0.041015625
3 0.54150390625 0.798828125 0.0087890625 0.041015625
11 0.10400390625 0.6865234375 0.0087890625 0.0419921875
11 0.0458984375 0.6787109375 0.0078125 0.041015625
16 0.19140625 0.70263671875 0.009765625 0.0390625
16 0.1318359375 0.68798828125 0.009765625 0.041015625
17 0.28173828125 0.7216796875 0.009765625 0.04296875
17 0.22314453125 0.720703125 0.0078125 0.0419921875
12 0.36376953125 0.71728515625 0.009765625 0.041015625
12 0.30419921875 0.71728515625 0.009765625 0.0390625
34 0.38818359375 0.73193359375 0.0078125 0.04296875
34 0.44677734375 0.7333984375 0.0078125 0.041015625
44 0.53857421875 0.7568359375 0.0078125 0.044921875
44 0.47998046875 0.74365234375 0.009765625 0.0390625
48 0.052734375 0.62255859375 0.0087890625 0.041015625
48 0.11181640625 0.62646484375 0.0078125 0.044921875
48 0.1103515625 0.4833984375 0.009765625 0.0458984375
48 0.05029296875 0.47998046875 0.009765625 0.04296875
14 0.13720703125 0.5068359375 0.0107421875 0.0419921875
14 0.1982421875 0.51171875 0.009765625 0.0439453125
14 0.19677734375 0.6533203125 0.009765625 0.041015625
14 0.1376953125 0.6474609375 0.009765625 0.041015625
19 0.2216796875 0.51025390625 0.0087890625 0.0419921875
19 0.28173828125 0.51611328125 0.0078125 0.041015625
19 0.27978515625 0.65771484375 0.0078125 0.0419921875
19 0.220703125 0.65087890625 0.0087890625 0.0390625
32 0.302734375 0.5224609375 0.0087890625 0.04296875
32 0.36328125 0.52099609375 0.0078125 0.041015625
32 0.3671875 0.66064453125 0.0078125 0.0400390625
32 0.30712890625 0.6650390625 0.0087890625 0.0419921875
2 0.390625 0.55029296875 0.0078125 0.04296875
2 0.4501953125 0.54736328125 0.0078125 0.0419921875
2 0.45263671875 0.6884765625 0.005859375 0.0390625
2 0.39306640625 0.68994140625 0.0078125 0.0390625
25 0.4853515625 0.55029296875 0.009765625 0.044921875
25 0.544921875 0.5537109375 0.0078125 0.04296875
25 0.4833984375 0.6904296875 0.0078125 0.0419921875
25 0.5419921875 0.6953125 0.0078125 0.041015625
27 0.08447265625 0.3046875 0.0859375 0.24609375
28 0.93701171875 0.306640625 0.0859375 0.2265625
18 0.9072265625 0.23046875 0.009765625 0.044921875
18 0.96923828125 0.220703125 0.009765625 0.046875
18 0.97119140625 0.36865234375 0.009765625 0.04296875
18 0.90966796875 0.37890625 0.009765625 0.044921875
27 0.79296875 0.56640625 0.0908203125 0.2421875