51 0.2294921875 0.06787109375 0.0439453125 0.009765625
51 0.09228515625 0.0732421875 0.041015625 0.0078125
51 0.22998046875 0.12646484375 0.041015625 0.0087890625
51 0.09521484375 0.13134765625 0.04296875 0.0087890625
39 0.244140625 0.15673828125 0.044921875 0.0078125
39 0.1123046875 0.150390625 0.037109375 0.009765625
39 0.22900390625 0.21533203125 0.0419921875 0.009765625
39 0.0966796875 0.2080078125 0.0390625 0.0078125
52 0.2353515625 0.25830078125 0.04296875 0.009765625
52 0.1044921875 0.23876953125 0.041015625 0.0087890625
52 0.20751953125 0.31591796875 0.041015625 0.009765625
52 0.078125 0.294921875 0.041015625 0.009765625
54 0.21728515625 0.34765625 0.041015625 0.009765625
54 0.083984375 0.33984375 0.0390625 0.0078125
54 0.20947265625 0.40625 0.0419921875 0.009765625
54 0.07177734375 0.3984375 0.0390625 0.0078125
29 0.21728515625 0.42578125 0.04296875 0.0087890625
29 0.22119140625 0.484375 0.04296875 0.009765625
29 0.07763671875 0.4326171875 0.041015625 0.009765625
29 0.083984375 0.49072265625 0.0419921875 0.01171875
46 0.22509765625 0.5166015625 0.0439453125 0.009765625
46 0.0888671875 0.52392578125 0.041015625 0.0078125
46 0.23291015625 0.576171875 0.04296875 0.009765625
46 0.09326171875 0.58251953125 0.0439453125 0.009765625
17 0.2294921875 0.6171875 0.04296875 0.0078125
17 0.09521484375 0.61279296875 0.041015625 0.0068359375
17 0.22412109375 0.67626953125 0.04296875 0.0087890625
17 0.0888671875 0.6708984375 0.0390625 0.009765625
12 0.2275390625 0.70556640625 0.041015625 0.0068359375
12 0.08740234375 0.70458984375 0.0380859375 0.0087890625
12 0.08740234375 0.7646484375 0.0390625 0.0087890625
12 0.2265625 0.76513671875 0.037109375 0.009765625
34 0.22998046875 0.7939453125 0.037109375 0.0078125
34 0.091796875 0.79296875 0.0390625 0.0078125
34 0.09375 0.85205078125 0.041015625 0.0068359375
34 0.2314453125 0.8525390625 0.041015625 0.0068359375
44 0.24853515625 0.8955078125 0.046875 0.009765625
44 0.11376953125 0.88623046875 0.04296875 0.009765625
44 0.10595703125 0.9453125 0.04296875 0.0078125
44 0.24267578125 0.9541015625 0.041015625 0.009765625
27 0.88818359375 0.953125 0.22265625 0.0869140625
27 0.61083984375 0.12255859375 0.23046875 0.1376953125
27 0.6396484375 0.5537109375 0.232421875 0.09375