27 0.8115234375 0.1767578125 0.232421875 0.10546875
27 0.7919921875 0.435546875 0.234375 0.1005859375
27 0.5185546875 0.3037109375 0.255859375 0.12109375
27 0.482421875 0.4306640625 0.240234375 0.1240234375
27 0.33984375 0.65087890625 0.212890625 0.09765625
27 0.77880859375 0.81591796875 0.25 0.1005859375
27 0.787109375 0.9228515625 0.216796875 0.095703125
27 0.52685546875 0.8115234375 0.2421875 0.095703125
27 0.541015625 0.921875 0.2099609375 0.09375
27 0.298828125 0.919921875 0.201171875 0.087890625
28 0.25732421875 0.8056640625 0.21484375 0.091796875
19 0.31640625 0.77978515625 0.0478515625 0.0078125
19 0.1826171875 0.8408203125 0.037109375 0.0078125