51 0.04150390625 0.72802734375 0.0068359375 0.0380859375
51 0.099609375 0.74267578125 0.0068359375 0.0390625
45 0.13623046875 0.748046875 0.0078125 0.0400390625
45 0.1953125 0.75634765625 0.0078125 0.0390625
13 0.2236328125 0.77978515625 0.0078125 0.017578125
13 0.28271484375 0.783203125 0.0078125 0.0146484375
7 0.3046875 0.76904296875 0.0078125 0.0400390625
7 0.36328125 0.7705078125 0.0078125 0.0400390625
13 0.447265625 0.791015625 0.0087890625 0.017578125
13 0.38818359375 0.7880859375 0.0087890625 0.017578125
3 0.48291015625 0.79541015625 0.009765625 0.041015625
3 0.54150390625 0.798828125 0.0087890625 0.041015625
21 0.63037109375 0.78271484375 0.0078125 0.04296875
21 0.57177734375 0.77978515625 0.0087890625 0.0439453125
42 0.72119140625 0.791015625 0.009765625 0.04296875
42 0.662109375 0.79541015625 0.009765625 0.041015625
50 0.8037109375 0.78125 0.0078125 0.041015625
50 0.7451171875 0.78271484375 0.009765625 0.0390625
5 0.88916015625 0.76171875 0.0087890625 0.04296875
5 0.82861328125 0.76611328125 0.009765625 0.0380859375
33 0.9736328125 0.76904296875 0.0078125 0.04296875
33 0.9130859375 0.77099609375 0.0087890625 0.0390625
11 0.10400390625 0.6865234375 0.0087890625 0.0419921875
11 0.0458984375 0.6787109375 0.0078125 0.041015625
16 0.19140625 0.70263671875 0.009765625 0.0390625
16 0.1318359375 0.68798828125 0.009765625 0.041015625
17 0.28173828125 0.7216796875 0.009765625 0.04296875
17 0.22314453125 0.720703125 0.0078125 0.0419921875
12 0.36376953125 0.71728515625 0.009765625 0.041015625
12 0.30419921875 0.71728515625 0.009765625 0.0390625
34 0.38818359375 0.73193359375 0.0078125 0.04296875
34 0.44677734375 0.7333984375 0.0078125 0.041015625
44 0.53857421875 0.7568359375 0.0078125 0.044921875
44 0.47998046875 0.74365234375 0.009765625 0.0390625
46 0.5732421875 0.72607421875 0.0078125 0.0458984375
46 0.63232421875 0.7255859375 0.009765625 0.0439453125
29 0.71923828125 0.73828125 0.0087890625 0.0390625
29 0.66015625 0.74072265625 0.009765625 0.041015625
54 0.80517578125 0.7265625 0.009765625 0.044921875
54 0.74560546875 0.724609375 0.0087890625 0.0419921875
52 0.83642578125 0.7119140625 0.0078125 0.0419921875
52 0.89501953125 0.701171875 0.0087890625 0.04296875
39 0.98046875 0.71484375 0.0078125 0.0390625
39 0.919921875 0.7236328125 0.0087890625 0.041015625
48 0.052734375 0.62255859375 0.0087890625 0.041015625
48 0.11181640625 0.62646484375 0.0078125 0.044921875
48 0.1103515625 0.4833984375 0.009765625 0.0458984375
48 0.05029296875 0.47998046875 0.009765625 0.04296875
14 0.13720703125 0.5068359375 0.0107421875 0.0419921875
14 0.1982421875 0.51171875 0.009765625 0.0439453125
14 0.19677734375 0.6533203125 0.009765625 0.041015625
14 0.1376953125 0.6474609375 0.009765625 0.041015625
19 0.2216796875 0.51025390625 0.0087890625 0.0419921875
19 0.28173828125 0.51611328125 0.0078125 0.041015625
19 0.27978515625 0.65771484375 0.0078125 0.0419921875
19 0.220703125 0.65087890625 0.0087890625 0.0390625
32 0.302734375 0.5224609375 0.0087890625 0.04296875
32 0.36328125 0.52099609375 0.0078125 0.041015625
32 0.3671875 0.66064453125 0.0078125 0.0400390625
32 0.30712890625 0.6650390625 0.0087890625 0.0419921875
2 0.390625 0.55029296875 0.0078125 0.04296875
2 0.4501953125 0.54736328125 0.0078125 0.0419921875
2 0.45263671875 0.6884765625 0.005859375 0.0390625
2 0.39306640625 0.68994140625 0.0078125 0.0390625
25 0.4853515625 0.55029296875 0.009765625 0.044921875
25 0.544921875 0.5537109375 0.0078125 0.04296875
25 0.4833984375 0.6904296875 0.0078125 0.0419921875
25 0.5419921875 0.6953125 0.0078125 0.041015625
53 0.5732421875 0.53271484375 0.009765625 0.04296875
53 0.63330078125 0.53125 0.0087890625 0.044921875
53 0.6337890625 0.67431640625 0.0087890625 0.04296875
53 0.57421875 0.673828125 0.0078125 0.04296875
9 0.6640625 0.54052734375 0.0078125 0.0390625
9 0.72412109375 0.5439453125 0.0078125 0.0390625
9 0.71875 0.685546875 0.0078125 0.037109375
9 0.65869140625 0.68115234375 0.0078125 0.0390625
38 0.75146484375 0.53564453125 0.0078125 0.041015625
38 0.81201171875 0.53515625 0.0078125 0.041015625
38 0.8095703125 0.6767578125 0.0078125 0.041015625
38 0.75 0.6787109375 0.005859375 0.041015625
31 0.830078125 0.5205078125 0.0078125 0.044921875
31 0.890625 0.5126953125 0.0078125 0.0390625
31 0.892578125 0.65380859375 0.0078125 0.041015625
31 0.8330078125 0.66259765625 0.0078125 0.0390625
43 0.91259765625 0.517578125 0.0078125 0.04296875
43 0.97412109375 0.5068359375 0.0078125 0.04296875
43 0.9765625 0.64794921875 0.0078125 0.04296875
43 0.91552734375 0.65673828125 0.0078125 0.04296875
6 0.0517578125 0.228515625 0.0078125 0.04296875
6 0.11376953125 0.24072265625 0.0078125 0.04296875
6 0.10986328125 0.390625 0.0068359375 0.04296875
6 0.04931640625 0.3779296875 0.0078125 0.0439453125
47 0.13720703125 0.23876953125 0.0078125 0.044921875
47 0.19873046875 0.25244140625 0.0078125 0.04296875
47 0.1318359375 0.384765625 0.0078125 0.0439453125
47 0.193359375 0.39697265625 0.0078125 0.04296875
35 0.21337890625 0.41552734375 0.0078125 0.046875
35 0.27392578125 0.4208984375 0.0068359375 0.046875
0 0.29736328125 0.42333984375 0.009765625 0.041015625
0 0.3583984375 0.4296875 0.009765625 0.041015625
26 0.44970703125 0.44775390625 0.0078125 0.04296875
26 0.3896484375 0.44775390625 0.009765625 0.044921875
41 0.541015625 0.43994140625 0.009765625 0.041015625
41 0.48046875 0.44091796875 0.009765625 0.04296875
10 0.62744140625 0.44970703125 0.0087890625 0.04296875
10 0.5673828125 0.4345703125 0.0087890625 0.041015625
8 0.658203125 0.43212890625 0.0078125 0.041015625
8 0.71923828125 0.427734375 0.0078125 0.04296875
37 0.7392578125 0.43408203125 0.0078125 0.044921875
37 0.80224609375 0.43115234375 0.0078125 0.0390625
22 0.830078125 0.423828125 0.009765625 0.0439453125
22 0.8916015625 0.42138671875 0.009765625 0.04296875
49 0.9775390625 0.408203125 0.0078125 0.044921875
49 0.9150390625 0.41796875 0.0078125 0.0390625
15 0.21240234375 0.341796875 0.0078125 0.04296875
15 0.2734375 0.35400390625 0.0087890625 0.0458984375
15 0.21826171875 0.1943359375 0.009765625 0.044921875
15 0.2802734375 0.20751953125 0.0087890625 0.0458984375
30 0.3037109375 0.2080078125 0.0078125 0.0498046875
30 0.365234375 0.22314453125 0.0078125 0.046875
30 0.294921875 0.353515625 0.009765625 0.041015625
30 0.35498046875 0.37060546875 0.009765625 0.041015625
23 0.384765625 0.23681640625 0.009765625 0.044921875
23 0.44580078125 0.22705078125 0.009765625 0.044921875
23 0.453125 0.37451171875 0.0078125 0.0439453125
23 0.392578125 0.3828125 0.0078125 0.041015625
1 0.47607421875 0.24560546875 0.0078125 0.0439453125
1 0.537109375 0.24169921875 0.0068359375 0.0419921875
1 0.53857421875 0.39013671875 0.0078125 0.041015625
1 0.478515625 0.39306640625 0.0078125 0.041015625
20 0.5810546875 0.22607421875 0.0078125 0.0439453125
20 0.64306640625 0.2353515625 0.0087890625 0.0439453125
20 0.57275390625 0.37353515625 0.0078125 0.041015625
20 0.63330078125 0.3837890625 0.009765625 0.041015625
40 0.65380859375 0.2353515625 0.009765625 0.04296875
40 0.71630859375 0.2255859375 0.009765625 0.046875
40 0.72021484375 0.3759765625 0.009765625 0.0439453125
40 0.658203125 0.384765625 0.009765625 0.0439453125
13 0.7333984375 0.22607421875 0.0087890625 0.0185546875
13 0.7958984375 0.22119140625 0.009765625 0.015625
13 0.796875 0.39501953125 0.009765625 0.0185546875
13 0.734375 0.40087890625 0.0078125 0.015625
24 0.82568359375 0.228515625 0.0078125 0.046875
24 0.88720703125 0.220703125 0.0078125 0.046875
24 0.888671875 0.369140625 0.0087890625 0.0439453125
24 0.82666015625 0.3759765625 0.009765625 0.044921875
18 0.9130859375 0.20849609375 0.0087890625 0.0478515625
18 0.916015625 0.35693359375 0.009765625 0.044921875
18 0.97802734375 0.345703125 0.009765625 0.044921875
18 0.9755859375 0.19775390625 0.009765625 0.044921875