8 0.71875 0.64794921875 0.009765625 0.046875
8 0.76953125 0.6513671875 0.009765625 0.04296875
50 0.724609375 0.5986328125 0.0087890625 0.0419921875
50 0.77587890625 0.60302734375 0.009765625 0.0419921875
25 0.72705078125 0.552734375 0.0087890625 0.04296875
25 0.77685546875 0.55712890625 0.0087890625 0.0390625
25 0.7822265625 0.4345703125 0.0078125 0.04296875
25 0.73095703125 0.43115234375 0.0087890625 0.0400390625
35 0.62353515625 0.4287109375 0.009765625 0.0419921875
35 0.673828125 0.43603515625 0.0078125 0.0400390625
35 0.6669921875 0.56005859375 0.0078125 0.041015625
35 0.6171875 0.55029296875 0.0078125 0.0400390625
22 0.6181640625 0.60009765625 0.0078125 0.0400390625
22 0.6669921875 0.6083984375 0.0087890625 0.0390625
11 0.66015625 0.6572265625 0.0068359375 0.041015625
11 0.611328125 0.64501953125 0.0078125 0.0390625
7 0.56982421875 0.4267578125 0.0078125 0.0390625
7 0.5205078125 0.416015625 0.0087890625 0.041015625
7 0.5126953125 0.53466796875 0.0078125 0.0380859375
7 0.56103515625 0.54638671875 0.0078125 0.0390625
38 0.5048828125 0.587890625 0.0078125 0.0390625
38 0.55322265625 0.59765625 0.0078125 0.0390625
29 0.50244140625 0.63671875 0.0078125 0.041015625
29 0.5517578125 0.64697265625 0.0078125 0.041015625
23 0.412109375 0.4130859375 0.009765625 0.04296875
23 0.46142578125 0.41943359375 0.0078125 0.0400390625
23 0.45654296875 0.53662109375 0.0087890625 0.0390625
23 0.408203125 0.52978515625 0.0078125 0.0380859375
19 0.40771484375 0.5810546875 0.0087890625 0.0400390625
19 0.45703125 0.58740234375 0.0078125 0.0400390625
4 0.4013671875 0.6279296875 0.0078125 0.0390625
4 0.44970703125 0.6376953125 0.0087890625 0.0390625
26 0.32177734375 0.38037109375 0.0078125 0.0390625
26 0.37109375 0.39208984375 0.0078125 0.0390625
26 0.31396484375 0.4990234375 0.009765625 0.037109375
26 0.36279296875 0.50927734375 0.0087890625 0.0400390625
39 0.310546875 0.55615234375 0.0078125 0.0390625
39 0.35986328125 0.56494140625 0.0068359375 0.0390625
42 0.3056640625 0.6103515625 0.0078125 0.0390625
42 0.35498046875 0.61865234375 0.0078125 0.041015625
30 0.20361328125 0.37548828125 0.0087890625 0.041015625
30 0.25244140625 0.37646484375 0.0078125 0.037109375
30 0.2529296875 0.5 0.0078125 0.0390625
30 0.20361328125 0.4990234375 0.0078125 0.0390625
16 0.205078125 0.5439453125 0.0087890625 0.0380859375
16 0.2529296875 0.54345703125 0.0078125 0.041015625
52 0.25341796875 0.591796875 0.0078125 0.04296875
52 0.2041015625 0.59130859375 0.005859375 0.04296875
13 0.11279296875 0.41552734375 0.0078125 0.0693359375
2 0.1162109375 0.541015625 0.0078125 0.041015625
2 0.1640625 0.541015625 0.0078125 0.0390625
54 0.16552734375 0.59375 0.0087890625 0.0390625
54 0.11767578125 0.5947265625 0.0078125 0.0390625