28 0.1630859375 0.5634765625 0.154296875 0.359375
51 0.318359375 0.59033203125 0.0126953125 0.052734375
51 0.40283203125 0.56298828125 0.01171875 0.046875
23 0.32080078125 0.78759765625 0.0126953125 0.05078125
23 0.2314453125 0.82763671875 0.015625 0.052734375
51 0.3837890625 0.326171875 0.01171875 0.052734375
49 0.111328125 0.70849609375 0.0126953125 0.052734375
49 0.18994140625 0.43701171875 0.01171875 0.0546875
49 0.2041015625 0.6943359375 0.0126953125 0.0537109375
51 0.29541015625 0.34619140625 0.01171875 0.05078125
49 0.1005859375 0.44921875 0.01171875 0.0546875
42 0.2197265625 0.4365234375 0.015625 0.0546875
43 0.0751953125 0.95849609375 0.025390625 0.046875
43 0.15673828125 0.8759765625 0.0234375 0.0498046875
13 0.40283203125 0.9833984375 0.0166015625 0.0263671875
13 0.39599609375 0.935546875 0.017578125 0.0693359375
13 0.36865234375 0.77783203125 0.01171875 0.072265625
13 0.36083984375 0.72705078125 0.015625 0.0244140625
13 0.44140625 0.68212890625 0.0146484375 0.025390625
13 0.44873046875 0.73095703125 0.015625 0.06640625
13 0.4765625 0.88330078125 0.013671875 0.0703125
13 0.482421875 0.93408203125 0.013671875 0.0234375