18 0.43310546875 0.42236328125 0.0087890625 0.037109375
18 0.47998046875 0.56005859375 0.0078125 0.03515625
11 0.48681640625 0.22265625 0.0078125 0.0361328125
18 0.482421875 0.4267578125 0.0087890625 0.0380859375
5 0.70947265625 0.4541015625 0.0087890625 0.0390625
18 0.43115234375 0.55908203125 0.0078125 0.037109375
24 0.62841796875 0.4404296875 0.0078125 0.0361328125
50 0.59619140625 0.22412109375 0.0078125 0.037109375
11 0.42822265625 0.34619140625 0.0087890625 0.033203125
5 0.66015625 0.4365234375 0.0078125 0.041015625
19 0.50927734375 0.4306640625 0.0078125 0.03515625
19 0.50390625 0.56787109375 0.0068359375 0.03515625
50 0.646484375 0.22216796875 0.0087890625 0.03515625
19 0.5576171875 0.4384765625 0.0078125 0.0361328125
11 0.43603515625 0.2099609375 0.0078125 0.03515625
24 0.578125 0.4365234375 0.0078125 0.0322265625
11 0.4775390625 0.35546875 0.0078125 0.03515625
19 0.552734375 0.5712890625 0.0078125 0.033203125
24 0.57421875 0.5703125 0.0078125 0.033203125
27 0.541015625 0.28662109375 0.0859375 0.2109375
50 0.59912109375 0.3642578125 0.009765625 0.03515625
50 0.6494140625 0.35888671875 0.009765625 0.0361328125