27 0.1201171875 0.45361328125 0.240234375 0.134765625
26 0.498046875 0.54931640625 0.05078125 0.013671875
17 0.7744140625 0.76806640625 0.05859375 0.01171875
17 0.7685546875 0.853515625 0.05859375 0.013671875
3 0.74267578125 0.92041015625 0.056640625 0.017578125
24 0.2158203125 0.71484375 0.056640625 0.013671875
24 0.4521484375 0.79736328125 0.0556640625 0.0126953125
17 0.544921875 0.75927734375 0.05859375 0.0126953125
7 0.8740234375 0.576171875 0.05078125 0.01171875
17 0.53564453125 0.84521484375 0.05859375 0.013671875
7 0.6611328125 0.48583984375 0.052734375 0.013671875
7 0.884765625 0.4970703125 0.0537109375 0.0126953125
15 0.6279296875 0.6064453125 0.05859375 0.0146484375
24 0.45068359375 0.7119140625 0.0546875 0.01171875
35 0.11865234375 0.546875 0.056640625 0.01171875
7 0.6474609375 0.56396484375 0.0546875 0.013671875
26 0.52099609375 0.4658203125 0.05078125 0.01171875
3 0.47412109375 0.96484375 0.056640625 0.01953125
24 0.21533203125 0.80517578125 0.0576171875 0.013671875
15 0.849609375 0.63525390625 0.0546875 0.013671875
3 0.51611328125 0.87841796875 0.056640625 0.017578125
15 0.8232421875 0.71923828125 0.060546875 0.015625
4 0.18798828125 0.84716796875 0.060546875 0.017578125
15 0.59765625 0.69091796875 0.056640625 0.015625
4 0.4091796875 0.89990234375 0.056640625 0.01953125
4 0.1240234375 0.9306640625 0.0546875 0.017578125
26 0.2998046875 0.44775390625 0.0546875 0.013671875
4 0.34814453125 0.986328125 0.0615234375 0.017578125
36 0.02880859375 0.82666015625 0.056640625 0.0244140625
26 0.27685546875 0.5302734375 0.0517578125 0.013671875
1 0.60986328125 0.71240234375 0.0546875 0.013671875
35 0.09765625 0.63037109375 0.060546875 0.013671875
13 0.54345703125 0.6748046875 0.029296875 0.0166015625
13 0.5712890625 0.58984375 0.029296875 0.0166015625
27 0.373046875 0.61962890625 0.3369140625 0.1533203125