15 0.24609375 0.5517578125 0.0556640625 0.0146484375
7 0.5576171875 0.556640625 0.0517578125 0.01171875
1 0.212890625 0.61279296875 0.056640625 0.01171875
7 0.3330078125 0.552734375 0.052734375 0.013671875
7 0.33740234375 0.47119140625 0.05078125 0.0126953125
1 0.1982421875 0.69970703125 0.056640625 0.013671875
39 0.54345703125 0.6923828125 0.052734375 0.01171875
7 0.5615234375 0.47705078125 0.052734375 0.01171875
39 0.31494140625 0.6064453125 0.05078125 0.01171875
50 0.32568359375 0.73974609375 0.056640625 0.013671875
15 0.2578125 0.46923828125 0.0546875 0.015625
39 0.5380859375 0.6044921875 0.052734375 0.01171875
15 0.02978515625 0.4609375 0.056640625 0.0166015625
50 0.5419921875 0.83837890625 0.05859375 0.015625
50 0.5576171875 0.75390625 0.056640625 0.013671875
39 0.31201171875 0.69384765625 0.056640625 0.013671875
50 0.306640625 0.82470703125 0.0625 0.013671875