17 0.23193359375 0.146484375 0.05859375 0.013671875
1 0.37890625 0.375 0.0546875 0.01171875
17 0.2265625 0.2314453125 0.05859375 0.01171875
24 0.78466796875 0.28515625 0.056640625 0.013671875
39 0.38427734375 0.50439453125 0.05078125 0.013671875
3 0.2578125 0.07958984375 0.056640625 0.017578125
17 0.45751953125 0.24072265625 0.060546875 0.013671875
17 0.46533203125 0.15478515625 0.060546875 0.013671875
39 0.16015625 0.50341796875 0.052734375 0.013671875
24 0.5498046875 0.28857421875 0.056640625 0.0126953125
3 0.48291015625 0.12158203125 0.0576171875 0.017578125
24 0.54833984375 0.2021484375 0.056640625 0.013671875
39 0.3818359375 0.42431640625 0.052734375 0.013671875
39 0.1552734375 0.4228515625 0.048828125 0.01171875
1 0.1484375 0.3681640625 0.056640625 0.01171875
6 0.46728515625 0.53125 0.0546875 0.013671875
6 0.4990234375 0.44970703125 0.0556640625 0.013671875
6 0.69091796875 0.5576171875 0.056640625 0.015625
24 0.78515625 0.19482421875 0.05859375 0.01171875
4 0.6435546875 0.0107421875 0.060546875 0.017578125
1 0.380859375 0.2919921875 0.056640625 0.013671875
3 0.525390625 0.03515625 0.05859375 0.0205078125
1 0.150390625 0.28271484375 0.056640625 0.013671875
37 0.9697265625 0.17236328125 0.0576171875 0.0234375
4 0.787109375 0.1572265625 0.060546875 0.01953125
4 0.861328125 0.07470703125 0.052734375 0.021484375
4 0.57080078125 0.09619140625 0.0546875 0.01953125
13 0.45849609375 0.326171875 0.02734375 0.017578125
13 0.43017578125 0.41015625 0.0234375 0.0166015625
13 0.62451171875 0.38134765625 0.3349609375 0.1533203125