23 0.32080078125 0.78759765625 0.0126953125 0.0517578125
51 0.40234375 0.5634765625 0.01171875 0.046875
51 0.31787109375 0.59033203125 0.0126953125 0.052734375
23 0.2314453125 0.82763671875 0.015625 0.0517578125
49 0.11083984375 0.70849609375 0.0126953125 0.052734375
51 0.3837890625 0.32666015625 0.01171875 0.052734375
49 0.2041015625 0.6943359375 0.0126953125 0.052734375
51 0.294921875 0.345703125 0.01171875 0.05078125
49 0.19287109375 0.4375 0.015625 0.0546875
49 0.10009765625 0.44970703125 0.0126953125 0.0546875
42 0.21923828125 0.4365234375 0.015625 0.0546875
43 0.076171875 0.95947265625 0.025390625 0.0546875
43 0.15625 0.876953125 0.025390625 0.0546875
13 0.40380859375 0.9833984375 0.013671875 0.0244140625
13 0.4833984375 0.93359375 0.015625 0.0302734375
13 0.36083984375 0.72705078125 0.0146484375 0.025390625
13 0.44091796875 0.681640625 0.015625 0.025390625
13 0.36865234375 0.77587890625 0.013671875 0.06640625
13 0.4501953125 0.7294921875 0.015625 0.06640625
13 0.4755859375 0.88525390625 0.015625 0.0625
13 0.39453125 0.935546875 0.01171875 0.064453125