22 0.11767578125 0.833984375 0.0576171875 0.013671875
20 0.51708984375 0.65087890625 0.0556640625 0.013671875
45 0.18896484375 0.47265625 0.056640625 0.013671875
46 0.2158203125 0.86328125 0.060546875 0.015625
20 0.49755859375 0.7353515625 0.0556640625 0.0126953125
46 0.45068359375 0.87939453125 0.060546875 0.01171875
22 0.13427734375 0.74609375 0.0556640625 0.0146484375
46 0.470703125 0.79052734375 0.0595703125 0.013671875
23 0.14306640625 0.70458984375 0.052734375 0.01171875
20 0.2890625 0.63671875 0.0576171875 0.0126953125
27 0.4072265625 0.55224609375 0.314453125 0.1396484375
23 0.1591796875 0.61767578125 0.0556640625 0.01171875
20 0.26513671875 0.72119140625 0.0595703125 0.01171875
45 0.18798828125 0.55712890625 0.0595703125 0.01171875
46 0.23828125 0.775390625 0.05859375 0.015625