16 0.75146484375 0.22509765625 0.060546875 0.013671875
27 0.5869140625 0.4462890625 0.3203125 0.125
16 0.53515625 0.12353515625 0.060546875 0.015625
16 0.7705078125 0.140625 0.05859375 0.0146484375
22 0.8798828125 0.16650390625 0.05859375 0.013671875
41 0.49267578125 0.251953125 0.056640625 0.015625
48 0.8056640625 0.435546875 0.060546875 0.013671875
22 0.8662109375 0.25537109375 0.05859375 0.013671875
16 0.5166015625 0.21142578125 0.0595703125 0.0146484375
23 0.837890625 0.38232421875 0.05859375 0.0126953125
48 0.79541015625 0.51611328125 0.05859375 0.0146484375
23 0.859375 0.2958984375 0.0537109375 0.01171875
41 0.72265625 0.27978515625 0.0576171875 0.013671875
41 0.68505859375 0.36572265625 0.0546875 0.013671875
41 0.4609375 0.33447265625 0.052734375 0.0185546875