26 0.23291015625 0.55712890625 0.0556640625 0.0126953125
26 0.25146484375 0.47216796875 0.0537109375 0.013671875
26 0.0224609375 0.4599609375 0.044921875 0.013671875
21 0.54150390625 0.60546875 0.060546875 0.013671875
21 0.30810546875 0.61865234375 0.05859375 0.0126953125
6 0.34765625 0.5478515625 0.056640625 0.01171875
5 0.22412109375 0.8486328125 0.0595703125 0.013671875
21 0.32177734375 0.70654296875 0.05859375 0.01171875
6 0.57763671875 0.56396484375 0.05859375 0.013671875
6 0.3681640625 0.46337890625 0.056640625 0.01171875
6 0.59716796875 0.48486328125 0.0576171875 0.0146484375
21 0.556640625 0.693359375 0.056640625 0.01171875
5 0.2529296875 0.76171875 0.0576171875 0.013671875
13 0.24072265625 0.70458984375 0.0322265625 0.017578125
13 0.25732421875 0.61669921875 0.0302734375 0.017578125
13 0.60205078125 0.78369140625 0.02734375 0.015625
13 0.33642578125 0.75927734375 0.02734375 0.017578125
13 0.310546875 0.8486328125 0.03125 0.0185546875
13 0.57861328125 0.875 0.033203125 0.01953125