21 0.52001953125 0.52197265625 0.015625 0.0546875
21 0.55029296875 0.30224609375 0.013671875 0.0546875
31 0.28857421875 0.23486328125 0.01953125 0.0595703125
30 0.14990234375 0.1552734375 0.021484375 0.0576171875
5 0.2978515625 0.43994140625 0.015625 0.056640625
5 0.40966796875 0.24853515625 0.0146484375 0.0546875
31 0.1591796875 0.39453125 0.01953125 0.0625
31 0.20947265625 0.1748046875 0.0224609375 0.0537109375
21 0.470703125 0.2666015625 0.013671875 0.05859375
5 0.328125 0.2138671875 0.013671875 0.0546875
5 0.380859375 0.47119140625 0.0166015625 0.0546875
30 0.10791015625 0.384765625 0.01953125 0.0576171875
31 0.2392578125 0.4521484375 0.0205078125 0.060546875
21 0.4423828125 0.48486328125 0.013671875 0.0546875
30 0.02099609375 0.33203125 0.021484375 0.0537109375