15 0.4482421875 0.24609375 0.0146484375 0.0556640625
7 0.443359375 0.5576171875 0.01171875 0.0517578125
1 0.38720703125 0.212890625 0.01171875 0.056640625
7 0.447265625 0.3330078125 0.013671875 0.052734375
7 0.52880859375 0.33740234375 0.0126953125 0.05078125
1 0.30029296875 0.1982421875 0.013671875 0.056640625
39 0.3076171875 0.54345703125 0.01171875 0.052734375
7 0.52294921875 0.5615234375 0.01171875 0.052734375
39 0.3935546875 0.31494140625 0.01171875 0.05078125
50 0.26025390625 0.32568359375 0.013671875 0.056640625
15 0.53076171875 0.2578125 0.015625 0.0546875
39 0.3955078125 0.5380859375 0.01171875 0.052734375
15 0.5390625 0.02978515625 0.015625 0.056640625
50 0.16162109375 0.5419921875 0.015625 0.05859375
50 0.24609375 0.5576171875 0.013671875 0.056640625
39 0.30615234375 0.31201171875 0.013671875 0.056640625
50 0.17529296875 0.306640625 0.013671875 0.0625