28 0.1865234375 0.453125 0.17578125 0.37890625
28 0.47216796875 0.45166015625 0.13671875 0.3583984375
18 0.41455078125 0.56884765625 0.013671875 0.0625
7 0.212890625 0.5927734375 0.0126953125 0.0595703125
18 0.4189453125 0.33544921875 0.01171875 0.0625
7 0.23388671875 0.35546875 0.013671875 0.056640625
18 0.49853515625 0.57373046875 0.013671875 0.060546875
7 0.14599609375 0.328125 0.0126953125 0.05859375
7 0.12451171875 0.5673828125 0.013671875 0.0595703125
27 0.33203125 0.41943359375 0.1298828125 0.328125
18 0.50390625 0.3408203125 0.01171875 0.0625