23 0.21240234375 0.32080078125 0.05078125 0.0126953125
23 0.17236328125 0.2314453125 0.052734375 0.015625
51 0.4365234375 0.40283203125 0.046875 0.01171875
51 0.41015625 0.31787109375 0.052734375 0.0126953125
49 0.29150390625 0.11083984375 0.0537109375 0.01171875
49 0.55029296875 0.10009765625 0.052734375 0.0126953125
49 0.3056640625 0.2041015625 0.052734375 0.0126953125
1 0.208984375 0.041015625 0.0546875 0.013671875
51 0.673828125 0.3837890625 0.052734375 0.01171875
1 0.46923828125 0.03515625 0.0537109375 0.01171875
51 0.65380859375 0.29541015625 0.05078125 0.01171875
49 0.5625 0.193359375 0.0546875 0.013671875
42 0.5634765625 0.2197265625 0.0546875 0.013671875
13 0.017578125 0.40283203125 0.0234375 0.013671875
13 0.0654296875 0.3955078125 0.064453125 0.015625
13 0.22412109375 0.36962890625 0.068359375 0.015625
13 0.27197265625 0.3603515625 0.0234375 0.013671875
13 0.31884765625 0.44091796875 0.0234375 0.013671875
13 0.27099609375 0.45068359375 0.0634765625 0.013671875
13 0.11474609375 0.4755859375 0.0625 0.015625
13 0.06884765625 0.4833984375 0.029296875 0.013671875
43 0.0439453125 0.0771484375 0.044921875 0.0234375
43 0.12548828125 0.15673828125 0.048828125 0.021484375