17 0.85302734375 0.2314453125 0.013671875 0.05859375
27 0.453125 0.87646484375 0.1337890625 0.2431640625
26 0.5498046875 0.501953125 0.013671875 0.052734375
17 0.76806640625 0.2255859375 0.01171875 0.05859375
3 0.92041015625 0.25732421875 0.017578125 0.056640625
3 0.87841796875 0.48291015625 0.017578125 0.056640625
2 0.90966796875 0.5908203125 0.015625 0.056640625
17 0.75927734375 0.4560546875 0.01171875 0.060546875
7 0.576171875 0.12548828125 0.01171875 0.0517578125
17 0.845703125 0.46435546875 0.0126953125 0.05859375
26 0.52978515625 0.72265625 0.013671875 0.0546875
7 0.486328125 0.3388671875 0.013671875 0.052734375
7 0.4970703125 0.115234375 0.0126953125 0.0546875
15 0.60693359375 0.3720703125 0.013671875 0.05859375
7 0.56396484375 0.3525390625 0.013671875 0.0556640625
35 0.544921875 0.8798828125 0.01171875 0.056640625
15 0.63525390625 0.150390625 0.013671875 0.0546875
19 0.7958984375 0.55517578125 0.013671875 0.0615234375
15 0.71923828125 0.17626953125 0.015625 0.060546875
15 0.69091796875 0.40185546875 0.0146484375 0.05859375
3 0.96484375 0.52783203125 0.01953125 0.0556640625
26 0.4677734375 0.478515625 0.0146484375 0.05078125
49 0.6796875 0.5458984375 0.01171875 0.04296875
1 0.71044921875 0.3857421875 0.013671875 0.0556640625
26 0.44775390625 0.7021484375 0.0146484375 0.0546875
19 0.71044921875 0.5498046875 0.013671875 0.05859375
49 0.5927734375 0.5107421875 0.01171875 0.0458984375
35 0.62646484375 0.90478515625 0.0126953125 0.0546875
13 0.67431640625 0.4580078125 0.0146484375 0.02734375
13 0.59033203125 0.42724609375 0.017578125 0.029296875
26 0.97314453125 0.8623046875 0.01953125 0.060546875