2 0.572265625 0.65234375 0.0458984375 0.01171875
43 0.7646484375 0.84326171875 0.052734375 0.013671875
43 0.763671875 0.9326171875 0.0537109375 0.01171875
2 0.5791015625 0.56689453125 0.046875 0.01171875
21 0.19775390625 0.677734375 0.052734375 0.01171875
49 0.62890625 0.697265625 0.0498046875 0.0126953125
21 0.19287109375 0.76513671875 0.052734375 0.0107421875
15 0.42919921875 0.65771484375 0.048828125 0.01171875
35 0.62060546875 0.5517578125 0.0478515625 0.0107421875
49 0.82568359375 0.818359375 0.05078125 0.013671875
49 0.58984375 0.7783203125 0.05078125 0.0146484375
2 0.82080078125 0.66015625 0.05078125 0.013671875
49 0.8623046875 0.73291015625 0.05078125 0.013671875
2 0.8232421875 0.57373046875 0.048828125 0.01171875
21 0.44189453125 0.685546875 0.048828125 0.009765625
13 0.45361328125 0.63330078125 0.025390625 0.01171875
13 0.4580078125 0.55078125 0.025390625 0.013671875
13 0.20068359375 0.5458984375 0.0234375 0.013671875
13 0.19384765625 0.62890625 0.0234375 0.013671875
13 0.24365234375 0.62939453125 0.0693359375 0.009765625
13 0.25 0.54736328125 0.0673828125 0.0087890625
13 0.4111328125 0.55078125 0.06640625 0.009765625
13 0.40478515625 0.63134765625 0.06640625 0.0087890625
21 0.43310546875 0.77392578125 0.05078125 0.013671875