23 0.32080078125 0.787109375 0.0126953125 0.0517578125
23 0.2314453125 0.82763671875 0.015625 0.052734375
51 0.404296875 0.5634765625 0.01171875 0.046875
51 0.31787109375 0.59033203125 0.0126953125 0.052734375
49 0.10009765625 0.44970703125 0.0126953125 0.052734375
49 0.111328125 0.70947265625 0.01171875 0.0546875
49 0.2041015625 0.69482421875 0.0126953125 0.0537109375
51 0.3837890625 0.326171875 0.0126953125 0.0537109375
51 0.294921875 0.345703125 0.01171875 0.05078125
32 0.0166015625 0.77587890625 0.01171875 0.052734375
49 0.18994140625 0.43896484375 0.01171875 0.0556640625
1 0.0380859375 0.79248046875 0.01171875 0.05078125
1 0.03466796875 0.533203125 0.0126953125 0.052734375
32 0.00439453125 0.5146484375 0.0087890625 0.056640625
42 0.21923828125 0.43701171875 0.015625 0.0556640625
43 0.0751953125 0.95556640625 0.021484375 0.0458984375
43 0.15673828125 0.87744140625 0.0224609375 0.0458984375
13 0.3603515625 0.72705078125 0.0146484375 0.021484375
13 0.44091796875 0.68212890625 0.015625 0.025390625
13 0.40283203125 0.982421875 0.013671875 0.0234375
13 0.48388671875 0.93212890625 0.013671875 0.02734375
13 0.3935546875 0.935546875 0.013671875 0.064453125
13 0.47509765625 0.884765625 0.017578125 0.0625
13 0.36962890625 0.77587890625 0.015625 0.0654296875
13 0.44921875 0.7275390625 0.017578125 0.064453125