54 0.701171875 0.4697265625 0.0546875 0.01171875
10 0.4755859375 0.69384765625 0.052734375 0.0126953125
4 0.095703125 0.6435546875 0.056640625 0.013671875
10 0.708984375 0.67138671875 0.0556640625 0.013671875
38 0.3642578125 0.4462890625 0.0546875 0.01171875
4 0.33447265625 0.65185546875 0.05859375 0.01171875
54 0.46337890625 0.54736328125 0.0546875 0.0126953125
4 0.1142578125 0.556640625 0.0546875 0.013671875
38 0.13232421875 0.43798828125 0.052734375 0.01171875
38 0.35302734375 0.529296875 0.05078125 0.01171875
38 0.123046875 0.5185546875 0.0546875 0.0126953125
4 0.34912109375 0.56640625 0.052734375 0.0107421875
54 0.6953125 0.5546875 0.052734375 0.01171875
34 0.30078125 0.70458984375 0.056640625 0.01171875
10 0.6787109375 0.5849609375 0.05078125 0.013671875
10 0.45166015625 0.60888671875 0.0546875 0.013671875
54 0.4736328125 0.46240234375 0.052734375 0.0126953125
34 0.06103515625 0.708984375 0.056640625 0.0126953125
34 0.30224609375 0.791015625 0.0576171875 0.013671875
13 0.6796875 0.7197265625 0.03125 0.0166015625
34 0.06640625 0.79541015625 0.056640625 0.013671875
13 0.7060546875 0.81201171875 0.033203125 0.017578125
13 0.4169921875 0.73583984375 0.029296875 0.015625
13 0.43115234375 0.82763671875 0.033203125 0.017578125