17 0.1474609375 0.76806640625 0.0126953125 0.05859375
17 0.2412109375 0.544921875 0.013671875 0.0576171875
21 0.55078125 0.30224609375 0.013671875 0.0517578125
17 0.23193359375 0.77392578125 0.01171875 0.056640625
50 0.41015625 0.60302734375 0.013671875 0.056640625
3 0.08203125 0.74169921875 0.017578125 0.056640625
50 0.39111328125 0.830078125 0.015625 0.05859375
14 0.35205078125 0.81005859375 0.015625 0.0546875
50 0.4921875 0.62109375 0.013671875 0.0556640625
14 0.287109375 0.56005859375 0.015625 0.056640625
14 0.3740234375 0.580078125 0.015625 0.056640625
21 0.517578125 0.52197265625 0.01171875 0.056640625
50 0.470703125 0.8466796875 0.0146484375 0.0595703125
21 0.4697265625 0.2666015625 0.015625 0.056640625
29 0.5673828125 0.203125 0.013671875 0.056640625
17 0.1552734375 0.53564453125 0.0126953125 0.0576171875
29 0.48828125 0.16796875 0.0146484375 0.0576171875
3 0.12255859375 0.517578125 0.01953125 0.05859375
14 0.27099609375 0.79296875 0.013671875 0.0546875
21 0.44091796875 0.48828125 0.0146484375 0.052734375
3 0.03564453125 0.4755859375 0.021484375 0.0595703125
33 0.0224609375 0.31787109375 0.017578125 0.060546875
44 0.345703125 0.1083984375 0.01953125 0.060546875
33 0.1494140625 0.138671875 0.01953125 0.0595703125
33 0.0615234375 0.0908203125 0.017578125 0.0576171875
33 0.10986328125 0.36669921875 0.017578125 0.05859375
44 0.42529296875 0.17138671875 0.01953125 0.056640625
27 0.228515625 0.31005859375 0.1572265625 0.3642578125
27 0.3583984375 0.36181640625 0.158203125 0.3349609375
25 0.2919921875 0.095703125 0.0224609375 0.052734375