27 0.43310546875 0.66162109375 0.08984375 0.2080078125
31 0.30810546875 0.74267578125 0.0087890625 0.033203125
6 0.37158203125 0.77880859375 0.0078125 0.0341796875
31 0.3720703125 0.611328125 0.0078125 0.03515625
40 0.2822265625 0.7412109375 0.0078125 0.0341796875
31 0.32080078125 0.5966796875 0.009765625 0.037109375
31 0.359375 0.75732421875 0.005859375 0.03125
30 0.25732421875 0.72412109375 0.009765625 0.0283203125
30 0.2099609375 0.6884765625 0.01171875 0.029296875
30 0.2919921875 0.5888671875 0.0087890625 0.0302734375
30 0.24560546875 0.55126953125 0.009765625 0.0302734375
7 0.21630859375 0.75 0.009765625 0.033203125
7 0.2021484375 0.60302734375 0.009765625 0.03125
28 0.34326171875 0.68359375 0.080078125 0.244140625
28 0.23974609375 0.64453125 0.1025390625 0.2294921875
39 0.3681640625 0.50439453125 0.0078125 0.029296875
39 0.31640625 0.50341796875 0.0068359375 0.029296875
39 0.31787109375 0.35986328125 0.005859375 0.029296875
39 0.3681640625 0.361328125 0.0087890625 0.029296875
23 0.27587890625 0.498046875 0.0078125 0.03515625
23 0.22412109375 0.49609375 0.009765625 0.03515625
23 0.27783203125 0.35693359375 0.0078125 0.0322265625
23 0.2265625 0.353515625 0.0068359375 0.03125
42 0.45263671875 0.51416015625 0.009765625 0.03125
42 0.40234375 0.51318359375 0.009765625 0.0341796875
42 0.4033203125 0.3662109375 0.01171875 0.033203125
42 0.4541015625 0.3681640625 0.009765625 0.033203125
14 0.45751953125 0.314453125 0.009765625 0.033203125
14 0.4072265625 0.322265625 0.0107421875 0.03125
14 0.40087890625 0.17529296875 0.009765625 0.0322265625
14 0.4521484375 0.16650390625 0.009765625 0.033203125