28 0.4365234375 0.1630859375 0.359375 0.154296875
51 0.40966796875 0.318359375 0.052734375 0.0126953125
51 0.43701171875 0.40283203125 0.046875 0.01171875
23 0.21240234375 0.32080078125 0.05078125 0.0126953125
23 0.17236328125 0.2314453125 0.052734375 0.015625
51 0.673828125 0.3837890625 0.052734375 0.01171875
49 0.29150390625 0.111328125 0.052734375 0.0126953125
49 0.56298828125 0.18994140625 0.0546875 0.01171875
49 0.3056640625 0.2041015625 0.0537109375 0.0126953125
51 0.65380859375 0.29541015625 0.05078125 0.01171875
49 0.55078125 0.1005859375 0.0546875 0.01171875
42 0.5634765625 0.2197265625 0.0546875 0.015625
43 0.04150390625 0.0751953125 0.046875 0.025390625
43 0.1240234375 0.15673828125 0.0498046875 0.0234375
13 0.0166015625 0.40283203125 0.0263671875 0.0166015625
13 0.064453125 0.39599609375 0.0693359375 0.017578125
13 0.22216796875 0.36865234375 0.072265625 0.01171875
13 0.27294921875 0.36083984375 0.0244140625 0.015625
13 0.31787109375 0.44140625 0.025390625 0.0146484375
13 0.26904296875 0.44873046875 0.06640625 0.015625
13 0.11669921875 0.4765625 0.0703125 0.013671875
13 0.06591796875 0.482421875 0.0234375 0.013671875