23 0.212890625 0.32080078125 0.05078125 0.0126953125
23 0.17236328125 0.23095703125 0.052734375 0.015625
51 0.4365234375 0.40234375 0.046875 0.01171875
51 0.41015625 0.31787109375 0.052734375 0.0126953125
49 0.55029296875 0.10009765625 0.052734375 0.0126953125
49 0.3056640625 0.2041015625 0.052734375 0.0126953125
49 0.29150390625 0.1103515625 0.0537109375 0.01171875
1 0.47265625 0.03466796875 0.0546875 0.0126953125
1 0.208984375 0.041015625 0.0556640625 0.013671875
51 0.673828125 0.3837890625 0.0546875 0.0126953125
49 0.56103515625 0.18994140625 0.0556640625 0.01171875
51 0.65380859375 0.294921875 0.05078125 0.01171875
43 0.04345703125 0.076171875 0.048828125 0.025390625
43 0.1259765625 0.1572265625 0.048828125 0.021484375
42 0.5634765625 0.22119140625 0.0537109375 0.021484375
13 0.01708984375 0.40283203125 0.0263671875 0.015625
13 0.0673828125 0.48291015625 0.02734375 0.015625
13 0.27294921875 0.361328125 0.0224609375 0.013671875
13 0.318359375 0.44091796875 0.0244140625 0.0166015625
13 0.06591796875 0.3955078125 0.064453125 0.015625
13 0.22509765625 0.369140625 0.06640625 0.013671875
13 0.26953125 0.44921875 0.06640625 0.013671875
13 0.115234375 0.47509765625 0.064453125 0.015625