28 0.6240234375 0.2841796875 0.080078125 0.201171875
18 0.43310546875 0.42236328125 0.0087890625 0.037109375
18 0.47998046875 0.56005859375 0.0078125 0.03515625
11 0.48681640625 0.22265625 0.0078125 0.0361328125
18 0.482421875 0.4267578125 0.0087890625 0.0380859375
18 0.43115234375 0.55908203125 0.0078125 0.037109375
24 0.6240234375 0.57763671875 0.0078125 0.0361328125
11 0.42822265625 0.34619140625 0.0087890625 0.033203125
19 0.50927734375 0.4306640625 0.0078125 0.03515625
19 0.50390625 0.56787109375 0.0068359375 0.03515625
26 0.65869140625 0.2138671875 0.0087890625 0.03515625
19 0.5576171875 0.4384765625 0.0078125 0.0361328125
11 0.43603515625 0.2099609375 0.0078125 0.03515625
24 0.578125 0.4365234375 0.0078125 0.0322265625
11 0.4775390625 0.35546875 0.0078125 0.03515625
19 0.552734375 0.5712890625 0.0078125 0.033203125
24 0.57421875 0.5703125 0.0078125 0.033203125
27 0.541015625 0.28662109375 0.0859375 0.2109375
26 0.59814453125 0.33837890625 0.009765625 0.03515625
26 0.64794921875 0.35107421875 0.009765625 0.0361328125
24 0.6279296875 0.43994140625 0.0078125 0.03515625
17 0.66259765625 0.4365234375 0.0087890625 0.037109375
3 0.71435546875 0.43115234375 0.0087890625 0.0361328125
5 0.64599609375 0.57080078125 0.0078125 0.03515625
3 0.666015625 0.5732421875 0.009765625 0.0322265625
26 0.60791015625 0.2041015625 0.0068359375 0.0322265625
3 0.71923828125 0.5693359375 0.0087890625 0.033203125
13 0.697265625 0.20361328125 0.0078125 0.01953125
13 0.748046875 0.2138671875 0.0078125 0.021484375
13 0.7353515625 0.3701171875 0.009765625 0.01953125
13 0.68603515625 0.35693359375 0.009765625 0.017578125