23 0.78759765625 0.67919921875 0.0517578125 0.0126953125
51 0.5634765625 0.59765625 0.046875 0.01171875
51 0.59033203125 0.68212890625 0.052734375 0.0126953125
23 0.82763671875 0.7685546875 0.0517578125 0.015625
49 0.70849609375 0.88916015625 0.052734375 0.0126953125
51 0.32666015625 0.6162109375 0.052734375 0.01171875
49 0.6943359375 0.7958984375 0.052734375 0.0126953125
51 0.345703125 0.705078125 0.05078125 0.01171875
49 0.4375 0.80712890625 0.0546875 0.015625
49 0.44970703125 0.89990234375 0.0546875 0.0126953125
42 0.4365234375 0.78076171875 0.0546875 0.015625
43 0.95947265625 0.923828125 0.0546875 0.025390625
43 0.876953125 0.84375 0.0546875 0.025390625
13 0.9833984375 0.59619140625 0.0244140625 0.013671875
13 0.93359375 0.5166015625 0.0302734375 0.015625
13 0.72705078125 0.63916015625 0.025390625 0.0146484375
13 0.681640625 0.55908203125 0.025390625 0.015625
13 0.77587890625 0.63134765625 0.06640625 0.013671875
13 0.7294921875 0.5498046875 0.06640625 0.015625
13 0.88525390625 0.5244140625 0.0625 0.015625
13 0.935546875 0.60546875 0.064453125 0.01171875