26 0.44287109375 0.23291015625 0.0126953125 0.0556640625
26 0.52783203125 0.25146484375 0.013671875 0.0537109375
26 0.5400390625 0.0224609375 0.013671875 0.044921875
21 0.39453125 0.54150390625 0.013671875 0.060546875
21 0.38134765625 0.30810546875 0.0126953125 0.05859375
6 0.4521484375 0.34765625 0.01171875 0.056640625
5 0.1513671875 0.22412109375 0.013671875 0.0595703125
21 0.29345703125 0.32177734375 0.01171875 0.05859375
6 0.43603515625 0.57763671875 0.013671875 0.05859375
6 0.53662109375 0.3681640625 0.01171875 0.056640625
6 0.51513671875 0.59716796875 0.0146484375 0.0576171875
21 0.306640625 0.556640625 0.01171875 0.056640625
5 0.23828125 0.2529296875 0.013671875 0.0576171875
13 0.29541015625 0.24072265625 0.017578125 0.033203125
13 0.38330078125 0.25732421875 0.017578125 0.0302734375
13 0.21630859375 0.60205078125 0.015625 0.02734375
13 0.24072265625 0.33642578125 0.017578125 0.02734375
13 0.1513671875 0.310546875 0.0185546875 0.03125
13 0.125 0.57861328125 0.01953125 0.033203125