18 0.57666015625 0.4326171875 0.037109375 0.0087890625
24 0.5615234375 0.626953125 0.033203125 0.0078125
19 0.568359375 0.5087890625 0.03515625 0.0078125
19 0.43212890625 0.50439453125 0.03515625 0.0078125
18 0.57275390625 0.4814453125 0.0380859375 0.0087890625
18 0.4384765625 0.48046875 0.03515625 0.0078125
11 0.779296875 0.4833984375 0.03515625 0.0078125
18 0.44140625 0.43017578125 0.0390625 0.0078125
11 0.6533203125 0.4287109375 0.03515625 0.0078125
19 0.5625 0.5576171875 0.03515625 0.0078125
19 0.4287109375 0.552734375 0.033203125 0.0078125
11 0.79052734375 0.43701171875 0.03515625 0.0078125
24 0.56396484375 0.57763671875 0.037109375 0.0078125
24 0.4306640625 0.57421875 0.033203125 0.0068359375
24 0.42431640625 0.6240234375 0.033203125 0.0078125
13 0.58349609375 0.65478515625 0.0185546875 0.009765625
13 0.5703125 0.70556640625 0.017578125 0.0078125
13 0.43115234375 0.64208984375 0.01953125 0.0107421875
13 0.41748046875 0.69189453125 0.01953125 0.009765625
11 0.64208984375 0.47705078125 0.0341796875 0.0078125