10 0.119140625 0.4443359375 0.0107421875 0.05078125
10 0.22509765625 0.2314453125 0.013671875 0.0546875
10 0.20751953125 0.46484375 0.01171875 0.052734375
20 0.34814453125 0.515625 0.01171875 0.0546875
23 0.2958984375 0.1396484375 0.0126953125 0.056640625
10 0.14013671875 0.2080078125 0.013671875 0.052734375
43 0.43359375 0.1796875 0.013671875 0.0595703125
43 0.5126953125 0.2041015625 0.013671875 0.05859375
20 0.36328125 0.2890625 0.0126953125 0.05859375
27 0.451171875 0.40625 0.125 0.314453125
20 0.2646484375 0.498046875 0.01171875 0.056640625
23 0.38232421875 0.1611328125 0.01171875 0.05859375
54 0.23828125 0.11279296875 0.01171875 0.056640625
20 0.27880859375 0.2685546875 0.0126953125 0.060546875
54 0.154296875 0.083984375 0.0126953125 0.0546875