21 0.53662109375 0.6025390625 0.0576171875 0.013671875
26 0.2568359375 0.47216796875 0.0546875 0.013671875
26 0.0283203125 0.45947265625 0.056640625 0.0126953125
26 0.23828125 0.5556640625 0.0546875 0.01171875
21 0.30810546875 0.61328125 0.0576171875 0.0126953125
26 0.017578125 0.544921875 0.03515625 0.01171875
6 0.5771484375 0.56201171875 0.0556640625 0.015625
6 0.59619140625 0.48486328125 0.0546875 0.013671875
6 0.35107421875 0.546875 0.056640625 0.01171875
6 0.3720703125 0.4638671875 0.0546875 0.01171875
3 0.240234375 0.6103515625 0.052734375 0.013671875
21 0.55078125 0.685546875 0.0556640625 0.013671875
52 0.5498046875 0.84765625 0.0517578125 0.013671875
52 0.5703125 0.7626953125 0.0537109375 0.01171875