23 0.32080078125 0.78759765625 0.0126953125 0.052734375
23 0.23046875 0.82763671875 0.0166015625 0.0537109375
3 0.2763671875 0.4091796875 0.0146484375 0.0498046875
3 0.3193359375 0.65380859375 0.015625 0.052734375
46 0.5576171875 0.8828125 0.0146484375 0.048828125
41 0.1953125 0.44677734375 0.0166015625 0.05078125
1 0.03515625 0.5341796875 0.013671875 0.0537109375
46 0.58349609375 0.60205078125 0.015625 0.046875
46 0.6318359375 0.8232421875 0.015625 0.048828125
49 0.1015625 0.71337890625 0.0126953125 0.0537109375
41 0.236328125 0.68896484375 0.017578125 0.056640625
41 0.14892578125 0.73193359375 0.015625 0.0537109375
32 0.00439453125 0.51611328125 0.0087890625 0.0595703125
46 0.50732421875 0.6572265625 0.015625 0.048828125
1 0.03662109375 0.791015625 0.013671875 0.0556640625
32 0.01611328125 0.77490234375 0.0126953125 0.056640625
34 0.298828125 0.26953125 0.03125 0.02734375
41 0.107421875 0.49462890625 0.017578125 0.0546875
43 0.07470703125 0.95751953125 0.0244140625 0.0458984375
43 0.15625 0.8759765625 0.02734375 0.04296875
42 0.22021484375 0.4501953125 0.0244140625 0.0546875
13 0.40283203125 0.9833984375 0.015625 0.0234375
13 0.48291015625 0.93310546875 0.013671875 0.029296875
13 0.474609375 0.88427734375 0.013671875 0.06640625
13 0.4501953125 0.72998046875 0.013671875 0.0625
13 0.44140625 0.68115234375 0.015625 0.0263671875
13 0.35986328125 0.7275390625 0.015625 0.0234375
13 0.3701171875 0.77490234375 0.013671875 0.064453125
13 0.39501953125 0.931640625 0.0146484375 0.072265625
34 0.15478515625 0.32666015625 0.03125 0.029296875
34 0.13232421875 0.1689453125 0.03125 0.025390625
34 0.2783203125 0.11865234375 0.029296875 0.021484375
29 0.35888671875 0.24560546875 0.029296875 0.03125
29 0.33154296875 0.09375 0.029296875 0.033203125
29 0.466796875 0.02685546875 0.02734375 0.0322265625
29 0.49169921875 0.173828125 0.02734375 0.033203125
39 0.4951171875 0.5419921875 0.0205078125 0.041015625
39 0.5673828125 0.46923828125 0.01953125 0.046875
39 0.43212890625 0.3330078125 0.021484375 0.044921875
39 0.505859375 0.2626953125 0.0205078125 0.0458984375
53 0.33837890625 0.6064453125 0.0205078125 0.05078125
53 0.421875 0.5537109375 0.0205078125 0.052734375
53 0.29150390625 0.37451171875 0.0234375 0.052734375
53 0.375 0.32373046875 0.025390625 0.056640625