18 0.421875 0.5673828125 0.037109375 0.0078125
24 0.43896484375 0.3720703125 0.033203125 0.0078125
18 0.56201171875 0.51953125 0.0361328125 0.0078125
18 0.55810546875 0.5693359375 0.037109375 0.0078125
19 0.4326171875 0.49072265625 0.0341796875 0.0078125
19 0.56689453125 0.49560546875 0.03515625 0.0078125
18 0.4248046875 0.517578125 0.0380859375 0.0078125
19 0.43798828125 0.44189453125 0.0361328125 0.0078125
19 0.57080078125 0.447265625 0.033203125 0.0078125
24 0.43603515625 0.421875 0.033203125 0.0078125
24 0.56982421875 0.42529296875 0.0361328125 0.0078125
24 0.5771484375 0.37548828125 0.0322265625 0.0078125
13 0.58740234375 0.35888671875 0.01953125 0.0087890625
13 0.43359375 0.34716796875 0.01953125 0.0078125
13 0.4453125 0.29736328125 0.01953125 0.009765625