28 0.546875 0.1865234375 0.37890625 0.17578125
28 0.54833984375 0.47216796875 0.3583984375 0.13671875
18 0.43115234375 0.41455078125 0.0625 0.013671875
7 0.4072265625 0.212890625 0.0595703125 0.01171875
18 0.66455078125 0.4189453125 0.0625 0.01171875
7 0.64453125 0.23388671875 0.056640625 0.013671875
18 0.42626953125 0.49853515625 0.060546875 0.013671875
7 0.671875 0.14599609375 0.05859375 0.0126953125
7 0.4326171875 0.12451171875 0.0595703125 0.013671875
27 0.58056640625 0.33203125 0.328125 0.1298828125
18 0.6591796875 0.50390625 0.0625 0.01171875