46 0.0947265625 0.3984375 0.01171875 0.0537109375
18 0.0703125 0.75537109375 0.013671875 0.0517578125
18 0.166015625 0.51806640625 0.013671875 0.046875
34 0.279296875 0.81982421875 0.0107421875 0.048828125
46 0.103515625 0.15234375 0.01171875 0.0517578125
46 0.18017578125 0.41015625 0.009765625 0.0517578125
46 0.1875 0.16552734375 0.01171875 0.0498046875
18 0.07861328125 0.5068359375 0.013671875 0.048828125
18 0.1591796875 0.76123046875 0.01171875 0.05078125
34 0.21630859375 0.5546875 0.01171875 0.048828125
14 0.337890625 0.85595703125 0.01171875 0.05078125
14 0.32861328125 0.61279296875 0.01171875 0.05078125
14 0.41552734375 0.59619140625 0.01171875 0.0478515625
14 0.42333984375 0.8388671875 0.013671875 0.0517578125
34 0.1923828125 0.7958984375 0.0126953125 0.05078125
34 0.3017578125 0.57958984375 0.01171875 0.0478515625
13 0.27783203125 0.44677734375 0.0126953125 0.0234375
13 0.201171875 0.3828125 0.013671875 0.0234375
13 0.265625 0.146484375 0.013671875 0.0234375
13 0.34033203125 0.21142578125 0.013671875 0.0234375
13 0.25341796875 0.19140625 0.021484375 0.0615234375
13 0.32861328125 0.25634765625 0.0224609375 0.0625
13 0.28955078125 0.40234375 0.01953125 0.060546875
13 0.2119140625 0.33935546875 0.0234375 0.0625