28 0.70947265625 0.134765625 0.3525390625 0.142578125
23 0.6025390625 0.07373046875 0.05078125 0.013671875
23 0.8388671875 0.07666015625 0.05078125 0.013671875
32 0.81396484375 0.46044921875 0.046875 0.0126953125
44 0.802734375 0.32470703125 0.0517578125 0.0126953125
32 0.57421875 0.44384765625 0.048828125 0.0107421875
51 0.38427734375 0.3046875 0.048828125 0.0107421875
32 0.83447265625 0.37841796875 0.048828125 0.01171875
23 0.6005859375 0.16455078125 0.0546875 0.013671875
23 0.83544921875 0.166015625 0.05078125 0.01171875
35 0.4150390625 0.37158203125 0.0498046875 0.01171875
35 0.14892578125 0.4208984375 0.05078125 0.0126953125
44 0.826171875 0.23681640625 0.0517578125 0.01171875
51 0.185546875 0.19384765625 0.0517578125 0.01171875
44 0.5615234375 0.30810546875 0.052734375 0.013671875
35 0.38330078125 0.4501953125 0.05078125 0.013671875
14 0.40478515625 0.33837890625 0.048828125 0.0126953125
32 0.59423828125 0.361328125 0.046875 0.009765625
44 0.58251953125 0.2216796875 0.052734375 0.0146484375
51 0.15576171875 0.27880859375 0.05078125 0.01171875
27 0.3427734375 0.1142578125 0.3564453125 0.130859375
51 0.41455078125 0.22119140625 0.046875 0.013671875
35 0.17822265625 0.337890625 0.046875 0.015625
15 0.5751953125 0.34228515625 0.048828125 0.013671875