28 0.19140625 0.57958984375 0.15234375 0.34375
28 0.51220703125 0.609375 0.1328125 0.322265625
16 0.23681640625 0.45556640625 0.017578125 0.056640625
41 0.4189453125 0.48095703125 0.0126953125 0.0546875
16 0.14794921875 0.6943359375 0.017578125 0.0625
38 0.5546875 0.36865234375 0.01171875 0.0546875
27 0.3779296875 0.21044921875 0.125 0.328125
16 0.234375 0.69384765625 0.0166015625 0.060546875
16 0.1494140625 0.45068359375 0.01953125 0.060546875
38 0.470703125 0.3505859375 0.01171875 0.0537109375
38 0.486328125 0.12060546875 0.01171875 0.0595703125
38 0.56689453125 0.14013671875 0.01171875 0.0546875
41 0.33203125 0.4677734375 0.01171875 0.0546875
29 0.48583984375 0.48046875 0.0146484375 0.056640625
41 0.404296875 0.71240234375 0.01171875 0.0546875
41 0.32080078125 0.70458984375 0.013671875 0.0537109375
29 0.5498046875 0.728515625 0.015625 0.0576171875
29 0.56640625 0.501953125 0.013671875 0.0546875
46 0.2490234375 0.06298828125 0.015625 0.06640625
29 0.46630859375 0.71142578125 0.0146484375 0.056640625
12 0.29638671875 0.69091796875 0.015625 0.056640625