15 0.81005859375 0.37451171875 0.046875 0.01171875
15 0.568359375 0.36669921875 0.046875 0.013671875
18 0.2451171875 0.06982421875 0.0517578125 0.01171875
15 0.55908203125 0.44873046875 0.044921875 0.01171875
34 0.1787109375 0.279296875 0.0498046875 0.009765625
15 0.798828125 0.455078125 0.044921875 0.01171875
18 0.48486328125 0.166015625 0.05078125 0.01171875
13 0.5673828125 0.3037109375 0.021484375 0.01171875
34 0.20166015625 0.19189453125 0.05078125 0.0126953125
14 0.14404296875 0.337890625 0.05078125 0.01171875
34 0.44580078125 0.21630859375 0.048828125 0.01171875
34 0.4228515625 0.2998046875 0.0458984375 0.01171875
14 0.4033203125 0.41552734375 0.048828125 0.0107421875
42 0.8359375 0.09375 0.05078125 0.013671875
14 0.38720703125 0.32861328125 0.0517578125 0.01171875
42 0.58154296875 0.1689453125 0.0546875 0.015625
42 0.82568359375 0.1787109375 0.0537109375 0.015625
13 0.59033203125 0.21875 0.021484375 0.013671875
18 0.2392578125 0.1591796875 0.05078125 0.01171875
14 0.162109375 0.42333984375 0.052734375 0.013671875
13 0.84912109375 0.2412109375 0.0234375 0.013671875
13 0.8251953125 0.32421875 0.0224609375 0.0146484375
13 0.77685546875 0.32080078125 0.068359375 0.01171875
13 0.61669921875 0.3076171875 0.068359375 0.0126953125
13 0.6396484375 0.22216796875 0.0673828125 0.015625
13 0.80126953125 0.23583984375 0.06640625 0.015625