22 0.833984375 0.88232421875 0.013671875 0.056640625
20 0.65087890625 0.48291015625 0.013671875 0.0556640625
45 0.47265625 0.81103515625 0.013671875 0.056640625
46 0.86328125 0.7841796875 0.015625 0.060546875
20 0.7353515625 0.50244140625 0.0126953125 0.0556640625
46 0.87939453125 0.54931640625 0.01171875 0.060546875
22 0.74609375 0.86572265625 0.0146484375 0.0556640625
46 0.79052734375 0.529296875 0.013671875 0.060546875
23 0.70458984375 0.85693359375 0.01171875 0.052734375
20 0.63671875 0.7109375 0.0126953125 0.0576171875
27 0.55224609375 0.5927734375 0.1396484375 0.314453125
23 0.61767578125 0.8408203125 0.01171875 0.0556640625
20 0.72119140625 0.73486328125 0.01171875 0.0595703125
45 0.55712890625 0.81201171875 0.01171875 0.0595703125
46 0.775390625 0.76171875 0.015625 0.05859375