51 0.41015625 0.31787109375 0.0517578125 0.01171875
23 0.212890625 0.32080078125 0.0517578125 0.0126953125
51 0.43701171875 0.40283203125 0.046875 0.01171875
23 0.17333984375 0.2314453125 0.052734375 0.015625
51 0.67431640625 0.3837890625 0.052734375 0.01171875
51 0.65478515625 0.29541015625 0.05078125 0.01171875
13 0.2724609375 0.35986328125 0.0283203125 0.017578125
13 0.31884765625 0.4404296875 0.01953125 0.015625
13 0.06640625 0.48388671875 0.0234375 0.0146484375
13 0.01513671875 0.4033203125 0.025390625 0.0146484375
13 0.06396484375 0.39404296875 0.0693359375 0.0146484375
13 0.22265625 0.369140625 0.0712890625 0.015625
13 0.27001953125 0.44970703125 0.0654296875 0.0166015625
13 0.1142578125 0.474609375 0.06640625 0.0166015625
43 0.125 0.15771484375 0.044921875 0.0224609375
43 0.0419921875 0.07666015625 0.048828125 0.021484375