28 0.8134765625 0.546875 0.17578125 0.37890625
28 0.52783203125 0.54833984375 0.13671875 0.3583984375
18 0.58544921875 0.43115234375 0.013671875 0.0625
7 0.787109375 0.4072265625 0.01171875 0.0595703125
18 0.5810546875 0.66455078125 0.01171875 0.0625
7 0.76611328125 0.64453125 0.013671875 0.056640625
18 0.50146484375 0.42626953125 0.013671875 0.060546875
7 0.85400390625 0.671875 0.0126953125 0.05859375
7 0.87548828125 0.4326171875 0.013671875 0.0595703125
27 0.66796875 0.58056640625 0.1298828125 0.328125
18 0.49609375 0.6591796875 0.01171875 0.0625