23 0.787109375 0.67919921875 0.05078125 0.0126953125
51 0.5634765625 0.59765625 0.046875 0.01171875
23 0.8271484375 0.7685546875 0.052734375 0.015625
51 0.58984375 0.68212890625 0.052734375 0.0126953125
49 0.44970703125 0.89990234375 0.052734375 0.013671875
51 0.326171875 0.61572265625 0.0537109375 0.01171875
49 0.7080078125 0.888671875 0.0546875 0.0126953125
49 0.69482421875 0.7958984375 0.0537109375 0.0126953125
32 0.77587890625 0.9833984375 0.0537109375 0.01171875
51 0.34619140625 0.705078125 0.05078125 0.01171875
49 0.43896484375 0.81005859375 0.0556640625 0.01171875
1 0.53515625 0.96630859375 0.052734375 0.0126953125
32 0.515625 0.99560546875 0.056640625 0.0087890625
1 0.791015625 0.96044921875 0.05078125 0.01171875
42 0.4365234375 0.7802734375 0.0546875 0.015625
43 0.95751953125 0.923828125 0.048828125 0.021484375
43 0.8740234375 0.84228515625 0.044921875 0.021484375
13 0.9326171875 0.5166015625 0.021484375 0.013671875
13 0.6806640625 0.55810546875 0.021484375 0.013671875
13 0.7265625 0.6396484375 0.0185546875 0.0146484375
13 0.9833984375 0.5966796875 0.0244140625 0.015625
13 0.93603515625 0.60546875 0.0673828125 0.015625
13 0.7744140625 0.63134765625 0.068359375 0.015625
13 0.72802734375 0.55126953125 0.06640625 0.013671875
13 0.88330078125 0.52490234375 0.0625 0.015625