23 0.67919921875 0.21240234375 0.0126953125 0.0517578125
49 0.8994140625 0.5498046875 0.013671875 0.0546875
23 0.76904296875 0.17236328125 0.015625 0.052734375
49 0.79638671875 0.3056640625 0.013671875 0.0546875
3 0.72265625 0.6083984375 0.0146484375 0.05078125
3 0.68212890625 0.36865234375 0.015625 0.052734375
49 0.81005859375 0.5595703125 0.0126953125 0.0546875
49 0.888671875 0.291015625 0.013671875 0.0546875
46 0.4423828125 0.1171875 0.0146484375 0.048828125
32 0.9833984375 0.22412109375 0.0126953125 0.052734375
3 0.63720703125 0.65087890625 0.01171875 0.05078125
46 0.41650390625 0.39794921875 0.015625 0.046875
46 0.3681640625 0.1767578125 0.015625 0.048828125
3 0.60009765625 0.412109375 0.015625 0.0546875
46 0.49267578125 0.3427734375 0.015625 0.048828125
35 0.4775390625 0.736328125 0.013671875 0.05078125
51 0.6025390625 0.6435546875 0.01171875 0.052734375
1 0.96044921875 0.2080078125 0.0126953125 0.05078125
32 0.99560546875 0.48583984375 0.0087890625 0.056640625
35 0.4296875 0.5126953125 0.0185546875 0.048828125
1 0.96630859375 0.46484375 0.013671875 0.052734375
35 0.5029296875 0.45849609375 0.015625 0.048828125
35 0.5537109375 0.6845703125 0.017578125 0.0537109375
13 0.64013671875 0.27392578125 0.0146484375 0.0244140625
13 0.55859375 0.31982421875 0.017578125 0.021484375
13 0.5166015625 0.0673828125 0.015625 0.0234375
13 0.59619140625 0.017578125 0.015625 0.025390625
13 0.60498046875 0.06640625 0.013671875 0.0673828125
13 0.63134765625 0.22412109375 0.013671875 0.064453125
13 0.55126953125 0.27197265625 0.0166015625 0.064453125
13 0.5244140625 0.11376953125 0.0166015625 0.0625
43 0.923828125 0.04345703125 0.0205078125 0.052734375
43 0.84228515625 0.12353515625 0.0205078125 0.046875
42 0.7802734375 0.5625 0.017578125 0.052734375
34 0.8447265625 0.673828125 0.033203125 0.0302734375
34 0.86767578125 0.82861328125 0.03125 0.025390625
34 0.72216796875 0.8828125 0.03125 0.0283203125
34 0.69921875 0.728515625 0.03125 0.0263671875
29 0.642578125 0.75537109375 0.03125 0.029296875
29 0.6689453125 0.90185546875 0.0302734375 0.033203125
29 0.53466796875 0.97119140625 0.0302734375 0.033203125
29 0.5068359375 0.82763671875 0.0302734375 0.029296875