27 0.44580078125 0.412109375 0.1328125 0.32421875
10 0.11865234375 0.44384765625 0.01171875 0.05078125
38 0.27294921875 0.25341796875 0.01171875 0.0546875
43 0.5126953125 0.20361328125 0.013671875 0.05859375
38 0.35595703125 0.27734375 0.01171875 0.0546875
43 0.43359375 0.177734375 0.013671875 0.05859375
38 0.33740234375 0.50537109375 0.0126953125 0.0546875
38 0.25390625 0.48193359375 0.01171875 0.05078125
12 0.3759765625 0.1650390625 0.013671875 0.052734375
10 0.22509765625 0.2314453125 0.013671875 0.0546875
10 0.14013671875 0.20654296875 0.013671875 0.0546875
10 0.2080078125 0.46630859375 0.01171875 0.0537109375
12 0.28857421875 0.13232421875 0.0146484375 0.052734375
54 0.24267578125 0.12158203125 0.015625 0.056640625
54 0.15478515625 0.09033203125 0.015625 0.052734375