30 0.67578125 0.361328125 0.013671875 0.048828125
45 0.9462890625 0.40087890625 0.015625 0.05078125
33 0.73046875 0.326171875 0.013671875 0.0517578125
30 0.65234375 0.6015625 0.0126953125 0.05078125
30 0.568359375 0.572265625 0.0126953125 0.052734375
45 0.8583984375 0.3681640625 0.013671875 0.048828125
33 0.818359375 0.35400390625 0.013671875 0.048828125
30 0.59521484375 0.33837890625 0.013671875 0.05078125
33 0.787109375 0.59912109375 0.01171875 0.05078125
45 0.91064453125 0.6376953125 0.013671875 0.048828125
45 0.82861328125 0.60498046875 0.013671875 0.05078125
33 0.7041015625 0.56640625 0.013671875 0.05078125