1 0.2138671875 0.61279296875 0.0546875 0.0126953125
14 0.20703125 0.74609375 0.0576171875 0.015625
17 0.2880859375 0.697265625 0.0546875 0.0126953125
17 0.30419921875 0.6083984375 0.0546875 0.01171875
1 0.2001953125 0.70068359375 0.0546875 0.013671875
15 0.24609375 0.5517578125 0.0576171875 0.013671875
7 0.33203125 0.552734375 0.052734375 0.01171875
7 0.55810546875 0.55712890625 0.052734375 0.013671875
7 0.5625 0.47705078125 0.05078125 0.013671875
7 0.33642578125 0.470703125 0.05078125 0.013671875
15 0.25830078125 0.46923828125 0.0546875 0.013671875
15 0.02783203125 0.46142578125 0.0546875 0.015625
50 0.32666015625 0.73779296875 0.060546875 0.0146484375
17 0.52392578125 0.6162109375 0.0537109375 0.013671875