23 0.78759765625 0.67919921875 0.052734375 0.0126953125
23 0.82763671875 0.76953125 0.0537109375 0.0166015625
3 0.4091796875 0.7236328125 0.0498046875 0.0146484375
3 0.65380859375 0.6806640625 0.052734375 0.015625
46 0.8828125 0.4423828125 0.048828125 0.0146484375
41 0.44677734375 0.8046875 0.05078125 0.0166015625
1 0.5341796875 0.96484375 0.0537109375 0.013671875
46 0.60205078125 0.41650390625 0.046875 0.015625
46 0.8232421875 0.3681640625 0.048828125 0.015625
49 0.71337890625 0.8984375 0.0537109375 0.0126953125
41 0.68896484375 0.763671875 0.056640625 0.017578125
41 0.73193359375 0.85107421875 0.052734375 0.015625
32 0.51611328125 0.99560546875 0.0595703125 0.0087890625
46 0.6572265625 0.49267578125 0.048828125 0.015625
1 0.791015625 0.96337890625 0.0556640625 0.013671875
32 0.77490234375 0.98388671875 0.056640625 0.0126953125
34 0.26953125 0.701171875 0.02734375 0.03125
41 0.49462890625 0.892578125 0.0537109375 0.017578125
43 0.95751953125 0.92529296875 0.0458984375 0.0244140625
43 0.8759765625 0.84375 0.04296875 0.02734375
42 0.4501953125 0.77978515625 0.0546875 0.0244140625
13 0.9833984375 0.59716796875 0.0234375 0.015625
13 0.93310546875 0.51708984375 0.029296875 0.013671875
13 0.88427734375 0.525390625 0.06640625 0.013671875
13 0.72998046875 0.5498046875 0.0625 0.013671875
13 0.68115234375 0.55859375 0.0263671875 0.015625
13 0.7275390625 0.64013671875 0.0234375 0.015625
13 0.77490234375 0.6298828125 0.064453125 0.013671875
13 0.931640625 0.60498046875 0.072265625 0.0146484375
34 0.32666015625 0.84521484375 0.029296875 0.03125
34 0.1689453125 0.86767578125 0.025390625 0.03125
34 0.11865234375 0.7216796875 0.021484375 0.029296875
29 0.24560546875 0.64111328125 0.03125 0.029296875
29 0.09375 0.66845703125 0.033203125 0.029296875
29 0.02685546875 0.533203125 0.0322265625 0.02734375
29 0.173828125 0.50830078125 0.033203125 0.02734375
39 0.5419921875 0.5048828125 0.041015625 0.0205078125
39 0.46923828125 0.4326171875 0.046875 0.01953125
39 0.3330078125 0.56787109375 0.044921875 0.021484375
39 0.2626953125 0.494140625 0.0458984375 0.0205078125
53 0.6064453125 0.66162109375 0.05078125 0.0205078125
53 0.5537109375 0.578125 0.052734375 0.0205078125
53 0.37451171875 0.70849609375 0.052734375 0.0234375
53 0.32373046875 0.625 0.056640625 0.025390625