16 0.22509765625 0.24853515625 0.013671875 0.060546875
27 0.4462890625 0.4130859375 0.125 0.3203125
16 0.12353515625 0.46484375 0.015625 0.060546875
16 0.140625 0.2294921875 0.0146484375 0.05859375
22 0.16650390625 0.1201171875 0.013671875 0.05859375
41 0.251953125 0.50732421875 0.015625 0.056640625
48 0.435546875 0.1943359375 0.013671875 0.060546875
22 0.25537109375 0.1337890625 0.013671875 0.05859375
16 0.21142578125 0.4833984375 0.0146484375 0.0595703125
23 0.38232421875 0.162109375 0.0126953125 0.05859375
48 0.51611328125 0.20458984375 0.0146484375 0.05859375
23 0.2958984375 0.140625 0.01171875 0.0537109375
41 0.27978515625 0.27734375 0.013671875 0.0576171875
41 0.36572265625 0.31494140625 0.013671875 0.0546875
41 0.33447265625 0.5390625 0.0185546875 0.052734375