54 0.5302734375 0.701171875 0.01171875 0.0546875
10 0.30615234375 0.4755859375 0.0126953125 0.052734375
4 0.3564453125 0.095703125 0.013671875 0.056640625
10 0.32861328125 0.708984375 0.013671875 0.0556640625
38 0.5537109375 0.3642578125 0.01171875 0.0546875
4 0.34814453125 0.33447265625 0.01171875 0.05859375
54 0.45263671875 0.46337890625 0.0126953125 0.0546875
4 0.443359375 0.1142578125 0.013671875 0.0546875
38 0.56201171875 0.13232421875 0.01171875 0.052734375
38 0.470703125 0.35302734375 0.01171875 0.05078125
38 0.4814453125 0.123046875 0.0126953125 0.0546875
4 0.43359375 0.34912109375 0.0107421875 0.052734375
54 0.4453125 0.6953125 0.01171875 0.052734375
34 0.29541015625 0.30078125 0.0126953125 0.056640625
10 0.4150390625 0.6787109375 0.013671875 0.05078125
10 0.39111328125 0.45166015625 0.013671875 0.0546875
54 0.53759765625 0.4736328125 0.0126953125 0.052734375
34 0.291015625 0.06103515625 0.01171875 0.056640625
34 0.208984375 0.30224609375 0.013671875 0.0576171875
13 0.2802734375 0.6796875 0.0166015625 0.03125
34 0.20458984375 0.06640625 0.013671875 0.056640625
13 0.18798828125 0.7060546875 0.017578125 0.033203125
13 0.26416015625 0.4169921875 0.015625 0.029296875
13 0.17236328125 0.43115234375 0.017578125 0.033203125