21 0.46337890625 0.3974609375 0.0576171875 0.013671875
26 0.7431640625 0.52783203125 0.0546875 0.013671875
26 0.9716796875 0.54052734375 0.056640625 0.0126953125
26 0.76171875 0.4443359375 0.0546875 0.01171875
21 0.69189453125 0.38671875 0.0576171875 0.0126953125
26 0.982421875 0.455078125 0.03515625 0.01171875
6 0.4228515625 0.43798828125 0.0556640625 0.015625
6 0.40380859375 0.51513671875 0.0546875 0.013671875
6 0.64892578125 0.453125 0.056640625 0.01171875
6 0.6279296875 0.5361328125 0.0546875 0.01171875
3 0.759765625 0.3896484375 0.052734375 0.013671875
21 0.44921875 0.314453125 0.0556640625 0.013671875
52 0.4501953125 0.15234375 0.0517578125 0.013671875
52 0.4296875 0.2373046875 0.0537109375 0.01171875