18 0.57763671875 0.43310546875 0.037109375 0.0087890625
18 0.43994140625 0.47998046875 0.03515625 0.0078125
11 0.77734375 0.48681640625 0.0361328125 0.0078125
18 0.5732421875 0.482421875 0.0380859375 0.0087890625
5 0.5458984375 0.70947265625 0.0390625 0.0087890625
18 0.44091796875 0.43115234375 0.037109375 0.0078125
24 0.5595703125 0.62841796875 0.0361328125 0.0078125
50 0.77587890625 0.59619140625 0.037109375 0.0078125
11 0.65380859375 0.42822265625 0.033203125 0.0087890625
5 0.5634765625 0.66015625 0.041015625 0.0078125
19 0.5693359375 0.50927734375 0.03515625 0.0078125
19 0.43212890625 0.50390625 0.03515625 0.0068359375
50 0.77783203125 0.646484375 0.03515625 0.0087890625
19 0.5615234375 0.5576171875 0.0361328125 0.0078125
11 0.7900390625 0.43603515625 0.03515625 0.0078125
24 0.5634765625 0.578125 0.0322265625 0.0078125
11 0.64453125 0.4775390625 0.03515625 0.0078125
19 0.4287109375 0.552734375 0.033203125 0.0078125
24 0.4296875 0.57421875 0.033203125 0.0078125
27 0.71337890625 0.541015625 0.2109375 0.0859375
50 0.6357421875 0.59912109375 0.03515625 0.009765625
50 0.64111328125 0.6494140625 0.0361328125 0.009765625