21 0.6025390625 0.46337890625 0.013671875 0.0576171875
26 0.47216796875 0.7431640625 0.013671875 0.0546875
26 0.45947265625 0.9716796875 0.0126953125 0.056640625
26 0.5556640625 0.76171875 0.01171875 0.0546875
21 0.61328125 0.69189453125 0.0126953125 0.0576171875
26 0.544921875 0.982421875 0.01171875 0.03515625
6 0.56201171875 0.4228515625 0.015625 0.0556640625
6 0.48486328125 0.40380859375 0.013671875 0.0546875
6 0.546875 0.64892578125 0.01171875 0.056640625
6 0.4638671875 0.6279296875 0.01171875 0.0546875
3 0.6103515625 0.759765625 0.013671875 0.052734375
21 0.685546875 0.44921875 0.013671875 0.0556640625
52 0.84765625 0.4501953125 0.013671875 0.0517578125
52 0.7626953125 0.4296875 0.01171875 0.0537109375