52 0.7890625 0.84814453125 0.02734375 0.021484375
16 0.67919921875 0.8623046875 0.0234375 0.0224609375
16 0.67822265625 0.96630859375 0.029296875 0.0185546875
16 0.763671875 0.96923828125 0.02734375 0.01953125
27 0.56640625 0.91064453125 0.126953125 0.146484375
35 0.61572265625 0.7822265625 0.0263671875 0.015625
37 0.833984375 0.21533203125 0.0263671875 0.025390625
52 0.79296875 0.74658203125 0.025390625 0.0166015625
35 0.53173828125 0.78759765625 0.025390625 0.017578125
35 0.52978515625 0.68310546875 0.0224609375 0.01953125
35 0.61572265625 0.67626953125 0.0263671875 0.021484375
16 0.76416015625 0.86474609375 0.025390625 0.0185546875
52 0.70751953125 0.83935546875 0.02734375 0.0224609375
52 0.708984375 0.73779296875 0.02734375 0.017578125
47 0.73876953125 0.71728515625 0.0283203125 0.0205078125
47 0.7392578125 0.611328125 0.02734375 0.0205078125
47 0.8271484375 0.6240234375 0.025390625 0.017578125
54 0.85302734375 0.18798828125 0.02734375 0.017578125
23 0.5244140625 0.25634765625 0.0283203125 0.029296875
23 0.52099609375 0.15185546875 0.029296875 0.025390625
23 0.607421875 0.25244140625 0.025390625 0.033203125
23 0.60888671875 0.14794921875 0.02734375 0.033203125
47 0.81982421875 0.724609375 0.0234375 0.01953125
53 0.794921875 0.45654296875 0.02734375 0.015625
53 0.79541015625 0.35009765625 0.029296875 0.025390625
53 0.87841796875 0.3505859375 0.025390625 0.0244140625
53 0.87890625 0.45751953125 0.02734375 0.01953125
37 0.83154296875 0.31787109375 0.0234375 0.01953125
37 0.91650390625 0.3212890625 0.025390625 0.01953125
37 0.9189453125 0.212890625 0.029296875 0.0234375
54 0.935546875 0.19091796875 0.025390625 0.02734375
40 0.7373046875 0.58447265625 0.02734375 0.01953125
40 0.73876953125 0.482421875 0.0283203125 0.0341796875
40 0.822265625 0.58447265625 0.0283203125 0.02734375
40 0.82568359375 0.47900390625 0.029296875 0.025390625