54 0.70703125 0.7412109375 0.02734375 0.025390625
10 0.73193359375 0.7490234375 0.0234375 0.0263671875
37 0.7783203125 0.74267578125 0.029296875 0.0224609375
37 0.865234375 0.84130859375 0.0283203125 0.01953125
37 0.86181640625 0.736328125 0.0283203125 0.02734375
47 0.7607421875 0.60888671875 0.03125 0.02734375
47 0.763671875 0.7099609375 0.02734375 0.025390625
47 0.84765625 0.701171875 0.029296875 0.0224609375
47 0.84228515625 0.59716796875 0.029296875 0.02734375
26 0.763671875 0.44970703125 0.025390625 0.0283203125
27 0.64255128515625 0.972179470703125 0.6486206181640625 0.958959283203125 0.638244025390625 0.8281491201171876 0.5881231171875 0.8406734931640625 0.508015935546875 0.83893399609375 0.5039044619140625 0.9645256689453126 0.51446562890625 0.9838200009765625 0.53879977734375 0.9927055263671875 0.5630314638671875 0.9840224697265625 0.6237703837890625 0.9874870224609374 0.64255128515625 0.972179470703125
28 0.5011210205078125 0.0861391904296875 0.49812045703125 0.230099099609375 0.61280873828125 0.2407628134765625 0.61880983984375 0.1151681943359375 0.6134755068359375 0.086731654296875 0.5011210205078125 0.0861391904296875
28 0.5709815078125 0.8440900693359376 0.6060544423828125 0.814264162109375 0.6190678466796875 0.814071091796875 0.62416890625 0.803999623046875 0.638055123046875 0.800474625 0.664676291015625 0.7528317587890625 0.62255848046875 0.614152421875 0.5823167587890625 0.656956162109375 0.521057107421875 0.6626082138671875 0.51959362890625 0.684712818359375 0.501391369140625 0.69040190625 0.506513572265625 0.824329734375 0.52517302734375 0.82758041015625 0.530146609375 0.838302943359375 0.543925259765625 0.8374126318359375 0.5709815078125 0.8440900693359376
16 0.51416015625 0.21435546875 0.02734375 0.0244140625
16 0.5146484375 0.10986328125 0.0263671875 0.0234375
16 0.59912109375 0.11572265625 0.029296875 0.0263671875
16 0.59912109375 0.21728515625 0.029296875 0.0234375
51 0.59912109375 0.26611328125 0.02734375 0.025390625
51 0.515625 0.2587890625 0.029296875 0.03125
51 0.51220703125 0.361328125 0.029296875 0.0244140625
51 0.59521484375 0.3662109375 0.03125 0.029296875
44 0.9462890625 0.189453125 0.03125 0.03515625
24 0.916015625 0.22607421875 0.0302734375 0.02734375
24 0.91064453125 0.330078125 0.03125 0.0322265625
19 0.521484375 0.806640625 0.0263671875 0.0283203125
39 0.80517578125 0.35107421875 0.0283203125 0.03125
30 0.802734375 0.45751953125 0.02734375 0.0263671875
39 0.88671875 0.46142578125 0.029296875 0.0224609375
39 0.88916015625 0.35595703125 0.0244140625 0.02734375
38 0.5146484375 0.40673828125 0.029296875 0.02734375
38 0.60009765625 0.40771484375 0.029296875 0.03125
38 0.513671875 0.509765625 0.0283203125 0.0234375
13 0.89990234375 0.81787109375 0.013671875 0.09765625