27 0.43408203125 0.0869140625 0.126953125 0.1611328125
52 0.2119140625 0.25244140625 0.025390625 0.017578125
52 0.29541015625 0.1533203125 0.02734375 0.0224609375
52 0.29345703125 0.26171875 0.0283203125 0.0244140625
47 0.26123046875 0.27880859375 0.0283203125 0.0205078125
47 0.259765625 0.38134765625 0.02734375 0.0205078125
47 0.1748046875 0.38037109375 0.025390625 0.017578125
23 0.4755859375 0.74365234375 0.0283203125 0.029296875
23 0.47900390625 0.84814453125 0.029296875 0.025390625
23 0.392578125 0.74755859375 0.025390625 0.033203125
23 0.39111328125 0.85205078125 0.02734375 0.033203125
47 0.17626953125 0.275390625 0.0244140625 0.01953125
37 0.08349609375 0.6787109375 0.025390625 0.01953125
40 0.26513671875 0.40625 0.0224609375 0.0234375
54 0.24072265625 0.51611328125 0.0263671875 0.021484375
54 0.2421875 0.4091796875 0.0234375 0.0263671875
54 0.15966796875 0.4072265625 0.0234375 0.021484375
54 0.15771484375 0.51171875 0.02734375 0.0234375
53 0.32275390625 0.02734375 0.025390625 0.021484375
53 0.32177734375 0.1357421875 0.025390625 0.02734375
53 0.2373046875 0.03076171875 0.025390625 0.01953125
26 0.2333984375 0.54248046875 0.0263671875 0.029296875
26 0.14794921875 0.544921875 0.0244140625 0.0224609375
26 0.14697265625 0.64697265625 0.025390625 0.0205078125
52 0.212890625 0.15234375 0.0302734375 0.0166015625
53 0.236328125 0.13232421875 0.029296875 0.0224609375
1 0.46778674609375 0.209593607421875 0.4648507333984375 0.19075587890625 0.4391868310546875 0.195099080078125 0.4422420576171875 0.213557580078125 0.46778674609375 0.209593607421875
28 0.3481612607421875 0.1994595732421875 0.3542717158203125 0.34604204296875 0.4709814052734375 0.352556802734375 0.480758134765625 0.334098302734375 0.488555857421875 0.3130332177734375 0.4777029072265625 0.1831726318359375 0.46059362109375 0.162542490234375 0.37871353515625 0.197287931640625 0.3481612607421875 0.1994595732421875
5 0.470368513671875 0.2317552890625 0.4738953623046875 0.214751798828125 0.4508150712890625 0.2143824853515625 0.4508150712890625 0.2295836474609375 0.470368513671875 0.2317552890625
5 0.38134765625 0.22900390625 0.029296875 0.025390625
5 0.380859375 0.3330078125 0.02734375 0.025390625