32 0.83837890625 0.0703125 0.025390625 0.0263671875
32 0.830078125 0.17236328125 0.025390625 0.0263671875
28 0.645853326171875 0.78091056640625 0.66107841015625 0.7722531943359375 0.660469416015625 0.744116859375 0.636718287109375 0.6207497666015624 0.5755919580078125 0.6618558564453125 0.5226872529296875 0.6566121845703125 0.514917619140625 0.6932549453125 0.518930625 0.79130696484375 0.532570375 0.8339033896484375 0.641359572265625 0.8002966279296875 0.645853326171875 0.78091056640625
41 0.697265625 0.98681640625 0.02734375 0.0263671875
41 0.6943359375 0.88818359375 0.029296875 0.0234375
27 0.582194826171875 0.985416103515625 0.622136880859375 0.9863883486328126 0.6298047783203125 0.9766502099609375 0.6459076015625 0.96949671875 0.6360629072265624 0.840732810546875 0.6249147861328125 0.8286269482421875 0.5750579404296875 0.840732810546875 0.5102722177734375 0.8396336630859375 0.505627169921875 0.854490861328125 0.5025304716796875 0.9645443056640625 0.513368916015625 0.9843539169921875 0.524826697265625 0.9854544765625 0.535355470703125 0.9975603388671875 0.582194826171875 0.985416103515625
52 0.73291015625 0.88037109375 0.02734375 0.0283203125
52 0.73681640625 0.986328125 0.029296875 0.02734375
52 0.81591796875 0.8720703125 0.03125 0.02734375
28 0.6319794013671876 0.2433164228515625 0.6269203544921875 0.1147643359375 0.5539853935546875 0.12694434765625 0.5094241728515625 0.130029427734375 0.5075268466796875 0.2585989609375 0.5166331279296875 0.271184435546875 0.5499343603515625 0.266799892578125 0.621861306640625 0.271184435546875 0.6319794013671876 0.2433164228515625
16 0.52685546875 0.14453125 0.025390625 0.0283203125
16 0.6103515625 0.2470703125 0.0302734375 0.03125
16 0.52587890625 0.244140625 0.03125 0.0302734375
16 0.61083984375 0.1474609375 0.03125 0.0283203125
52 0.8173828125 0.9736328125 0.0302734375 0.0224609375
51 0.51806640625 0.29541015625 0.03125 0.0234375
51 0.513671875 0.39794921875 0.029296875 0.02734375
51 0.5966796875 0.41259765625 0.03125 0.02734375
51 0.6015625 0.30712890625 0.02734375 0.029296875
47 0.8466796875 0.7021484375 0.029296875 0.025390625
40 0.67919921875 0.7470703125 0.02734375 0.025390625
40 0.6796875 0.84912109375 0.02734375 0.03125
10 0.7333984375 0.85107421875 0.025390625 0.0341796875
10 0.73291015625 0.74658203125 0.025390625 0.025390625
47 0.76513671875 0.712890625 0.0283203125 0.025390625
47 0.76220703125 0.6083984375 0.02734375 0.02734375
47 0.841796875 0.6015625 0.029296875 0.0263671875
54 0.70556640625 0.740234375 0.025390625 0.0234375
54 0.70654296875 0.841796875 0.0234375 0.02734375
26 0.84765625 0.45263671875 0.02734375 0.029296875
13 0.6005859375 0.49853515625 0.044921875 0.021484375
37 0.77978515625 0.74365234375 0.025390625 0.0263671875
37 0.7802734375 0.8466796875 0.025390625 0.0234375
37 0.865234375 0.83837890625 0.0283203125 0.01953125
37 0.86474609375 0.73388671875 0.02734375 0.0263671875
12 0.806640625 0.21240234375 0.025390625 0.029296875
44 0.86572265625 0.07421875 0.029296875 0.0302734375
44 0.861328125 0.1787109375 0.02734375 0.0244140625
19 0.625 0.76953125 0.029296875 0.02734375