52 0.15185546875 0.7890625 0.021484375 0.02734375
16 0.1376953125 0.67919921875 0.0224609375 0.0234375
16 0.03369140625 0.67822265625 0.0185546875 0.029296875
16 0.03076171875 0.763671875 0.01953125 0.02734375
27 0.091796875 0.5693359375 0.140625 0.1240234375
35 0.2177734375 0.61572265625 0.015625 0.0263671875
37 0.78466796875 0.833984375 0.025390625 0.0263671875
52 0.25341796875 0.79296875 0.017578125 0.025390625
35 0.21240234375 0.53173828125 0.017578125 0.025390625
35 0.31689453125 0.52978515625 0.01953125 0.0224609375
35 0.32373046875 0.61572265625 0.021484375 0.0263671875
16 0.13525390625 0.76416015625 0.0185546875 0.025390625
52 0.16064453125 0.70751953125 0.0224609375 0.02734375
52 0.26220703125 0.708984375 0.017578125 0.02734375
47 0.28271484375 0.73876953125 0.0205078125 0.0283203125
47 0.388671875 0.7392578125 0.0205078125 0.02734375
47 0.3759765625 0.8271484375 0.017578125 0.025390625
54 0.81201171875 0.85302734375 0.017578125 0.02734375
54 0.91455078125 0.8544921875 0.03125 0.0263671875
23 0.74365234375 0.5244140625 0.029296875 0.0283203125
23 0.84814453125 0.52099609375 0.025390625 0.029296875
23 0.74755859375 0.607421875 0.033203125 0.025390625
23 0.85205078125 0.60888671875 0.033203125 0.02734375