32 0.16162109375 0.9296875 0.025390625 0.0263671875
32 0.169921875 0.82763671875 0.025390625 0.0263671875
28 0.412109375 0.2724609375 0.146484375 0.212890625
41 0.302734375 0.01318359375 0.02734375 0.0263671875
41 0.3056640625 0.11181640625 0.029296875 0.0234375
27 0.4248046875 0.09765625 0.1455078125 0.16796875
52 0.26708984375 0.11962890625 0.02734375 0.0283203125
52 0.26318359375 0.013671875 0.029296875 0.02734375
52 0.18408203125 0.1279296875 0.03125 0.02734375
28 0.43017578125 0.80712890625 0.125 0.15625
16 0.47314453125 0.85546875 0.025390625 0.0283203125
16 0.3896484375 0.7529296875 0.0302734375 0.03125
16 0.47412109375 0.755859375 0.03125 0.0302734375
16 0.38916015625 0.8525390625 0.03125 0.0283203125
52 0.1826171875 0.0263671875 0.0302734375 0.0224609375
51 0.48193359375 0.70458984375 0.03125 0.0234375
51 0.486328125 0.60205078125 0.029296875 0.02734375
51 0.4033203125 0.58740234375 0.03125 0.02734375
51 0.3984375 0.69287109375 0.02734375 0.029296875
47 0.1533203125 0.2978515625 0.029296875 0.025390625
40 0.32080078125 0.2529296875 0.02734375 0.025390625
40 0.3203125 0.15087890625 0.02734375 0.03125
10 0.2666015625 0.14892578125 0.025390625 0.0341796875
10 0.26708984375 0.25341796875 0.025390625 0.025390625
47 0.23486328125 0.287109375 0.0283203125 0.025390625
47 0.23779296875 0.3916015625 0.02734375 0.02734375
47 0.158203125 0.3984375 0.029296875 0.0263671875
54 0.29443359375 0.259765625 0.025390625 0.0234375
54 0.29345703125 0.158203125 0.0234375 0.02734375
26 0.23291015625 0.6591796875 0.025390625 0.029296875
26 0.1513671875 0.65234375 0.02734375 0.0263671875
26 0.15234375 0.54736328125 0.02734375 0.029296875
26 0.23486328125 0.5556640625 0.029296875 0.025390625
13 0.3994140625 0.50146484375 0.044921875 0.021484375
13 0.4521484375 0.39599609375 0.044921875 0.017578125
13 0.4830517197265625 0.5201946572265626 0.4849434140625 0.3864091953125 0.3676583427734375 0.3803585869140625 0.36538830078125 0.5161609345703125 0.4830517197265625 0.5201946572265626
37 0.22021484375 0.25634765625 0.025390625 0.02734375
37 0.2197265625 0.1533203125 0.025390625 0.0234375
37 0.134765625 0.16162109375 0.0283203125 0.01953125
37 0.13525390625 0.26611328125 0.02734375 0.0263671875
12 0.193359375 0.78759765625 0.025390625 0.029296875
12 0.1982421875 0.68310546875 0.025390625 0.0234375
12 0.1142578125 0.6787109375 0.02734375 0.02734375
12 0.109375 0.78125 0.0263671875 0.0234375
2 0.4365234375 0.2041015625 0.025390625 0.02734375
5 0.35546875 0.23583984375 0.0234375 0.021484375
2 0.45654296875 0.298828125 0.0234375 0.029296875
2 0.37646484375 0.3544921875 0.0224609375 0.029296875
2 0.35595703125 0.25830078125 0.0234375 0.02734375
44 0.13427734375 0.92578125 0.029296875 0.0302734375
44 0.138671875 0.8212890625 0.02734375 0.0244140625
44 0.05078125 0.9150390625 0.0341796875 0.0302734375
44 0.0537109375 0.81103515625 0.033203125 0.029296875