32 0.16162109375 0.9296875 0.025390625 0.0263671875
32 0.169921875 0.82763671875 0.025390625 0.0263671875
28 0.354146673828125 0.21908943359375 0.33892158984375 0.2277468056640625 0.339530583984375 0.255883140625 0.363281712890625 0.3792502333984375 0.4244080419921875 0.3381441435546875 0.4773127470703125 0.3433878154296875 0.485082380859375 0.3067450546875 0.481069375 0.20869303515625 0.467429625 0.1660966103515625 0.358640427734375 0.1997033720703125 0.354146673828125 0.21908943359375
41 0.302734375 0.01318359375 0.02734375 0.0263671875
41 0.3056640625 0.11181640625 0.029296875 0.0234375
27 0.417805173828125 0.014583896484375 0.377863119140625 0.0136116513671875 0.3701952216796875 0.0233497900390625 0.3540923984375 0.03050328125 0.3639370927734375 0.159267189453125 0.3750852138671875 0.1713730517578125 0.4249420595703125 0.159267189453125 0.4897277822265625 0.1603663369140625 0.494372830078125 0.145509138671875 0.4974695283203125 0.0354556943359375 0.486631083984375 0.0156460830078125 0.475173302734375 0.0145455234375 0.464644529296875 0.0024396611328125 0.417805173828125 0.014583896484375
52 0.26708984375 0.11962890625 0.02734375 0.0283203125
52 0.26318359375 0.013671875 0.029296875 0.02734375
52 0.18408203125 0.1279296875 0.03125 0.02734375
28 0.3680205986328125 0.7566835771484375 0.3730796455078125 0.8852356640625 0.4460146064453125 0.87305565234375 0.4905758271484375 0.869970572265625 0.4924731533203125 0.7414010390625 0.4833668720703125 0.728815564453125 0.4500656396484375 0.733200107421875 0.378138693359375 0.728815564453125 0.3680205986328125 0.7566835771484375
16 0.47314453125 0.85546875 0.025390625 0.0283203125
16 0.3896484375 0.7529296875 0.0302734375 0.03125
16 0.47412109375 0.755859375 0.03125 0.0302734375
16 0.38916015625 0.8525390625 0.03125 0.0283203125
52 0.1826171875 0.0263671875 0.0302734375 0.0224609375
51 0.48193359375 0.70458984375 0.03125 0.0234375
51 0.486328125 0.60205078125 0.029296875 0.02734375
51 0.4033203125 0.58740234375 0.03125 0.02734375
51 0.3984375 0.69287109375 0.02734375 0.029296875
47 0.1533203125 0.2978515625 0.029296875 0.025390625
40 0.32080078125 0.2529296875 0.02734375 0.025390625
40 0.3203125 0.15087890625 0.02734375 0.03125
10 0.2666015625 0.14892578125 0.025390625 0.0341796875
10 0.26708984375 0.25341796875 0.025390625 0.025390625
47 0.23486328125 0.287109375 0.0283203125 0.025390625
47 0.23779296875 0.3916015625 0.02734375 0.02734375
47 0.158203125 0.3984375 0.029296875 0.0263671875
54 0.29443359375 0.259765625 0.025390625 0.0234375
54 0.29345703125 0.158203125 0.0234375 0.02734375
26 0.15234375 0.54736328125 0.02734375 0.029296875
13 0.3994140625 0.50146484375 0.044921875 0.021484375
37 0.22021484375 0.25634765625 0.025390625 0.02734375
37 0.2197265625 0.1533203125 0.025390625 0.0234375
37 0.134765625 0.16162109375 0.0283203125 0.01953125
37 0.13525390625 0.26611328125 0.02734375 0.0263671875
12 0.193359375 0.78759765625 0.025390625 0.029296875
44 0.13427734375 0.92578125 0.029296875 0.0302734375
44 0.138671875 0.8212890625 0.02734375 0.0244140625
19 0.375 0.23046875 0.029296875 0.02734375