47 0.72119140625 0.26123046875 0.0205078125 0.0283203125
47 0.61962890625 0.1748046875 0.017578125 0.025390625
23 0.25634765625 0.4755859375 0.029296875 0.0283203125
23 0.15185546875 0.47900390625 0.025390625 0.029296875
23 0.25244140625 0.392578125 0.0341796875 0.025390625
23 0.14794921875 0.39111328125 0.033203125 0.02734375
47 0.724609375 0.17626953125 0.01953125 0.0244140625
37 0.21533203125 0.16748046875 0.0244140625 0.0234375
32 0.0849609375 0.169921875 0.0263671875 0.0234375
32 0.18896484375 0.16943359375 0.0263671875 0.025390625
16 0.0869140625 0.14013671875 0.02734375 0.029296875
16 0.1865234375 0.14013671875 0.02734375 0.0234375
28 0.8046534052734375 0.4758682412109375 0.834478337890625 0.4682859619140625 0.814067712890625 0.407214755859375 0.8102100927734375 0.3565356552734375 0.6604820751953125 0.352158447265625 0.6585375849609375 0.3685729921875 0.642009125 0.37295019921875 0.6544168583984376 0.408097779296875 0.6245084931640625 0.491682076171875 0.7489576982421875 0.509190927734375 0.7697420302734375 0.47984176171875 0.78464801953125 0.480283255859375 0.8046534052734375 0.4758682412109375
10 0.7609156337890625 0.4192510400390625 0.785592919921875 0.42312705078125 0.798180578125 0.3960722177734375 0.775037080078125 0.3934232158203125 0.7609156337890625 0.4192510400390625
10 0.6632422470703125 0.40569852734375 0.6816260791015625 0.4088053876953125 0.6969768525390625 0.3836234541015625 0.6730488115234375 0.380974443359375 0.6632422470703125 0.40569852734375
10 0.72622563671875 0.50157504296875 0.747800078125 0.5037825498046875 0.7619215244140625 0.48104521875 0.7399548271484375 0.479058470703125 0.72622563671875 0.50157504296875
10 0.6262153994140625 0.48736025 0.641945697265625 0.489083849609375 0.6579886923828125 0.4655059248046875 0.63798327734375 0.461973916015625 0.6262153994140625 0.48736025
5 0.7770487138671875 0.47419249609375 0.79509281640625 0.4728679951171875 0.789993390625 0.44726090625 0.773518375 0.4485854150390625 0.7770487138671875 0.47419249609375
41 0.9765625 0.30419921875 0.02734375 0.0234375
41 0.8740234375 0.3056640625 0.0234375 0.029296875
27 0.9862028154296875 0.3769341337890625 0.9716189189453125 0.374198376953125 0.9638408115234375 0.3561423818359375 0.8150851123046875 0.371462619140625 0.8345303076171875 0.4901944794921875 0.854947748046875 0.4951188515625 0.9693687548828125 0.4974557685546875 0.9813415166015625 0.4765156982421875 0.999814466796875 0.4715913369140625 0.9852305703125 0.4168761884765625 0.9862028154296875 0.3769341337890625
5 0.75601483984375 0.391560763671875 0.776432353515625 0.3893721494140625 0.770598736328125 0.3636560458984375 0.7482368056640625 0.3631088828125 0.75601483984375 0.391560763671875
52 1 0.2510014462890625 0.9822928232421875 0.252359693359375 0.985968998046875 0.2769504326171875 1 0.2751103515625 1 0.2510014462890625
52 0.8786334345703125 0.2851204091796875 0.8998285380859375 0.2829517041015625 0.8934057705078124 0.2569273603515625 0.8728529345703125 0.2590960517578125 0.8786334345703125 0.2851204091796875
52 0.9685521806640625 0.196418548828125 0.988597708984375 0.192855294921875 0.9820399833984375 0.1667797119140625 0.959560296875 0.1696713037109375 0.9685521806640625 0.196418548828125
15 0.738240478515625 0.324205021484375 0.7612409580078126 0.3196207490234375 0.74399058984375 0.2983173798828125 0.7176358486328125 0.30182299609375 0.738240478515625 0.324205021484375
15 0.6428842294921875 0.33445220703125 0.660806111328125 0.330089052734375 0.640009173828125 0.3120701875 0.6184462041015625 0.3158454736328125 0.6428842294921875 0.33445220703125