41 0.888671875 0.3017578125 0.0234375 0.02734375
41 0.9912109375 0.29931640625 0.017578125 0.0283203125
0 0.9716796875 0.1416015625 0.02734375 0.03125
26 0.44970703125 0.234375 0.0283203125 0.029296875
16 0.21435546875 0.48583984375 0.0244140625 0.02734375
16 0.10986328125 0.4853515625 0.0234375 0.0263671875
16 0.11572265625 0.40087890625 0.0263671875 0.029296875
16 0.21728515625 0.40087890625 0.0244140625 0.029296875
51 0.26611328125 0.40087890625 0.025390625 0.02734375
51 0.2587890625 0.484375 0.03125 0.029296875
51 0.361328125 0.48779296875 0.0244140625 0.029296875
51 0.3662109375 0.40478515625 0.029296875 0.03125
32 0.0693359375 0.16455078125 0.025390625 0.0283203125
32 0.17236328125 0.17138671875 0.0283203125 0.029296875
44 0.1767578125 0.13818359375 0.0283203125 0.02734375
44 0.07373046875 0.1337890625 0.0302734375 0.02734375
24 0.21337890625 0.16650390625 0.0302734375 0.029296875
12 0.212890625 0.1943359375 0.0263671875 0.02734375
26 0.34619140625 0.2333984375 0.0263671875 0.029296875
44 0.08251953125 0.0498046875 0.02734375 0.033203125
39 0.35107421875 0.19482421875 0.03125 0.0283203125
39 0.45751953125 0.197265625 0.0263671875 0.02734375
38 0.40673828125 0.4853515625 0.02734375 0.029296875
38 0.40771484375 0.39990234375 0.03125 0.029296875
38 0.509765625 0.486328125 0.0234375 0.0283203125
13 0.8720703125 0.068359375 0.2119140625 0.078125
13 0.828125 0.10009765625 0.0830078125 0.0078125
13 0.91357421875 0.037109375 0.07421875 0.009765625
38 0.51171875 0.40234375 0.02734375 0.025390625
0 0.98095703125 0.2265625 0.02734375 0.029296875
24 0.31591796875 0.17236328125 0.029296875 0.029296875
27 0.91064453125 0.435546875 0.146484375 0.123046875
28 0.73681640625 0.4296875 0.1689453125 0.140625
28 0.16015625 0.4423828125 0.154296875 0.125
10 0.8544921875 0.26953125 0.02734375 0.029296875
52 0.88330078125 0.267578125 0.03125 0.029296875
0 0.87548828125 0.2294921875 0.03125 0.029296875
37 0.73876953125 0.22412109375 0.029296875 0.0283203125
37 0.83984375 0.2236328125 0.029296875 0.029296875
4 0.6044921875 0.21923828125 0.029296875 0.029296875
4 0.70751953125 0.2197265625 0.02734375 0.02734375
4 0.59765625 0.1357421875 0.033203125 0.03125
39 0.46142578125 0.11474609375 0.037109375 0.03125
39 0.36083984375 0.11181640625 0.0322265625 0.03515625
24 0.328125 0.08740234375 0.0361328125 0.0302734375
24 0.22705078125 0.08349609375 0.0341796875 0.033203125
44 0.18798828125 0.0546875 0.0341796875 0.03125
52 0.98486328125 0.26318359375 0.02734375 0.0263671875
46 0.6689453125 0.447265625 0.0341796875 0.0283203125
46 0.76904296875 0.466796875 0.03515625 0.0302734375
46 0.81201171875 0.38525390625 0.0390625 0.03125
46 0.7158203125 0.369140625 0.03515625 0.0302734375