32 0.83837890625 0.0703125 0.025390625 0.0263671875
32 0.830078125 0.17236328125 0.025390625 0.0263671875
28 0.587890625 0.7275390625 0.146484375 0.212890625
41 0.697265625 0.98681640625 0.02734375 0.0263671875
27 0.5751953125 0.90869140625 0.1455078125 0.181640625
52 0.73681640625 0.986328125 0.029296875 0.02734375
52 0.81591796875 0.8720703125 0.03125 0.02734375
28 0.5693359375 0.19287109375 0.125 0.15625
16 0.52685546875 0.14453125 0.025390625 0.0283203125
16 0.6103515625 0.2470703125 0.0302734375 0.03125
16 0.52587890625 0.244140625 0.03125 0.0302734375
16 0.61083984375 0.1474609375 0.03125 0.0283203125
52 0.8173828125 0.9736328125 0.0302734375 0.0224609375
51 0.51806640625 0.29541015625 0.03125 0.0234375
51 0.513671875 0.39794921875 0.029296875 0.02734375
51 0.5966796875 0.41259765625 0.03125 0.02734375
51 0.6015625 0.30712890625 0.02734375 0.029296875
47 0.8466796875 0.7021484375 0.029296875 0.025390625
26 0.76708984375 0.3408203125 0.025390625 0.029296875
26 0.76513671875 0.4443359375 0.029296875 0.025390625
13 0.6005859375 0.49853515625 0.044921875 0.021484375
13 0.5478515625 0.60400390625 0.044921875 0.017578125
13 0.5169482802734375 0.4798053427734375 0.5150565859375 0.6135908046875 0.6323416572265625 0.6196414130859375 0.63461169921875 0.4838390654296875 0.5169482802734375 0.4798053427734375
37 0.7802734375 0.8466796875 0.025390625 0.0234375
37 0.865234375 0.83837890625 0.0283203125 0.01953125
37 0.86474609375 0.73388671875 0.02734375 0.0263671875
12 0.806640625 0.21240234375 0.025390625 0.029296875
12 0.8017578125 0.31689453125 0.025390625 0.0234375
12 0.890625 0.21875 0.0263671875 0.0234375
2 0.56396484375 0.79736328125 0.0244140625 0.02734375
2 0.5439453125 0.7001953125 0.0234375 0.0322265625
2 0.62451171875 0.64599609375 0.025390625 0.03515625
44 0.86572265625 0.07421875 0.029296875 0.0302734375
44 0.861328125 0.1787109375 0.02734375 0.0244140625
44 0.94921875 0.0849609375 0.0341796875 0.0302734375