41 0.10498046875 0.69482421875 0.017578125 0.02734375
41 0.005859375 0.69970703125 0.01171875 0.025390625
52 0.0205078125 0.736328125 0.0302734375 0.0283203125
52 0.12255859375 0.73486328125 0.0283203125 0.02734375
52 0.02294921875 0.82080078125 0.02734375 0.03125
52 0.12841796875 0.8173828125 0.02734375 0.02734375
40 0.14501953125 0.6796875 0.0224609375 0.0263671875
40 0.24951171875 0.6787109375 0.025390625 0.02734375
54 0.1533203125 0.70751953125 0.025390625 0.025390625
54 0.2587890625 0.70703125 0.025390625 0.02734375
10 0.146484375 0.73486328125 0.01953125 0.02734375
10 0.2509765625 0.73193359375 0.0263671875 0.0234375
37 0.1552734375 0.78173828125 0.0234375 0.025390625
37 0.25732421875 0.7783203125 0.0224609375 0.029296875
37 0.15869140625 0.865234375 0.01953125 0.0283203125
37 0.263671875 0.86181640625 0.02734375 0.0283203125
47 0.39111328125 0.7607421875 0.02734375 0.03125
47 0.2900390625 0.763671875 0.025390625 0.02734375
47 0.298828125 0.84765625 0.0224609375 0.029296875
47 0.40283203125 0.84228515625 0.02734375 0.029296875
26 0.55029296875 0.763671875 0.0283203125 0.025390625
26 0.54833984375 0.84765625 0.025390625 0.0302734375
26 0.6533203125 0.84814453125 0.025390625 0.029296875
12 0.6748046875 0.88623046875 0.0283203125 0.02734375
27 0.027820529296875 0.64255128515625 0.041040716796875 0.6486206181640625 0.1718508798828125 0.638244025390625 0.1593265068359375 0.5881231171875 0.16106600390625 0.508015935546875 0.0354743310546875 0.5039044619140625 0.0161799990234375 0.51446562890625 0.0072944736328125 0.53879977734375 0.0159775302734375 0.5630314638671875 0.0125129775390625 0.6237703837890625 0.027820529296875 0.64255128515625
28 0.7567141689453125 0.63242917578125 0.871120984375 0.6274187587890625 0.88492098046875 0.620153669921875 0.8724564169921875 0.5545172021484375 0.873346796875 0.509673984375 0.74031682421875 0.5081538759765625 0.7295592978515625 0.5191937685546875 0.7344560439453125 0.5515109501953125 0.7273334853515625 0.6214062744140625 0.7567141689453125 0.63242917578125
28 0.185735837890625 0.6060544423828125 0.1848454921875 0.6323591201171875 0.2471682412109375 0.664676291015625 0.3633556796875 0.634363275390625 0.3424330556640625 0.511357552734375 0.2177875234375 0.5068481845703126 0.161697056640625 0.530146609375 0.1625873681640625 0.543925259765625 0.1559099306640625 0.5709815078125 0.185735837890625 0.6060544423828125
39 0.22265625 0.525390625 0.025390625 0.025390625
24 0.3501188125 0.623346005859375 0.3274155322265625 0.6183355888671875 0.313170345703125 0.63512049609375 0.3363187822265625 0.6371246513671875 0.3501188125 0.623346005859375
24 0.2535185654296875 0.5662272587890625 0.2472175048828125 0.579530837890625 0.2682089072265625 0.582260615234375 0.278447658203125 0.5672293466796875 0.2535185654296875 0.5662272587890625
24 0.2468411279296875 0.609066326171875 0.2238425927734375 0.6052014990234375 0.210337783203125 0.6220934013671875 0.2325959072265625 0.6250996630859375 0.2468411279296875 0.609066326171875
16 0.75048828125 0.52734375 0.0244140625 0.02734375
16 0.85693359375 0.52587890625 0.0234375 0.0263671875
16 0.85546875 0.6103515625 0.0263671875 0.029296875
16 0.75048828125 0.6103515625 0.0234375 0.029296875
51 0.69384765625 0.60107421875 0.025390625 0.02734375
51 0.70263671875 0.517578125 0.03125 0.029296875
51 0.599609375 0.51318359375 0.0244140625 0.029296875