27 0.0869140625 0.56591796875 0.1611328125 0.126953125
52 0.25244140625 0.7880859375 0.017578125 0.025390625
47 0.38037109375 0.8251953125 0.017578125 0.025390625
23 0.74365234375 0.5244140625 0.029296875 0.0283203125
23 0.84814453125 0.52099609375 0.025390625 0.029296875
23 0.74755859375 0.607421875 0.033203125 0.025390625
23 0.85205078125 0.60888671875 0.033203125 0.02734375
47 0.275390625 0.82373046875 0.01953125 0.0244140625
54 0.4072265625 0.84033203125 0.021484375 0.0234375
54 0.51171875 0.84228515625 0.0234375 0.02734375
53 0.02734375 0.67724609375 0.021484375 0.025390625
53 0.03076171875 0.7626953125 0.01953125 0.025390625
26 0.544921875 0.85205078125 0.0224609375 0.0244140625
52 0.15234375 0.787109375 0.0166015625 0.0302734375
53 0.13232421875 0.763671875 0.0224609375 0.029296875
1 0.2158203125 0.53857421875 0.03515625 0.02734375
1 0.31591796875 0.537109375 0.03125 0.025390625
1 0.32421875 0.62255859375 0.025390625 0.02734375
32 0.9150390625 0.82958984375 0.01953125 0.02734375