47 0.61865234375 0.259765625 0.0205078125 0.02734375
23 0.25634765625 0.4755859375 0.029296875 0.0283203125
23 0.15185546875 0.47900390625 0.025390625 0.029296875
23 0.25244140625 0.392578125 0.0341796875 0.025390625
23 0.14794921875 0.39111328125 0.033203125 0.02734375
54 0.48388671875 0.24072265625 0.021484375 0.0263671875
54 0.5908203125 0.2421875 0.0263671875 0.0234375
53 0.97265625 0.32275390625 0.021484375 0.025390625
26 0.45751953125 0.2333984375 0.029296875 0.0263671875
37 0.21533203125 0.16748046875 0.0244140625 0.0234375
37 0.3203125 0.16845703125 0.0263671875 0.0234375
32 0.0849609375 0.169921875 0.0263671875 0.0234375
32 0.18896484375 0.16943359375 0.0263671875 0.025390625
16 0.0869140625 0.14013671875 0.02734375 0.029296875
16 0.1865234375 0.14013671875 0.02734375 0.0234375
28 0.8046534052734375 0.4764153740234375 0.834478337890625 0.4688330947265625 0.814067712890625 0.407761888671875 0.8015152919921875 0.341315931640625 0.6548090849609375 0.3450687041015625 0.6544168583984376 0.362507998046875 0.64264898046875 0.367585271484375 0.6544168583984376 0.408644912109375 0.62460487890625 0.4856869111328125 0.7567973828125 0.501801716796875 0.7697420302734375 0.48038889453125 0.78464801953125 0.480830388671875 0.8046534052734375 0.4764153740234375
26 0.3505859375 0.2314453125 0.02734375 0.029296875
10 0.7609156337890625 0.4121380751953125 0.785592919921875 0.4160140859375 0.798180578125 0.3889592529296875 0.775037080078125 0.3863102509765625 0.7609156337890625 0.4121380751953125
10 0.6632422470703125 0.401321298828125 0.6816260791015625 0.404428158203125 0.6969768525390625 0.3792462255859375 0.6730488115234375 0.37659721484375 0.6632422470703125 0.401321298828125
10 0.72914237109375 0.4950092314453125 0.7507168125 0.49721673828125 0.764838259765625 0.4744794072265625 0.7428715615234375 0.4724926591796875 0.72914237109375 0.4950092314453125
10 0.6310766982421875 0.4835301962890625 0.64680699609375 0.485253794921875 0.6628499912109375 0.4616758701171875 0.642844576171875 0.4581438623046875 0.6310766982421875 0.4835301962890625
5 0.78288233203125 0.4665323876953125 0.80092643359375 0.46520788671875 0.7958270087890625 0.4396007978515625 0.7793519921875 0.4409253076171875 0.78288233203125 0.4665323876953125
41 0.9765625 0.30419921875 0.02734375 0.0234375
41 0.8740234375 0.3056640625 0.0234375 0.029296875
52 0.861328125 0.26220703125 0.0244140625 0.03125
52 0.96923828125 0.2666015625 0.0205078125 0.029296875
27 0.9862028154296875 0.3769341337890625 0.9716189189453125 0.374198376953125 0.9638408115234375 0.3561423818359375 0.8150851123046875 0.371462619140625 0.8345303076171875 0.4901944794921875 0.854947748046875 0.4951188515625 0.9693687548828125 0.4974557685546875 0.9813415166015625 0.4765156982421875 0.999814466796875 0.4715913369140625 0.9852305703125 0.4168761884765625 0.9862028154296875 0.3769341337890625