41 0.888671875 0.3017578125 0.0234375 0.02734375
41 0.9912109375 0.29931640625 0.017578125 0.0283203125
0 0.9716796875 0.1416015625 0.02734375 0.03125
16 0.21435546875 0.48583984375 0.0244140625 0.02734375
16 0.10986328125 0.4853515625 0.0234375 0.0263671875
16 0.11572265625 0.40087890625 0.0263671875 0.029296875
16 0.21728515625 0.40087890625 0.0244140625 0.029296875
51 0.26611328125 0.40087890625 0.025390625 0.02734375
51 0.2587890625 0.484375 0.03125 0.029296875
51 0.361328125 0.48779296875 0.0244140625 0.029296875
51 0.3662109375 0.40478515625 0.029296875 0.03125
32 0.0693359375 0.16455078125 0.025390625 0.0283203125
39 0.45751953125 0.197265625 0.0263671875 0.02734375
38 0.40673828125 0.4853515625 0.02734375 0.029296875
38 0.40771484375 0.39990234375 0.03125 0.029296875
38 0.509765625 0.486328125 0.0234375 0.0283203125
13 0.8720703125 0.068359375 0.2119140625 0.078125
13 0.828125 0.10009765625 0.0830078125 0.0078125
13 0.91357421875 0.037109375 0.07421875 0.009765625
0 0.98095703125 0.2265625 0.02734375 0.029296875
27 0.9169921875 0.4365234375 0.142578125 0.12109375
28 0.732421875 0.42626953125 0.1943359375 0.1494140625
28 0.16015625 0.4423828125 0.154296875 0.125
10 0.8544921875 0.26953125 0.02734375 0.029296875
52 0.88330078125 0.267578125 0.03125 0.029296875
0 0.87548828125 0.2294921875 0.03125 0.029296875
37 0.73876953125 0.22412109375 0.029296875 0.0283203125
37 0.83984375 0.2236328125 0.029296875 0.029296875
4 0.70751953125 0.2197265625 0.02734375 0.02734375
4 0.59765625 0.1357421875 0.033203125 0.03125
39 0.46142578125 0.11474609375 0.037109375 0.03125
39 0.36083984375 0.11181640625 0.0322265625 0.03515625
24 0.328125 0.08740234375 0.0361328125 0.0302734375
52 0.98486328125 0.26318359375 0.02734375 0.0263671875
37 0.83349609375 0.13818359375 0.029296875 0.03125
37 0.728515625 0.13916015625 0.03125 0.03125
0 0.86669921875 0.146484375 0.025390625 0.02734375
4 0.70068359375 0.134765625 0.02734375 0.029296875
4 0.6044921875 0.21923828125 0.03125 0.02734375
13 0.78662109375 0.44921875 0.01953125 0.0546875
54 0.74658203125 0.2998046875 0.0234375 0.029296875
10 0.7509765625 0.2724609375 0.03125 0.0244140625
54 0.8525390625 0.29541015625 0.02734375 0.025390625