28 0.5576171875 0.16015625 0.125 0.154296875
41 0.69873046875 0.8876953125 0.0283203125 0.025390625
41 0.70068359375 0.9912109375 0.0283203125 0.017578125
0 0.8583984375 0.9716796875 0.03125 0.02734375
16 0.51416015625 0.21435546875 0.02734375 0.0244140625
16 0.5146484375 0.10986328125 0.0263671875 0.0234375
16 0.59912109375 0.11572265625 0.029296875 0.0263671875
16 0.59912109375 0.21728515625 0.029296875 0.0234375
51 0.59814453125 0.2626953125 0.02734375 0.025390625
51 0.515625 0.2587890625 0.029296875 0.03125
51 0.51220703125 0.361328125 0.029296875 0.0244140625
38 0.51513671875 0.39306640625 0.02734375 0.025390625
38 0.513671875 0.498046875 0.0283203125 0.0234375
13 0.931640625 0.8720703125 0.0791015625 0.2119140625
13 0.89990234375 0.828125 0.0078125 0.0830078125
13 0.962890625 0.91357421875 0.009765625 0.07421875
0 0.7734375 0.98046875 0.029296875 0.0341796875
10 0.73046875 0.8544921875 0.029296875 0.02734375
52 0.732421875 0.88330078125 0.029296875 0.0322265625
0 0.76904296875 0.87744140625 0.03125 0.03515625
37 0.77783203125 0.73876953125 0.0283203125 0.0283203125
37 0.77978515625 0.84130859375 0.029296875 0.029296875
52 0.73779296875 0.98486328125 0.0283203125 0.02734375
37 0.8642578125 0.8359375 0.03125 0.029296875
37 0.86083984375 0.73291015625 0.03125 0.03125
0 0.85546875 0.869140625 0.03125 0.03125
10 0.7275390625 0.75341796875 0.0263671875 0.03125
38 0.59765625 0.39892578125 0.029296875 0.025390625
51 0.5966796875 0.3623046875 0.0302734375 0.025390625
38 0.59814453125 0.5029296875 0.03125 0.02734375
1 0.96875 0.18701171875 0.0322265625 0.041015625
1 0.8837890625 0.1767578125 0.029296875 0.0341796875
1 0.97265625 0.08251953125 0.029296875 0.02734375
27 0.560546875 0.8720703125 0.119140625 0.15234375
2 0.796875 0.69287109375 0.03125 0.033203125
45 0.7666015625 0.69580078125 0.0302734375 0.029296875
4 0.734375 0.6943359375 0.029296875 0.03125
34 0.6728515625 0.6943359375 0.029296875 0.03125
9 0.6279296875 0.6982421875 0.029296875 0.02734375
9 0.62548828125 0.59326171875 0.02734375 0.0361328125
47 0.70654296875 0.6845703125 0.0283203125 0.0341796875
4 0.7333984375 0.58642578125 0.0283203125 0.0302734375
45 0.76708984375 0.58935546875 0.0244140625 0.0302734375
34 0.6689453125 0.58935546875 0.029296875 0.029296875
2 0.7958984375 0.587890625 0.029296875 0.0380859375
2 0.880859375 0.5830078125 0.03125 0.03125
2 0.8798828125 0.6826171875 0.03125 0.041015625
14 0.71240234375 0.50048828125 0.03125 0.03515625
50 0.681640625 0.51318359375 0.03125 0.0244140625
22 0.64404296875 0.49951171875 0.03125 0.029296875
22 0.64599609375 0.39697265625 0.033203125 0.0341796875
50 0.67626953125 0.412109375 0.02734375 0.0205078125
42 0.71044921875 0.39892578125 0.03125 0.0283203125
26 0.74560546875 0.50341796875 0.033203125 0.02734375
26 0.748046875 0.39697265625 0.029296875 0.0234375
39 0.779296875 0.50390625 0.029296875 0.0302734375
39 0.779296875 0.40380859375 0.025390625 0.044921875
39 0.86083984375 0.400390625 0.033203125 0.02734375
39 0.86181640625 0.50390625 0.03125 0.0302734375
3 0.646484375 0.35595703125 0.0302734375 0.0244140625
3 0.64453125 0.2529296875 0.029296875 0.0361328125
8 0.681640625 0.36083984375 0.029296875 0.0205078125
8 0.6806640625 0.25830078125 0.02734375 0.0361328125
11 0.71484375 0.365234375 0.0244140625 0.02734375
12 0.90380859375 0.27197265625 0.029296875 0.041015625
12 0.8916015625 0.37060546875 0.025390625 0.0400390625
24 0.91943359375 0.41943359375 0.033203125 0.0283203125
24 0.92431640625 0.3193359375 0.029296875 0.033203125
25 0.83447265625 0.357421875 0.033203125 0.02734375
25 0.837890625 0.25244140625 0.029296875 0.0341796875