28 0.7275390625 0.43017578125 0.1826171875 0.134765625
41 0.888671875 0.3017578125 0.0234375 0.02734375
41 0.9912109375 0.29931640625 0.017578125 0.0283203125
0 0.9716796875 0.1416015625 0.02734375 0.03125
16 0.21435546875 0.48583984375 0.0244140625 0.02734375
16 0.10986328125 0.4853515625 0.0234375 0.0263671875
16 0.11572265625 0.40087890625 0.0263671875 0.029296875
16 0.21728515625 0.40087890625 0.0244140625 0.029296875
51 0.26611328125 0.40087890625 0.025390625 0.02734375
51 0.2587890625 0.484375 0.03125 0.029296875
51 0.361328125 0.48779296875 0.0244140625 0.029296875
38 0.39306640625 0.48486328125 0.025390625 0.02734375
38 0.498046875 0.486328125 0.0234375 0.0283203125
13 0.8720703125 0.068359375 0.2119140625 0.078125
13 0.828125 0.10009765625 0.0830078125 0.0078125
13 0.91357421875 0.037109375 0.07421875 0.009765625
0 0.98095703125 0.2265625 0.02734375 0.029296875
28 0.16015625 0.4423828125 0.154296875 0.125
10 0.8544921875 0.26953125 0.02734375 0.029296875
52 0.88330078125 0.267578125 0.03125 0.029296875
0 0.87548828125 0.2294921875 0.03125 0.029296875
37 0.73876953125 0.22412109375 0.029296875 0.0283203125
37 0.83984375 0.2236328125 0.029296875 0.029296875
39 0.46142578125 0.11474609375 0.037109375 0.03125
52 0.98486328125 0.26318359375 0.02734375 0.0263671875
37 0.83349609375 0.13818359375 0.029296875 0.03125
37 0.728515625 0.13916015625 0.03125 0.03125
0 0.86669921875 0.146484375 0.025390625 0.02734375
10 0.75341796875 0.2724609375 0.03125 0.0263671875
27 0.90771484375 0.4208984375 0.17578125 0.146484375
39 0.359375 0.11279296875 0.02734375 0.0302734375
24 0.328125 0.08935546875 0.02734375 0.02734375
48 0.76220703125 0.3837890625 0.0341796875 0.029296875
45 0.6943359375 0.115234375 0.021484375 0.033203125
45 0.70458984375 0.1962890625 0.029296875 0.0263671875
26 0.44677734375 0.234375 0.03125 0.0283203125
24 0.31396484375 0.1728515625 0.02734375 0.025390625
24 0.22705078125 0.0849609375 0.03515625 0.033203125
45 0.60205078125 0.20068359375 0.0263671875 0.0302734375
45 0.58935546875 0.1181640625 0.03125 0.029296875
39 0.45654296875 0.19775390625 0.02734375 0.02734375
39 0.3515625 0.1953125 0.0302734375 0.029296875
48 0.6630859375 0.3935546875 0.0322265625 0.033203125
48 0.689453125 0.47607421875 0.03515625 0.0302734375
48 0.79150390625 0.46728515625 0.037109375 0.0302734375
1 0.185546875 0.02978515625 0.03125 0.0283203125