37 0.08349609375 0.6787109375 0.025390625 0.01953125
32 0.169921875 0.9150390625 0.0234375 0.0263671875
16 0.14013671875 0.9130859375 0.029296875 0.02734375
28 0.3512371875 0.2028722255859375 0.3577227490234375 0.252263041015625 0.3549432255859375 0.295068451171875 0.3577227490234375 0.3337578974609375 0.4781690849609375 0.3428128681640625 0.4841913974609375 0.2168663271484375 0.4682859619140625 0.165521662109375 0.3628185654296875 0.169945015625 0.3609655380859375 0.1872317880859375 0.3512371875 0.2028722255859375
26 0.2314453125 0.6494140625 0.029296875 0.02734375
41 0.30419921875 0.0234375 0.0234375 0.02734375
41 0.3056640625 0.1259765625 0.029296875 0.0234375
27 0.3769341337890625 0.0137971845703125 0.374198376953125 0.0283810810546875 0.3561423818359375 0.0361591884765625 0.371462619140625 0.1849148876953125 0.4901944794921875 0.1654696923828125 0.4951188515625 0.145052251953125 0.4974557685546875 0.0306312451171875 0.4765156982421875 0.0186584833984375 0.4715913369140625 0.000185533203125 0.4168761884765625 0.0147694296875 0.3769341337890625 0.0137971845703125
52 0.265625 0.123046875 0.02734375 0.0283203125
52 0.265625 0.01806640625 0.0224609375 0.02734375
52 0.1826171875 0.1181640625 0.03125 0.02734375
10 0.4599609375 0.310546875 0.0234375 0.03125
10 0.46923828125 0.2080078125 0.02734375 0.0234375
28 0.371726294921875 0.86145059375 0.4866135576171875 0.88861556640625 0.498194935546875 0.7544371611328125 0.49173044140625 0.7381036044921875 0.3842341865234375 0.7190403857421875 0.3735793046875 0.72974175390625 0.371726294921875 0.86145059375
15 0.47216796875 0.86474609375 0.025390625 0.0283203125
10 0.3837890625 0.19140625 0.0263671875 0.0302734375
15 0.39599609375 0.74560546875 0.0302734375 0.03125
15 0.48095703125 0.75927734375 0.03125 0.0302734375
15 0.3896484375 0.84716796875 0.03125 0.0283203125
52 0.1826171875 0.01708984375 0.029296875 0.033203125
40 0.32958984375 0.154296875 0.0234375 0.02734375
54 0.243727068359375 0.1718976259765625 0.24525989453125 0.1512996044921875 0.2161360185546875 0.1358077451171875 0.2126871650390625 0.158109021484375 0.243727068359375 0.1718976259765625
54 0.230697970703125 0.269102494140625 0.2329972314453125 0.25088691015625 0.2065558037109375 0.24731237890625 0.204256587890625 0.26569778515625 0.230697970703125 0.269102494140625
47 0.187395375 0.28953074609375 0.1897576181640625 0.258971072265625 0.16248683203125 0.24731237890625 0.15788833984375 0.2765928427734375 0.187395375 0.28953074609375
47 0.1774319716796875 0.3875864189453125 0.18018028515625 0.370493794921875 0.1521402119140625 0.35558207421875 0.15060737109375 0.3766913095703125 0.1774319716796875 0.3875864189453125
54 0.3211351982421875 0.1703659423828125 0.2958434296875 0.1635565244140625 0.2943106044921875 0.1846657080078125 0.321518408203125 0.188751400390625 0.3211351982421875 0.1703659423828125