41 0.111328125 0.6982421875 0.0234375 0.02734375
41 0.0087890625 0.70068359375 0.017578125 0.0283203125
0 0.0283203125 0.8583984375 0.02734375 0.03125
16 0.78564453125 0.51416015625 0.0244140625 0.02734375
16 0.89013671875 0.5146484375 0.0234375 0.0263671875
16 0.88427734375 0.59912109375 0.0263671875 0.029296875
16 0.78271484375 0.59912109375 0.0234375 0.029296875
51 0.73388671875 0.59912109375 0.025390625 0.02734375
51 0.7412109375 0.515625 0.03125 0.029296875
51 0.638671875 0.51220703125 0.0244140625 0.029296875
51 0.6337890625 0.59521484375 0.029296875 0.03125
38 0.60693359375 0.51513671875 0.025390625 0.02734375
38 0.60009765625 0.599609375 0.03125 0.029296875
38 0.501953125 0.513671875 0.0234375 0.0283203125
13 0.1279296875 0.931640625 0.2119140625 0.078125
13 0.171875 0.89990234375 0.0830078125 0.0078125
13 0.08642578125 0.962890625 0.07421875 0.009765625
38 0.498046875 0.59765625 0.03125 0.029296875
0 0.01904296875 0.7734375 0.02734375 0.029296875
28 0.83984375 0.5576171875 0.154296875 0.125
10 0.1455078125 0.73046875 0.02734375 0.029296875
52 0.11669921875 0.732421875 0.03125 0.029296875
0 0.12451171875 0.7705078125 0.03125 0.029296875
37 0.26123046875 0.77587890625 0.029296875 0.0283203125
37 0.16015625 0.7763671875 0.029296875 0.029296875
4 0.29248046875 0.7802734375 0.02734375 0.02734375
4 0.40234375 0.8642578125 0.033203125 0.03125
39 0.53857421875 0.88525390625 0.037109375 0.03125
52 0.01513671875 0.73681640625 0.02734375 0.0263671875
37 0.16650390625 0.86181640625 0.029296875 0.03125
37 0.271484375 0.86083984375 0.03125 0.03125
0 0.13330078125 0.853515625 0.025390625 0.02734375
4 0.29931640625 0.865234375 0.02734375 0.029296875
4 0.3955078125 0.78076171875 0.03125 0.02734375
10 0.24658203125 0.7275390625 0.03125 0.0263671875
27 0.0947265625 0.57177734375 0.1611328125 0.134765625
39 0.640625 0.88720703125 0.02734375 0.0302734375
24 0.671875 0.91064453125 0.02734375 0.02734375
31 0.31884765625 0.52392578125 0.03515625 0.03125
31 0.212890625 0.53173828125 0.033203125 0.029296875