47 0.38134765625 0.740234375 0.0205078125 0.02734375
23 0.74365234375 0.5244140625 0.029296875 0.0283203125
23 0.84814453125 0.52099609375 0.025390625 0.029296875
23 0.74755859375 0.607421875 0.033203125 0.025390625
23 0.85205078125 0.60888671875 0.033203125 0.02734375
54 0.51611328125 0.75927734375 0.021484375 0.0263671875
54 0.4091796875 0.7578125 0.0263671875 0.0234375
53 0.02734375 0.67724609375 0.021484375 0.025390625
26 0.54248046875 0.7666015625 0.029296875 0.0263671875
37 0.78466796875 0.83251953125 0.0234375 0.0234375
37 0.6796875 0.83154296875 0.0263671875 0.0234375
32 0.9150390625 0.830078125 0.0263671875 0.0234375
32 0.81103515625 0.83056640625 0.0263671875 0.025390625
16 0.9130859375 0.85986328125 0.02734375 0.029296875
16 0.8134765625 0.85986328125 0.02734375 0.0234375
28 0.1953465947265625 0.5235846259765625 0.165521662109375 0.5311669052734375 0.185932287109375 0.592238111328125 0.1984847080078125 0.658684068359375 0.3451909150390625 0.6549312958984375 0.3455831416015625 0.637492001953125 0.35735101953125 0.632414728515625 0.3455831416015625 0.591355087890625 0.37539512109375 0.5143130888671875 0.2432026171875 0.498198283203125 0.2302579697265625 0.51961110546875 0.21535198046875 0.519169611328125 0.1953465947265625 0.5235846259765625
26 0.6494140625 0.7685546875 0.02734375 0.029296875
10 0.2390843662109375 0.5878619248046875 0.214407080078125 0.5839859140625 0.201819421875 0.6110407470703125 0.224962919921875 0.6136897490234375 0.2390843662109375 0.5878619248046875
10 0.3367577529296875 0.598678701171875 0.3183739208984375 0.595571841796875 0.3030231474609375 0.6207537744140625 0.3269511884765625 0.62340278515625 0.3367577529296875 0.598678701171875
10 0.27085762890625 0.5049907685546875 0.2492831875 0.50278326171875 0.235161740234375 0.5255205927734375 0.2571284384765625 0.5275073408203125 0.27085762890625 0.5049907685546875
10 0.3689233017578125 0.5164698037109375 0.35319300390625 0.514746205078125 0.3371500087890625 0.5383241298828125 0.357155423828125 0.5418561376953125 0.3689233017578125 0.5164698037109375
5 0.21711766796875 0.5334676123046875 0.19907356640625 0.53479211328125 0.2041729912109375 0.5603992021484375 0.2206480078125 0.5590746923828125 0.21711766796875 0.5334676123046875
41 0.0234375 0.69580078125 0.02734375 0.0234375
41 0.1259765625 0.6943359375 0.0234375 0.029296875
52 0.138671875 0.73779296875 0.0244140625 0.03125
52 0.03076171875 0.7333984375 0.0205078125 0.029296875
27 0.0137971845703125 0.6230658662109375 0.0283810810546875 0.625801623046875 0.0361591884765625 0.6438576181640625 0.1849148876953125 0.628537380859375 0.1654696923828125 0.5098055205078125 0.145052251953125 0.5048811484375 0.0306312451171875 0.5025442314453125 0.0186584833984375 0.5234843017578125 0.000185533203125 0.5284086630859375 0.0147694296875 0.5831238115234375 0.0137971845703125 0.6230658662109375