27 0.43408203125 0.0869140625 0.126953125 0.1611328125
52 0.29443359375 0.15673828125 0.02734375 0.0224609375
52 0.2919921875 0.26220703125 0.02734375 0.017578125
47 0.25927734375 0.27392578125 0.0283203125 0.0205078125
47 0.259765625 0.38134765625 0.02734375 0.0205078125
47 0.1748046875 0.38037109375 0.025390625 0.017578125
23 0.4755859375 0.74365234375 0.0283203125 0.029296875
23 0.47900390625 0.84814453125 0.029296875 0.025390625
23 0.392578125 0.74755859375 0.025390625 0.033203125
23 0.39111328125 0.85205078125 0.02734375 0.033203125
47 0.17626953125 0.275390625 0.0244140625 0.01953125
37 0.08349609375 0.6787109375 0.025390625 0.01953125
54 0.2421875 0.5087890625 0.0263671875 0.021484375
54 0.24169921875 0.40625 0.0244140625 0.01953125
54 0.1591796875 0.4072265625 0.0244140625 0.021484375
54 0.15966796875 0.5107421875 0.025390625 0.0234375
53 0.32275390625 0.02734375 0.025390625 0.021484375
53 0.32177734375 0.1357421875 0.025390625 0.02734375
53 0.2373046875 0.03076171875 0.025390625 0.01953125
26 0.23095703125 0.54248046875 0.0263671875 0.029296875
26 0.14794921875 0.544921875 0.0244140625 0.0224609375
26 0.14697265625 0.64697265625 0.025390625 0.0205078125
52 0.212890625 0.15283203125 0.0302734375 0.0166015625
53 0.236328125 0.13232421875 0.029296875 0.0224609375
37 0.16748046875 0.78466796875 0.0234375 0.0234375
37 0.16845703125 0.6796875 0.0234375 0.0263671875
37 0.08251953125 0.7802734375 0.0302734375 0.0234375
45 0.45751953125 0.33544921875 0.0283203125 0.0234375
45 0.37353515625 0.3291015625 0.03125 0.0224609375
45 0.37744140625 0.224609375 0.029296875 0.021484375
45 0.46044921875 0.23291015625 0.0302734375 0.021484375
32 0.169921875 0.9150390625 0.0234375 0.0263671875
32 0.16943359375 0.81103515625 0.025390625 0.0263671875
16 0.14013671875 0.9130859375 0.029296875 0.02734375
16 0.0556640625 0.91552734375 0.033203125 0.02734375
16 0.056640625 0.81396484375 0.033203125 0.025390625
16 0.14111328125 0.810546875 0.0234375 0.02734375
1 0.45361328125 0.203125 0.0234375 0.017578125
26 0.2314453125 0.646484375 0.025390625 0.0263671875
28 0.4189453125 0.26708984375 0.1416015625 0.19140625