41 0.16845703125 0.71435546875 0.025390625 0.0283203125
41 0.06494140625 0.7216796875 0.0234375 0.0283203125
51 0.77783203125 0.587890625 0.025390625 0.02734375
51 0.77294921875 0.5068359375 0.03125 0.029296875
51 0.669921875 0.5078125 0.0244140625 0.029296875
38 0.63671875 0.51123046875 0.025390625 0.02734375
38 0.53173828125 0.51416015625 0.0234375 0.0283203125
10 0.205078125 0.74267578125 0.02734375 0.029296875
52 0.17822265625 0.75 0.03125 0.029296875
0 0.18603515625 0.78271484375 0.03515625 0.03125
37 0.21484375 0.78955078125 0.029296875 0.029296875
52 0.07666015625 0.7578125 0.02734375 0.0283203125
10 0.31396484375 0.73681640625 0.03125 0.0263671875
38 0.64453125 0.59326171875 0.025390625 0.029296875
51 0.67626953125 0.5927734375 0.025390625 0.0302734375
38 0.54150390625 0.59814453125 0.02734375 0.03125
13 0.12841796875 0.59130859375 0.154296875 0.119140625
4 0.36865234375 0.7392578125 0.03125 0.029296875
34 0.36376953125 0.677734375 0.03125 0.029296875
9 0.35009765625 0.63037109375 0.02734375 0.029296875
9 0.4541015625 0.62744140625 0.0361328125 0.02734375
47 0.47705078125 0.70947265625 0.0341796875 0.0283203125
4 0.47119140625 0.7373046875 0.0302734375 0.0283203125
34 0.4658203125 0.67236328125 0.029296875 0.029296875
14 0.54833984375 0.7119140625 0.03515625 0.03125
50 0.53759765625 0.6826171875 0.0244140625 0.03125
22 0.54638671875 0.642578125 0.029296875 0.03125
22 0.650390625 0.64013671875 0.0341796875 0.033203125
50 0.6435546875 0.67431640625 0.02734375 0.02734375
42 0.65673828125 0.70703125 0.0283203125 0.03125
26 0.55908203125 0.74560546875 0.02734375 0.033203125
26 0.66650390625 0.74267578125 0.0234375 0.029296875
39 0.55810546875 0.7783203125 0.0302734375 0.029296875
39 0.65625 0.77294921875 0.044921875 0.025390625
3 0.68994140625 0.63818359375 0.0244140625 0.0302734375
3 0.79443359375 0.63427734375 0.0361328125 0.029296875
8 0.69287109375 0.6748046875 0.025390625 0.029296875
8 0.7958984375 0.66845703125 0.0361328125 0.02734375
11 0.68798828125 0.7109375 0.02734375 0.0244140625
11 0.79345703125 0.70166015625 0.033203125 0.025390625
25 0.70947265625 0.7412109375 0.0341796875 0.0302734375
25 0.81298828125 0.73291015625 0.0302734375 0.029296875
12 0.81640625 0.77294921875 0.025390625 0.029296875
12 0.71533203125 0.77783203125 0.0283203125 0.02734375
24 0.7041015625 0.8134765625 0.02734375 0.03125
24 0.8046875 0.802734375 0.033203125 0.0283203125
49 0.84033203125 0.64208984375 0.02734375 0.037109375
49 0.93994140625 0.63671875 0.041015625 0.03515625
30 0.841796875 0.6748046875 0.03515625 0.02734375
30 0.94580078125 0.6669921875 0.03515625 0.0322265625
21 0.837890625 0.7080078125 0.0302734375 0.025390625
21 0.9404296875 0.69677734375 0.0322265625 0.0283203125
43 0.84765625 0.74462890625 0.0263671875 0.0283203125
43 0.9482421875 0.7314453125 0.0341796875 0.029296875
17 0.8564453125 0.7744140625 0.0361328125 0.02734375
17 0.9609375 0.7646484375 0.033203125 0.02734375
44 0.8720703125 0.8330078125 0.03125 0.03515625
44 0.9775390625 0.82958984375 0.037109375 0.0322265625
1 0.9697265625 0.8017578125 0.0283203125 0.03125
13 0.20751953125 0.55322265625 0.017578125 0.04296875
32 0.97119140625 0.85986328125 0.033203125 0.029296875
32 0.87255859375 0.86328125 0.02734375 0.0302734375
32 0.8818359375 0.9501953125 0.0302734375 0.03515625
32 0.98388671875 0.9462890625 0.0322265625 0.03515625
23 0.81298828125 0.5048828125 0.029296875 0.029296875
23 0.919921875 0.50439453125 0.033203125 0.0322265625
23 0.921875 0.587890625 0.0234375 0.0302734375
23 0.81298828125 0.58935546875 0.0380859375 0.037109375
46 0.09326171875 0.81787109375 0.033203125 0.029296875
46 0.19287109375 0.8125 0.033203125 0.0283203125
45 0.37109375 0.7744140625 0.033203125 0.029296875
18 0.2392578125 0.81396484375 0.03125 0.029296875
18 0.34033203125 0.80712890625 0.033203125 0.0263671875
2 0.37890625 0.80517578125 0.033203125 0.029296875
2 0.4833984375 0.79736328125 0.033203125 0.033203125
16 0.3955078125 0.83251953125 0.0302734375 0.029296875
16 0.4970703125 0.828125 0.03125 0.029296875
33 0.39599609375 0.86767578125 0.033203125 0.03125
33 0.50390625 0.86376953125 0.025390625 0.0283203125
19 0.09130859375 0.85498046875 0.041015625 0.029296875
19 0.1884765625 0.8427734375 0.0341796875 0.029296875
36 0.2314453125 0.84033203125 0.03515625 0.0263671875
29 0.56005859375 0.8310546875 0.029296875 0.02734375
29 0.66650390625 0.82470703125 0.025390625 0.02734375
6 0.72900390625 0.84423828125 0.03125 0.02734375
6 0.8359375 0.83740234375 0.03125 0.02734375
6 0.74462890625 0.9296875 0.029296875 0.03515625
45 0.474609375 0.76953125 0.033203125 0.0302734375
13 0.18701171875 0.61376953125 0.021484375 0.048828125
35 0.56298828125 0.8583984375 0.0390625 0.02734375
35 0.66943359375 0.8525390625 0.03125 0.02734375
20 0.69189453125 0.96435546875 0.029296875 0.02734375
6 0.84716796875 0.921875 0.0322265625 0.03125
48 0.234375 0.87158203125 0.033203125 0.029296875
48 0.3359375 0.86083984375 0.0302734375 0.029296875
48 0.36572265625 0.94189453125 0.037109375 0.03125
20 0.673828125 0.8818359375 0.037109375 0.037109375
20 0.57373046875 0.88671875 0.04296875 0.03125
5 0.408203125 0.982421875 0.0380859375 0.02734375
5 0.5078125 0.97265625 0.03515625 0.0302734375
5 0.4873046875 0.88720703125 0.0283203125 0.029296875
5 0.38671875 0.89599609375 0.0263671875 0.0283203125
31 0.08837890625 0.89111328125 0.02734375 0.029296875
31 0.1884765625 0.87744140625 0.033203125 0.029296875
31 0.12548828125 0.9716796875 0.0390625 0.033203125
13 0.06884765625 0.57177734375 0.0185546875 0.04296875
13 0.2666015625 0.5751953125 0.15625 0.119140625
13 0.32568359375 0.59716796875 0.015625 0.044921875
20 0.5888671875 0.97021484375 0.03125 0.029296875
48 0.2646484375 0.95263671875 0.029296875 0.0302734375
31 0.22412109375 0.96044921875 0.0341796875 0.0283203125
47 0.3740234375 0.71435546875 0.02734375 0.0283203125