47 0.25537109375 0.3876953125 0.02734375 0.0205078125
47 0.171875 0.28564453125 0.025390625 0.0263671875
37 0.08349609375 0.6787109375 0.025390625 0.01953125
26 0.15478515625 0.5390625 0.0244140625 0.0224609375
32 0.169921875 0.9150390625 0.0234375 0.0263671875
16 0.056640625 0.81396484375 0.033203125 0.025390625
28 0.357716037109375 0.1909670029296875 0.35147891796875 0.205744384765625 0.3577227490234375 0.252263041015625 0.3549432255859375 0.295068451171875 0.3577227490234375 0.3337578974609375 0.4781690849609375 0.3428128681640625 0.4841913974609375 0.2168663271484375 0.4682859619140625 0.165521662109375 0.3739325517578125 0.1724952763671875 0.3664480126953125 0.1917058603515625 0.357716037109375 0.1909670029296875
41 0.30419921875 0.0234375 0.0234375 0.02734375
41 0.3056640625 0.1259765625 0.029296875 0.0234375
27 0.3769341337890625 0.0137971845703125 0.374198376953125 0.0283810810546875 0.3561423818359375 0.0361591884765625 0.371462619140625 0.1849148876953125 0.4901944794921875 0.1654696923828125 0.4951188515625 0.145052251953125 0.4974557685546875 0.0306312451171875 0.4765156982421875 0.0186584833984375 0.4715913369140625 0.000185533203125 0.4168761884765625 0.0147694296875 0.3769341337890625 0.0137971845703125
52 0.265625 0.123046875 0.02734375 0.0283203125
52 0.265625 0.01806640625 0.0224609375 0.02734375
52 0.181640625 0.11279296875 0.03125 0.02734375
10 0.4599609375 0.310546875 0.0234375 0.03125
10 0.46923828125 0.2080078125 0.02734375 0.0234375
28 0.371726294921875 0.86145059375 0.4866135576171875 0.88861556640625 0.498194935546875 0.7544371611328125 0.49173044140625 0.7381036044921875 0.3842341865234375 0.7190403857421875 0.3735793046875 0.72974175390625 0.371726294921875 0.86145059375
15 0.47216796875 0.86474609375 0.025390625 0.0283203125
10 0.3837890625 0.19140625 0.0263671875 0.0302734375
15 0.39599609375 0.74560546875 0.0302734375 0.03125
15 0.48095703125 0.75927734375 0.03125 0.0302734375
15 0.3896484375 0.84716796875 0.03125 0.0283203125
52 0.18212890625 0.01123046875 0.0302734375 0.0224609375
54 0.30419921875 0.1572265625 0.029296875 0.0244140625
54 0.30126953125 0.2568359375 0.02734375 0.033203125
54 0.21875 0.25244140625 0.029296875 0.0302734375
54 0.22119140625 0.14990234375 0.02734375 0.025390625
10 0.3906761748046875 0.3090036259765625 0.394002634765625 0.2868375537109375 0.3644802626953125 0.2772322333984375 0.36364866015625 0.297181732421875 0.3906761748046875 0.3090036259765625
51 0.20751953125 0.42529296875 0.029296875 0.02734375
51 0.2880859375 0.41845703125 0.029296875 0.0283203125