41 0.89208984375 0.3046875 0.0234375 0.02734375
52 0.9794921875 0.263671875 0.0302734375 0.0283203125
52 0.87744140625 0.26513671875 0.0283203125 0.02734375
52 0.97705078125 0.17919921875 0.02734375 0.03125
52 0.87158203125 0.1826171875 0.02734375 0.02734375
40 0.8623046875 0.3203125 0.0224609375 0.0263671875
40 0.75732421875 0.3212890625 0.025390625 0.02734375
54 0.8466796875 0.29248046875 0.025390625 0.025390625
54 0.7412109375 0.29296875 0.025390625 0.02734375
10 0.853515625 0.26513671875 0.01953125 0.02734375
10 0.7490234375 0.26806640625 0.0263671875 0.0234375
37 0.8447265625 0.21826171875 0.0234375 0.025390625
37 0.74267578125 0.2216796875 0.0224609375 0.029296875
37 0.84130859375 0.134765625 0.01953125 0.0283203125
37 0.736328125 0.13818359375 0.02734375 0.0283203125
47 0.60888671875 0.2392578125 0.02734375 0.03125
47 0.7099609375 0.236328125 0.025390625 0.02734375
47 0.701171875 0.15234375 0.0224609375 0.029296875
47 0.59716796875 0.15771484375 0.02734375 0.029296875
26 0.44970703125 0.236328125 0.0283203125 0.025390625
27 0.83893399609375 0.491984064453125 0.9645256689453126 0.4960955380859375 0.9838200009765625 0.48553437109375 0.98773584765625 0.37763001953125 0.978312767578125 0.36849712890625 0.84309162890625 0.3697628408203125 0.83893399609375 0.491984064453125
28 0.0861391904296875 0.4988789794921875 0.230099099609375 0.50187954296875 0.2407628134765625 0.38719126171875 0.1151681943359375 0.38119016015625 0.086731654296875 0.3865244931640625 0.0861391904296875 0.4988789794921875
16 0.21435546875 0.48583984375 0.0244140625 0.02734375
16 0.10986328125 0.4853515625 0.0234375 0.0263671875
16 0.11572265625 0.40087890625 0.0263671875 0.029296875
16 0.21728515625 0.40087890625 0.0244140625 0.029296875
51 0.26611328125 0.40087890625 0.025390625 0.02734375
51 0.2587890625 0.484375 0.03125 0.029296875
51 0.361328125 0.48779296875 0.0244140625 0.029296875
51 0.3662109375 0.40478515625 0.029296875 0.03125
24 0.330078125 0.08935546875 0.0322265625 0.03125
19 0.79638671875 0.37646484375 0.021484375 0.029296875
30 0.45751953125 0.197265625 0.0263671875 0.02734375
39 0.46142578125 0.11328125 0.0224609375 0.029296875
39 0.35595703125 0.11083984375 0.02734375 0.0244140625
38 0.40673828125 0.4853515625 0.02734375 0.029296875
38 0.40771484375 0.39990234375 0.03125 0.029296875
38 0.509765625 0.486328125 0.0234375 0.0283203125
13 0.8720703125 0.068359375 0.2119140625 0.078125
13 0.828125 0.10009765625 0.0830078125 0.0078125
13 0.91357421875 0.037109375 0.07421875 0.009765625