28 0.5576171875 0.16015625 0.125 0.154296875
41 0.70068359375 0.9912109375 0.0283203125 0.017578125
0 0.8583984375 0.9716796875 0.03125 0.02734375
16 0.51416015625 0.21435546875 0.02734375 0.0244140625
16 0.5146484375 0.10986328125 0.0263671875 0.0234375
16 0.59912109375 0.11572265625 0.029296875 0.0263671875
16 0.59912109375 0.21728515625 0.029296875 0.0234375
51 0.59814453125 0.2626953125 0.02734375 0.025390625
51 0.515625 0.2587890625 0.029296875 0.03125
51 0.51220703125 0.361328125 0.029296875 0.0244140625
38 0.51513671875 0.39306640625 0.02734375 0.025390625
38 0.513671875 0.498046875 0.0283203125 0.0234375
0 0.7734375 0.98046875 0.029296875 0.0341796875
39 0.88525390625 0.46142578125 0.03125 0.037109375
52 0.73779296875 0.98486328125 0.0283203125 0.02734375
51 0.5966796875 0.3623046875 0.0302734375 0.025390625
39 0.8017578125 0.45361328125 0.025390625 0.0322265625
39 0.8876953125 0.36181640625 0.0283203125 0.02734375
24 0.9091796875 0.33056640625 0.037109375 0.04296875
26 0.763671875 0.4482421875 0.033203125 0.03125
39 0.8037109375 0.3515625 0.029296875 0.0390625
24 0.82666015625 0.314453125 0.029296875 0.037109375
24 0.9169921875 0.22412109375 0.03125 0.0341796875
1 0.96875 0.18701171875 0.0322265625 0.041015625
1 0.8837890625 0.1767578125 0.029296875 0.0341796875
1 0.97265625 0.08251953125 0.029296875 0.02734375
27 0.560546875 0.8720703125 0.119140625 0.15234375
34 0.75390625 0.58349609375 0.029296875 0.03125
34 0.671875 0.6904296875 0.025390625 0.029296875
9 0.6259765625 0.69482421875 0.0322265625 0.041015625
2 0.88720703125 0.66796875 0.0283203125 0.037109375
2 0.89013671875 0.564453125 0.02734375 0.041015625
2 0.974609375 0.67138671875 0.029296875 0.0322265625
2 0.9755859375 0.568359375 0.029296875 0.033203125