37 0.08349609375 0.6787109375 0.025390625 0.01953125
37 0.16748046875 0.78466796875 0.0234375 0.0234375
37 0.16845703125 0.6796875 0.0234375 0.0263671875
37 0.08251953125 0.7802734375 0.0302734375 0.0234375
32 0.169921875 0.9150390625 0.0234375 0.0263671875
32 0.16943359375 0.81103515625 0.025390625 0.0263671875
28 0.3540868876953125 0.294561248046875 0.3568664111328125 0.3332506943359375 0.4773127470703125 0.3423056650390625 0.483335060546875 0.216359125 0.467429625 0.165014458984375 0.35325769921875 0.197288302734375 0.3568664111328125 0.251755837890625 0.3540868876953125 0.294561248046875
41 0.302734375 0.01318359375 0.02734375 0.0263671875
41 0.3056640625 0.11181640625 0.029296875 0.0234375
27 0.3769341123046875 0.0136116513671875 0.3741983544921875 0.0281955478515625 0.3561423603515625 0.0359736552734375 0.37146259765625 0.1847293544921875 0.4901944580078125 0.1652841591796875 0.495118830078125 0.14486671875 0.4974557470703125 0.0304457119140625 0.4765156767578125 0.0184729501953125 0.4715913154296875 0 0.416876166015625 0.014583896484375 0.3769341123046875 0.0136116513671875
52 0.26708984375 0.11962890625 0.02734375 0.0283203125
52 0.26318359375 0.013671875 0.029296875 0.02734375
52 0.18408203125 0.1279296875 0.03125 0.02734375
28 0.3680205986328125 0.7566835771484375 0.3730796455078125 0.8852356640625 0.4460146064453125 0.87305565234375 0.4905758271484375 0.869970572265625 0.4924731533203125 0.7414010390625 0.4833668720703125 0.728815564453125 0.4500656396484375 0.733200107421875 0.378138693359375 0.728815564453125 0.3680205986328125 0.7566835771484375
16 0.47314453125 0.85546875 0.025390625 0.0283203125
16 0.3896484375 0.7529296875 0.0302734375 0.03125
16 0.47412109375 0.755859375 0.03125 0.0302734375
16 0.38916015625 0.8525390625 0.03125 0.0283203125
52 0.1826171875 0.0263671875 0.0302734375 0.0224609375
51 0.48193359375 0.70458984375 0.03125 0.0234375
51 0.486328125 0.60205078125 0.029296875 0.02734375
51 0.4033203125 0.58740234375 0.03125 0.02734375
51 0.3984375 0.69287109375 0.02734375 0.029296875
40 0.32080078125 0.2529296875 0.02734375 0.025390625
40 0.3203125 0.15087890625 0.02734375 0.03125
10 0.2666015625 0.14892578125 0.025390625 0.0341796875
10 0.18310546875 0.15625 0.029296875 0.025390625
10 0.18212890625 0.25244140625 0.029296875 0.0234375
10 0.26708984375 0.25341796875 0.025390625 0.025390625
47 0.23486328125 0.29248046875 0.0283203125 0.025390625
47 0.23779296875 0.39599609375 0.02734375 0.02734375
54 0.29443359375 0.259765625 0.025390625 0.0234375
54 0.29345703125 0.158203125 0.0234375 0.02734375
5 0.45849609375 0.31591796875 0.0234375 0.0322265625
5 0.4580078125 0.212890625 0.0234375 0.02734375
5 0.37255859375 0.21533203125 0.02734375 0.01953125
5 0.3740234375 0.318359375 0.02734375 0.025390625
26 0.23291015625 0.6591796875 0.025390625 0.029296875
26 0.1513671875 0.65234375 0.02734375 0.0263671875
26 0.15234375 0.54736328125 0.02734375 0.029296875
26 0.23486328125 0.5556640625 0.029296875 0.025390625
13 0.3994140625 0.50146484375 0.044921875 0.021484375
13 0.4521484375 0.39599609375 0.044921875 0.017578125
32 0.08349609375 0.91748046875 0.02734375 0.0234375
32 0.08447265625 0.81396484375 0.0263671875 0.0283203125
13 0.4830517197265625 0.5201946572265626 0.4849434140625 0.3864091953125 0.3676583427734375 0.3803585869140625 0.36538830078125 0.5161609345703125 0.4830517197265625 0.5201946572265626