37 0.6787109375 0.91650390625 0.01953125 0.025390625
37 0.78466796875 0.83251953125 0.0234375 0.0234375
37 0.6796875 0.83154296875 0.0263671875 0.0234375
37 0.7802734375 0.91748046875 0.0234375 0.0302734375
32 0.9150390625 0.830078125 0.0263671875 0.0234375
32 0.81103515625 0.83056640625 0.0263671875 0.025390625
16 0.9130859375 0.85986328125 0.02734375 0.029296875
16 0.91552734375 0.9443359375 0.02734375 0.033203125
16 0.81396484375 0.943359375 0.025390625 0.033203125
16 0.8134765625 0.85986328125 0.02734375 0.0234375
28 0.294561248046875 0.6459131123046875 0.3332506943359375 0.6431335888671875 0.3423056650390625 0.5226872529296875 0.216359125 0.516664939453125 0.165014458984375 0.532570375 0.197288302734375 0.64674230078125 0.251755837890625 0.6431335888671875 0.294561248046875 0.6459131123046875
41 0.01318359375 0.697265625 0.0263671875 0.02734375
41 0.11181640625 0.6943359375 0.0234375 0.029296875
27 0.0136116513671875 0.6230658876953125 0.0281955478515625 0.6258016455078125 0.0359736552734375 0.6438576396484375 0.1847293544921875 0.62853740234375 0.1652841591796875 0.5098055419921875 0.14486671875 0.504881169921875 0.0304457119140625 0.5025442529296875 0.0184729501953125 0.5234843232421875 0 0.5284086845703125 0.014583896484375 0.583123833984375 0.0136116513671875 0.6230658876953125
52 0.11962890625 0.73291015625 0.0283203125 0.02734375
52 0.013671875 0.73681640625 0.02734375 0.029296875
52 0.1279296875 0.81591796875 0.02734375 0.03125
28 0.86145059375 0.628273705078125 0.88861556640625 0.5133864423828125 0.7544371611328125 0.501805064453125 0.7381036044921875 0.50826955859375 0.7190403857421875 0.6157658134765625 0.72974175390625 0.6264206953125 0.86145059375 0.628273705078125
15 0.86474609375 0.52783203125 0.0283203125 0.025390625
15 0.74560546875 0.60400390625 0.03125 0.0302734375
15 0.75927734375 0.51904296875 0.0302734375 0.03125
15 0.84716796875 0.6103515625 0.0283203125 0.03125
52 0.0263671875 0.8173828125 0.0224609375 0.0302734375
51 0.70458984375 0.51806640625 0.0234375 0.03125
51 0.60205078125 0.513671875 0.02734375 0.029296875
51 0.58740234375 0.5966796875 0.02734375 0.03125
51 0.69287109375 0.6015625 0.029296875 0.02734375
47 0.30029296875 0.83056640625 0.025390625 0.029296875
40 0.2529296875 0.67919921875 0.025390625 0.02734375
40 0.15087890625 0.6796875 0.03125 0.02734375
10 0.14892578125 0.7333984375 0.0341796875 0.025390625
10 0.15625 0.81689453125 0.025390625 0.029296875
10 0.25244140625 0.81787109375 0.0234375 0.029296875
26 0.653934880859375 0.8437155546875 0.6287068583984375 0.8397630205078125 0.6188412958984375 0.8650662314453125 0.6444501201171875 0.869870080078125 0.653934880859375 0.8437155546875
26 0.55434489453125 0.8325064169921875 0.5279145439453125 0.8297579013671875 0.5164058525390625 0.856525927734375 0.54106621484375 0.8602622802734375 0.55434489453125 0.8325064169921875
26 0.5790052578125 0.7519076015625 0.55637355078125 0.7497169462890625 0.5477055185546875 0.773792056640625 0.571417419921875 0.7759271123046875 0.5790052578125 0.7519076015625
26 0.6776467822265625 0.761515421875 0.65835165625 0.7582548203125 0.64634704296875 0.7850011748046875 0.66721348828125 0.788203767578125 0.6776467822265625 0.761515421875
10 0.25341796875 0.73291015625 0.025390625 0.025390625
47 0.29296875 0.75048828125 0.025390625 0.0283203125
47 0.39306640625 0.74658203125 0.02734375 0.02734375
47 0.40380859375 0.82763671875 0.0263671875 0.029296875
54 0.259765625 0.70556640625 0.0234375 0.025390625
54 0.158203125 0.70654296875 0.02734375 0.0234375
5 0.31591796875 0.54150390625 0.0322265625 0.0234375
5 0.212890625 0.5419921875 0.02734375 0.0234375
5 0.21533203125 0.62744140625 0.01953125 0.02734375
5 0.318359375 0.6259765625 0.025390625 0.02734375