41 0.89208984375 0.3046875 0.0234375 0.02734375
41 0.994140625 0.30029296875 0.01171875 0.025390625
52 0.9794921875 0.263671875 0.0302734375 0.0283203125
52 0.87744140625 0.26513671875 0.0283203125 0.02734375
52 0.97705078125 0.17919921875 0.02734375 0.03125
52 0.87158203125 0.1826171875 0.02734375 0.02734375
40 0.85498046875 0.3203125 0.0224609375 0.0263671875
40 0.75048828125 0.3212890625 0.025390625 0.02734375
54 0.8466796875 0.29248046875 0.025390625 0.025390625
54 0.7412109375 0.29296875 0.025390625 0.02734375
10 0.853515625 0.26513671875 0.01953125 0.02734375
10 0.7490234375 0.26806640625 0.0263671875 0.0234375
37 0.8447265625 0.21826171875 0.0234375 0.025390625
37 0.74267578125 0.2216796875 0.0224609375 0.029296875
37 0.84130859375 0.134765625 0.01953125 0.0283203125
37 0.736328125 0.13818359375 0.02734375 0.0283203125
47 0.701171875 0.15234375 0.0224609375 0.029296875
47 0.59716796875 0.15771484375 0.02734375 0.029296875
27 0.972179470703125 0.35744871484375 0.958959283203125 0.3513793818359375 0.8281491201171876 0.361755974609375 0.8406734931640625 0.4118768828125 0.83893399609375 0.491984064453125 0.9645256689453126 0.4960955380859375 0.9838200009765625 0.48553437109375 0.9927055263671875 0.46120022265625 0.9840224697265625 0.4369685361328125 0.9874870224609374 0.3762296162109375 0.972179470703125 0.35744871484375
28 0.2432858310546875 0.36757082421875 0.128879015625 0.3725812412109375 0.11507901953125 0.379846330078125 0.1275435830078125 0.4454827978515625 0.126653203125 0.490326015625 0.25968317578125 0.4918461240234375 0.2704407021484375 0.4808062314453125 0.2655439560546875 0.4484890498046875 0.2726665146484375 0.3785937255859375 0.2432858310546875 0.36757082421875
28 0.8440900693359376 0.4290184921875 0.814264162109375 0.3939455576171875 0.814071091796875 0.3809321533203125 0.803999623046875 0.37583109375 0.800474625 0.361944876953125 0.7528317587890625 0.335323708984375 0.614152421875 0.37744151953125 0.656956162109375 0.4176832412109375 0.6624955009765625 0.4993002255859375 0.811553224609375 0.4936323798828125 0.8095389228515625 0.475778666015625 0.838302943359375 0.469853390625 0.8374126318359375 0.456074740234375 0.8440900693359376 0.4290184921875
16 0.24951171875 0.47265625 0.0244140625 0.02734375
16 0.14306640625 0.47412109375 0.0234375 0.0263671875
16 0.14453125 0.3896484375 0.0263671875 0.029296875
16 0.24951171875 0.3896484375 0.0244140625 0.029296875
51 0.30615234375 0.39892578125 0.025390625 0.02734375
51 0.29736328125 0.482421875 0.03125 0.029296875
51 0.400390625 0.48681640625 0.0244140625 0.029296875
51 0.41064453125 0.4033203125 0.029296875 0.03125
38 0.671875 0.39697265625 0.02734375 0.029296875
38 0.7783203125 0.39501953125 0.01953125 0.029296875
38 0.6787109375 0.47998046875 0.0244140625 0.029296875
38 0.78125 0.4794921875 0.0283203125 0.0263671875
32 0.06787109375 0.1650390625 0.0224609375 0.02734375
32 0.17236328125 0.1748046875 0.02734375 0.02734375
44 0.1767578125 0.13818359375 0.0283203125 0.02734375
44 0.07373046875 0.1337890625 0.0302734375 0.02734375
24 0.21435546875 0.16748046875 0.0283203125 0.02734375
12 0.21142578125 0.1953125 0.0234375 0.0263671875
12 0.34619140625 0.2333984375 0.0263671875 0.029296875