52 0.84814453125 0.2109375 0.021484375 0.02734375
16 0.8623046875 0.32080078125 0.0224609375 0.0234375
16 0.96630859375 0.32177734375 0.0185546875 0.029296875
16 0.96923828125 0.236328125 0.01953125 0.02734375
27 0.91064453125 0.43359375 0.146484375 0.126953125
35 0.7822265625 0.38427734375 0.015625 0.0263671875
37 0.21533203125 0.166015625 0.025390625 0.0263671875
52 0.74658203125 0.20703125 0.017578125 0.025390625
35 0.78759765625 0.46826171875 0.017578125 0.025390625
35 0.68310546875 0.47021484375 0.01953125 0.0224609375
35 0.67626953125 0.38427734375 0.021484375 0.0263671875
16 0.86474609375 0.23583984375 0.0185546875 0.025390625
52 0.83935546875 0.29248046875 0.0224609375 0.02734375
52 0.73779296875 0.291015625 0.017578125 0.02734375
47 0.71728515625 0.26123046875 0.0205078125 0.0283203125
47 0.611328125 0.2607421875 0.0205078125 0.02734375
47 0.6240234375 0.1728515625 0.017578125 0.025390625
54 0.18798828125 0.14697265625 0.017578125 0.02734375
54 0.08544921875 0.1455078125 0.03125 0.0263671875
23 0.25634765625 0.4755859375 0.029296875 0.0283203125
23 0.15185546875 0.47900390625 0.025390625 0.029296875
23 0.25244140625 0.392578125 0.0341796875 0.025390625
23 0.14794921875 0.39111328125 0.033203125 0.02734375
47 0.724609375 0.18017578125 0.01953125 0.0234375
53 0.45654296875 0.205078125 0.015625 0.02734375
53 0.35009765625 0.20458984375 0.025390625 0.029296875
53 0.3505859375 0.12158203125 0.0244140625 0.025390625
53 0.45751953125 0.12109375 0.01953125 0.02734375
37 0.31787109375 0.16845703125 0.01953125 0.0234375
37 0.3212890625 0.08349609375 0.01953125 0.025390625
37 0.212890625 0.0810546875 0.0234375 0.029296875
54 0.08935546875 0.06103515625 0.033203125 0.0341796875
54 0.19091796875 0.064453125 0.02734375 0.025390625
40 0.58447265625 0.2626953125 0.01953125 0.02734375
40 0.482421875 0.26123046875 0.0341796875 0.0283203125
40 0.58447265625 0.177734375 0.02734375 0.0283203125
40 0.47900390625 0.17431640625 0.025390625 0.029296875