28 0.4423828125 0.83984375 0.125 0.154296875
41 0.30126953125 0.1123046875 0.0283203125 0.025390625
41 0.29931640625 0.0087890625 0.0283203125 0.017578125
51 0.40185546875 0.7373046875 0.02734375 0.025390625
51 0.484375 0.7412109375 0.029296875 0.03125
51 0.48779296875 0.638671875 0.029296875 0.0244140625
38 0.48486328125 0.60693359375 0.02734375 0.025390625
38 0.486328125 0.501953125 0.0283203125 0.0234375
0 0.2265625 0.01953125 0.029296875 0.033203125
10 0.26953125 0.1455078125 0.029296875 0.02734375
52 0.267578125 0.11669921875 0.029296875 0.03125
0 0.23095703125 0.12255859375 0.03125 0.03515625
37 0.22607421875 0.15869140625 0.029296875 0.029296875
52 0.26220703125 0.01513671875 0.0283203125 0.02734375
10 0.2724609375 0.24658203125 0.0263671875 0.03125
38 0.40234375 0.60107421875 0.029296875 0.025390625
51 0.4033203125 0.6376953125 0.0302734375 0.025390625
38 0.40185546875 0.4970703125 0.03125 0.02734375
27 0.43115234375 0.060546875 0.119140625 0.12109375
4 0.265625 0.3056640625 0.029296875 0.03125
34 0.3271484375 0.3056640625 0.029296875 0.03125
9 0.3720703125 0.3017578125 0.029296875 0.02734375
9 0.37451171875 0.40673828125 0.02734375 0.0361328125
47 0.29345703125 0.3154296875 0.0283203125 0.0341796875
4 0.2666015625 0.41357421875 0.0283203125 0.0302734375
34 0.3310546875 0.41064453125 0.029296875 0.029296875
14 0.28759765625 0.49951171875 0.03125 0.03515625
50 0.318359375 0.48681640625 0.03125 0.0244140625
22 0.35595703125 0.50048828125 0.03125 0.029296875
22 0.35400390625 0.60302734375 0.033203125 0.0341796875
50 0.32373046875 0.587890625 0.02734375 0.0205078125
42 0.28955078125 0.60107421875 0.03125 0.0283203125
26 0.25439453125 0.49658203125 0.033203125 0.02734375
26 0.251953125 0.60302734375 0.029296875 0.0234375
39 0.220703125 0.49609375 0.029296875 0.0302734375
39 0.220703125 0.59619140625 0.025390625 0.044921875
3 0.353515625 0.64404296875 0.0302734375 0.0244140625
3 0.35546875 0.7470703125 0.029296875 0.0361328125
8 0.318359375 0.63916015625 0.029296875 0.0205078125
8 0.3193359375 0.74169921875 0.02734375 0.0361328125
11 0.28515625 0.634765625 0.0244140625 0.02734375
11 0.28857421875 0.734375 0.025390625 0.033203125
25 0.25390625 0.6513671875 0.0302734375 0.0341796875
25 0.25537109375 0.75146484375 0.029296875 0.0302734375
12 0.2158203125 0.75048828125 0.029296875 0.025390625
12 0.21533203125 0.64599609375 0.02734375 0.0283203125
24 0.18115234375 0.6259765625 0.03125 0.02734375
24 0.185546875 0.72900390625 0.0283203125 0.033203125
49 0.34912109375 0.79150390625 0.037109375 0.02734375
49 0.349609375 0.89404296875 0.03515625 0.0400390625
30 0.3115234375 0.791015625 0.02734375 0.03515625
30 0.3154296875 0.89404296875 0.0322265625 0.03515625
21 0.2802734375 0.78125 0.025390625 0.0302734375
21 0.28759765625 0.8818359375 0.0283203125 0.0322265625
43 0.244140625 0.7841796875 0.0283203125 0.0263671875
43 0.251953125 0.88525390625 0.029296875 0.0341796875
17 0.212890625 0.7939453125 0.02734375 0.0361328125
17 0.21826171875 0.89599609375 0.02734375 0.033203125
44 0.15087890625 0.80126953125 0.03515625 0.03125
44 0.1494140625 0.9033203125 0.0322265625 0.037109375
1 0.18310546875 0.90478515625 0.03125 0.0283203125
13 0.462890625 0.15380859375 0.04296875 0.017578125
13 0.41259765625 0.2646484375 0.0439453125 0.015625
13 0.43798828125 0.21142578125 0.1171875 0.1357421875
32 0.12646484375 0.8974609375 0.029296875 0.033203125
32 0.12451171875 0.79541015625 0.0302734375 0.02734375
32 0.0390625 0.79541015625 0.03515625 0.0302734375
32 0.04052734375 0.89892578125 0.03515625 0.0322265625
15 0.49658203125 0.3115234375 0.03125 0.0361328125
15 0.50341796875 0.41162109375 0.03125 0.04296875
15 0.4189453125 0.427734375 0.033203125 0.0361328125
15 0.41357421875 0.326171875 0.033203125 0.03125
23 0.4853515625 0.78564453125 0.029296875 0.029296875
23 0.4814453125 0.88525390625 0.0322265625 0.033203125
23 0.39794921875 0.87841796875 0.0302734375 0.0234375
23 0.40087890625 0.77783203125 0.037109375 0.0380859375
46 0.20263671875 0.01953125 0.029296875 0.033203125
46 0.20654296875 0.123046875 0.0283203125 0.033203125
45 0.23193359375 0.30615234375 0.029296875 0.033203125
18 0.201171875 0.16943359375 0.029296875 0.03125
18 0.20166015625 0.26806640625 0.0263671875 0.033203125
2 0.20361328125 0.3134765625 0.029296875 0.033203125
2 0.205078125 0.41015625 0.033203125 0.033203125
16 0.17431640625 0.3173828125 0.029296875 0.0302734375
16 0.1748046875 0.42431640625 0.029296875 0.03125
33 0.1376953125 0.31591796875 0.03125 0.033203125
33 0.13818359375 0.42041015625 0.0283203125 0.025390625
33 0.0556640625 0.42333984375 0.03125 0.029296875
33 0.0546875 0.31640625 0.03125 0.02734375
19 0.166015625 0.02001953125 0.029296875 0.0400390625
19 0.0830078125 0.03173828125 0.029296875 0.037109375
36 0.19091796875 0.47998046875 0.02734375 0.03125
36 0.193359375 0.587890625 0.02734375 0.03125
19 0.171875 0.11474609375 0.029296875 0.0341796875
19 0.08837890625 0.1357421875 0.033203125 0.037109375
36 0.08642578125 0.17333984375 0.0341796875 0.02734375
36 0.091796875 0.2744140625 0.0322265625 0.029296875
36 0.17333984375 0.26611328125 0.02734375 0.02734375
36 0.171875 0.1650390625 0.0263671875 0.03515625
29 0.16650390625 0.484375 0.02734375 0.025390625
29 0.169921875 0.5908203125 0.02734375 0.021484375
29 0.083984375 0.60205078125 0.029296875 0.03515625
29 0.0810546875 0.4951171875 0.033203125 0.025390625
6 0.15234375 0.6455078125 0.02734375 0.03125
6 0.15185546875 0.75048828125 0.02734375 0.03125
6 0.06640625 0.64990234375 0.03515625 0.029296875
45 0.23486328125 0.408203125 0.0302734375 0.033203125