27 0.43359375 0.08935546875 0.126953125 0.146484375
35 0.38427734375 0.2177734375 0.0263671875 0.015625
52 0.2119140625 0.25244140625 0.025390625 0.017578125
35 0.46826171875 0.21240234375 0.025390625 0.017578125
35 0.47021484375 0.31689453125 0.0224609375 0.01953125
35 0.38427734375 0.32373046875 0.0263671875 0.021484375
52 0.29541015625 0.1533203125 0.02734375 0.0224609375
52 0.29443359375 0.2548828125 0.02734375 0.017578125
47 0.26123046875 0.27880859375 0.0283203125 0.0205078125
47 0.259765625 0.38134765625 0.02734375 0.0205078125
47 0.1748046875 0.38037109375 0.025390625 0.017578125
23 0.4755859375 0.74365234375 0.0283203125 0.029296875
23 0.47900390625 0.84814453125 0.029296875 0.025390625
23 0.392578125 0.74755859375 0.025390625 0.033203125
23 0.39111328125 0.85205078125 0.02734375 0.033203125
47 0.17626953125 0.275390625 0.0244140625 0.01953125
37 0.08349609375 0.6787109375 0.025390625 0.01953125
40 0.26513671875 0.40625 0.0224609375 0.0234375
40 0.2646484375 0.51708984375 0.021484375 0.033203125
54 0.24072265625 0.51611328125 0.0263671875 0.021484375
54 0.2421875 0.4091796875 0.0234375 0.0263671875
54 0.15966796875 0.4072265625 0.0234375 0.021484375
54 0.15771484375 0.51171875 0.02734375 0.0234375
32 0.1708984375 0.91357421875 0.02734375 0.021484375
16 0.14208984375 0.91455078125 0.025390625 0.025390625
53 0.32275390625 0.02734375 0.025390625 0.021484375
53 0.32177734375 0.1357421875 0.025390625 0.02734375
53 0.2373046875 0.03076171875 0.025390625 0.01953125
37 0.1669921875 0.6787109375 0.025390625 0.025390625
37 0.16650390625 0.78125 0.029296875 0.025390625
37 0.08203125 0.7783203125 0.03125 0.0224609375
16 0.1396484375 0.80908203125 0.0263671875 0.02734375
16 0.056640625 0.8095703125 0.0283203125 0.0263671875
32 0.169921875 0.810546875 0.0263671875 0.021484375
26 0.2314453125 0.64697265625 0.0234375 0.029296875
26 0.2333984375 0.54248046875 0.0263671875 0.029296875
26 0.14794921875 0.544921875 0.0244140625 0.0224609375
26 0.14697265625 0.64697265625 0.025390625 0.0205078125
52 0.212890625 0.15234375 0.0302734375 0.0166015625
53 0.236328125 0.13232421875 0.029296875 0.0224609375