32 0.9150390625 0.830078125 0.0263671875 0.0234375
28 0.3168303974609375 0.6565306279296875 0.3339107724609375 0.6418593828125 0.3423056650390625 0.5226872529296875 0.216359125 0.516664939453125 0.165014458984375 0.532570375 0.1873792900390625 0.6545070009765624 0.25570072265625 0.6560247109375 0.3168303974609375 0.6565306279296875
41 0.01318359375 0.697265625 0.0263671875 0.02734375
41 0.11181640625 0.6943359375 0.0234375 0.029296875
27 0.0136116513671875 0.6230658876953125 0.0281955478515625 0.6258016455078125 0.0415851708984375 0.6398523779296875 0.1847293544921875 0.62853740234375 0.1652841591796875 0.5098055419921875 0.14486671875 0.504881169921875 0.0304457119140625 0.5025442529296875 0.0184729501953125 0.5234843232421875 0.019366638671875 0.54857491796875 0.014583896484375 0.583123833984375 0.0136116513671875 0.6230658876953125
52 0.11962890625 0.73291015625 0.0283203125 0.02734375
52 0.013671875 0.73681640625 0.02734375 0.029296875
52 0.1279296875 0.81591796875 0.02734375 0.03125
28 0.7566835771484375 0.6319794013671876 0.8852356640625 0.6269203544921875 0.87305565234375 0.5539853935546875 0.869970572265625 0.5094241728515625 0.7414010390625 0.5075268466796875 0.728815564453125 0.5166331279296875 0.733200107421875 0.5499343603515625 0.728815564453125 0.621861306640625 0.7566835771484375 0.6319794013671876
16 0.85546875 0.52685546875 0.0283203125 0.025390625
16 0.7529296875 0.6103515625 0.03125 0.0302734375
16 0.755859375 0.52587890625 0.0302734375 0.03125
16 0.8525390625 0.61083984375 0.0283203125 0.03125
52 0.0263671875 0.8173828125 0.0224609375 0.0302734375
51 0.70458984375 0.51806640625 0.0234375 0.03125
51 0.60205078125 0.513671875 0.02734375 0.029296875
51 0.58740234375 0.5966796875 0.02734375 0.03125
51 0.69287109375 0.6015625 0.029296875 0.02734375
47 0.2978515625 0.8466796875 0.025390625 0.029296875
40 0.2529296875 0.67919921875 0.025390625 0.02734375
40 0.15087890625 0.6796875 0.03125 0.02734375
10 0.14892578125 0.7333984375 0.0341796875 0.025390625
10 0.15625 0.81689453125 0.025390625 0.029296875
10 0.25244140625 0.81787109375 0.0234375 0.029296875
10 0.25341796875 0.73291015625 0.025390625 0.025390625
47 0.287109375 0.76513671875 0.025390625 0.0283203125
47 0.3916015625 0.76220703125 0.02734375 0.02734375
47 0.3984375 0.841796875 0.0263671875 0.029296875
54 0.259765625 0.70556640625 0.0234375 0.025390625
54 0.158203125 0.70654296875 0.02734375 0.0234375
44 0.20458984375 0.5419921875 0.02734375 0.0234375
44 0.19677734375 0.6201171875 0.0244140625 0.025390625
44 0.29833984375 0.62841796875 0.025390625 0.02734375
26 0.54736328125 0.84765625 0.029296875 0.02734375