32 0.830078125 0.0849609375 0.0234375 0.0263671875
28 0.6565306279296875 0.6831696025390624 0.6418593828125 0.6660892275390625 0.5226872529296875 0.6576943349609375 0.516664939453125 0.783640875 0.532570375 0.834985541015625 0.6545070009765624 0.8126207099609375 0.6560247109375 0.74429927734375 0.6565306279296875 0.6831696025390624
41 0.697265625 0.98681640625 0.02734375 0.0263671875
41 0.6943359375 0.88818359375 0.029296875 0.0234375
27 0.6230658876953125 0.9863883486328126 0.636518044921875 0.978411486328125 0.6461042587890625 0.9510086513671875 0.6381852041015625 0.81843805859375 0.5098055419921875 0.8347158408203125 0.504881169921875 0.85513328125 0.5025442529296875 0.9695542880859375 0.5123140166015625 0.982855181640625 0.5360711572265625 0.982855181640625 0.583123833984375 0.985416103515625 0.6230658876953125 0.9863883486328126
52 0.73291015625 0.88037109375 0.02734375 0.0283203125
52 0.73681640625 0.986328125 0.029296875 0.02734375
52 0.81591796875 0.8720703125 0.03125 0.02734375
28 0.6319794013671876 0.2433164228515625 0.6269203544921875 0.1147643359375 0.5539853935546875 0.12694434765625 0.5094241728515625 0.130029427734375 0.5075268466796875 0.2585989609375 0.5166331279296875 0.271184435546875 0.5499343603515625 0.266799892578125 0.621861306640625 0.271184435546875 0.6319794013671876 0.2433164228515625
16 0.52685546875 0.14453125 0.025390625 0.0283203125
16 0.6103515625 0.2470703125 0.0302734375 0.03125
16 0.52587890625 0.244140625 0.03125 0.0302734375
16 0.61083984375 0.1474609375 0.03125 0.0283203125
52 0.8173828125 0.9736328125 0.0302734375 0.0224609375
51 0.51806640625 0.29541015625 0.03125 0.0234375
51 0.513671875 0.39794921875 0.029296875 0.02734375
51 0.5966796875 0.41259765625 0.03125 0.02734375
51 0.6015625 0.30712890625 0.02734375 0.029296875
47 0.8466796875 0.7021484375 0.029296875 0.025390625
40 0.67919921875 0.7470703125 0.02734375 0.025390625
40 0.6796875 0.84912109375 0.02734375 0.03125
10 0.7333984375 0.85107421875 0.025390625 0.0341796875
10 0.81689453125 0.84375 0.029296875 0.025390625
10 0.81787109375 0.74755859375 0.029296875 0.0224609375
10 0.73291015625 0.74658203125 0.025390625 0.025390625
47 0.76513671875 0.712890625 0.0283203125 0.025390625
47 0.76220703125 0.6083984375 0.02734375 0.02734375
47 0.841796875 0.6015625 0.029296875 0.0263671875
54 0.70556640625 0.740234375 0.025390625 0.0234375
54 0.70654296875 0.841796875 0.0234375 0.02734375
44 0.55615234375 0.80712890625 0.02734375 0.03125
26 0.84765625 0.45263671875 0.02734375 0.029296875
42 0.546875 0.78369140625 0.02734375 0.03125
42 0.62890625 0.775390625 0.03125 0.025390625