41 0.3017578125 0.111328125 0.02734375 0.0234375
41 0.29931640625 0.0087890625 0.0283203125 0.017578125
0 0.1416015625 0.0283203125 0.03125 0.02734375
26 0.234375 0.55029296875 0.029296875 0.0283203125
16 0.48583984375 0.78564453125 0.02734375 0.0244140625
16 0.4853515625 0.89013671875 0.0263671875 0.0234375
16 0.40087890625 0.88427734375 0.029296875 0.0263671875
16 0.40087890625 0.78271484375 0.029296875 0.0234375
51 0.40087890625 0.73388671875 0.02734375 0.025390625
51 0.484375 0.7412109375 0.029296875 0.03125
51 0.48779296875 0.638671875 0.029296875 0.0244140625
51 0.40478515625 0.6337890625 0.03125 0.029296875
32 0.16455078125 0.9306640625 0.0283203125 0.0263671875
32 0.17138671875 0.82763671875 0.029296875 0.02734375
44 0.13818359375 0.8232421875 0.02734375 0.0283203125
44 0.1337890625 0.92626953125 0.02734375 0.0302734375
24 0.16650390625 0.78662109375 0.029296875 0.0302734375
12 0.1943359375 0.787109375 0.02734375 0.0263671875
26 0.2333984375 0.65380859375 0.029296875 0.0263671875
44 0.0498046875 0.91748046875 0.033203125 0.02734375
39 0.19482421875 0.64892578125 0.0283203125 0.03125
39 0.197265625 0.54248046875 0.02734375 0.0263671875
38 0.4853515625 0.59326171875 0.029296875 0.02734375
38 0.39990234375 0.59228515625 0.029296875 0.03125
38 0.486328125 0.490234375 0.0283203125 0.0234375
13 0.068359375 0.1279296875 0.078125 0.2119140625
13 0.10009765625 0.171875 0.0078125 0.0830078125
13 0.037109375 0.08642578125 0.009765625 0.07421875
38 0.40234375 0.48828125 0.025390625 0.02734375
0 0.2265625 0.01904296875 0.029296875 0.02734375
24 0.17236328125 0.68408203125 0.029296875 0.029296875
27 0.435546875 0.08935546875 0.123046875 0.146484375
28 0.4296875 0.26318359375 0.140625 0.1689453125
28 0.4423828125 0.83984375 0.125 0.154296875
10 0.26953125 0.1455078125 0.029296875 0.02734375
52 0.267578125 0.11669921875 0.029296875 0.03125
0 0.2294921875 0.12451171875 0.029296875 0.03125
37 0.22412109375 0.26123046875 0.0283203125 0.029296875
37 0.2236328125 0.16015625 0.029296875 0.029296875
4 0.21923828125 0.3955078125 0.029296875 0.029296875
4 0.2197265625 0.29248046875 0.02734375 0.02734375
4 0.1357421875 0.40234375 0.03125 0.033203125
39 0.11474609375 0.53857421875 0.03125 0.037109375
39 0.11181640625 0.63916015625 0.03515625 0.0322265625
24 0.08740234375 0.671875 0.0302734375 0.0361328125
24 0.08349609375 0.77294921875 0.033203125 0.0341796875
44 0.0546875 0.81201171875 0.03125 0.0341796875
52 0.26318359375 0.01513671875 0.0263671875 0.02734375
46 0.447265625 0.3310546875 0.0283203125 0.0341796875
46 0.466796875 0.23095703125 0.0302734375 0.03515625
46 0.38525390625 0.18798828125 0.03125 0.0390625
46 0.369140625 0.2841796875 0.029296875 0.03515625