52 0.2109375 0.15185546875 0.02734375 0.021484375
16 0.32080078125 0.1376953125 0.0234375 0.0224609375
16 0.32177734375 0.03369140625 0.029296875 0.0185546875
16 0.236328125 0.03076171875 0.02734375 0.01953125
27 0.43359375 0.08935546875 0.126953125 0.146484375
35 0.38427734375 0.2177734375 0.0263671875 0.015625
37 0.166015625 0.78466796875 0.0263671875 0.025390625
52 0.20703125 0.25341796875 0.025390625 0.017578125
35 0.46826171875 0.21240234375 0.025390625 0.017578125
35 0.47021484375 0.31689453125 0.0224609375 0.01953125
35 0.38427734375 0.32373046875 0.0263671875 0.021484375
16 0.23583984375 0.13525390625 0.025390625 0.0185546875
52 0.29248046875 0.16064453125 0.02734375 0.0224609375
52 0.291015625 0.26220703125 0.02734375 0.017578125
47 0.26123046875 0.28271484375 0.0283203125 0.0205078125
47 0.2607421875 0.388671875 0.02734375 0.0205078125
47 0.1728515625 0.3759765625 0.025390625 0.017578125
23 0.4755859375 0.74365234375 0.0283203125 0.029296875
23 0.47900390625 0.84814453125 0.029296875 0.025390625
23 0.392578125 0.74755859375 0.025390625 0.033203125
23 0.39111328125 0.85205078125 0.02734375 0.033203125
47 0.18017578125 0.275390625 0.0234375 0.01953125
53 0.205078125 0.54345703125 0.02734375 0.015625
53 0.20458984375 0.64990234375 0.029296875 0.025390625
53 0.12158203125 0.6494140625 0.025390625 0.0244140625
53 0.12109375 0.54248046875 0.02734375 0.01953125
37 0.16845703125 0.68212890625 0.0234375 0.01953125
37 0.08349609375 0.6787109375 0.025390625 0.01953125
37 0.0810546875 0.787109375 0.029296875 0.0234375
40 0.26513671875 0.40966796875 0.0224609375 0.015625
40 0.2646484375 0.51708984375 0.021484375 0.033203125
54 0.24072265625 0.51611328125 0.0263671875 0.021484375
54 0.2421875 0.4091796875 0.0234375 0.0263671875
54 0.15966796875 0.4072265625 0.0234375 0.021484375
54 0.15771484375 0.51171875 0.02734375 0.0234375
32 0.176921462890625 0.929362505859375 0.168464513671875 0.9152065458984375 0.146369189453125 0.9423921904296875 0.15553487109375 0.959764828125 0.176921462890625 0.929362505859375
32 0.14632077734375 0.8405456708984375 0.1402587578125 0.8207828984375 0.118872166015625 0.852271083984375 0.1286489306640625 0.8685580244140625 0.14632077734375 0.8405456708984375
32 0.0730173740234375 0.93828354296875 0.0644891552734375 0.923933525390625 0.0394362529296875 0.9521642890625 0.046157791015625 0.9771376318359375 0.0730173740234375 0.93828354296875