52 0.2099609375 0.154296875 0.02734375 0.021484375
16 0.32080078125 0.1376953125 0.0234375 0.0224609375
16 0.32177734375 0.03369140625 0.029296875 0.0185546875
16 0.236328125 0.03076171875 0.02734375 0.01953125
27 0.4306640625 0.091796875 0.1240234375 0.140625
35 0.38427734375 0.2177734375 0.0263671875 0.015625
37 0.166015625 0.78466796875 0.0263671875 0.025390625
52 0.20703125 0.25830078125 0.025390625 0.017578125
35 0.46826171875 0.21240234375 0.025390625 0.017578125
35 0.47021484375 0.31689453125 0.0224609375 0.01953125
35 0.38427734375 0.32373046875 0.0263671875 0.021484375
16 0.23583984375 0.13525390625 0.025390625 0.0185546875
52 0.29248046875 0.16064453125 0.02734375 0.0224609375
52 0.291015625 0.26220703125 0.02734375 0.017578125
47 0.26123046875 0.28271484375 0.0283203125 0.0205078125
47 0.2607421875 0.388671875 0.02734375 0.0205078125
47 0.17822265625 0.27734375 0.02734375 0.0234375
47 0.1748046875 0.38232421875 0.025390625 0.017578125
23 0.245808798828125 0.408794056640625 0.221198677734375 0.40418142578125 0.2192627138671875 0.4222419736328125 0.2458821181640625 0.423101984375 0.245808798828125 0.408794056640625
23 0.2420102080078125 0.53318496484375 0.2427847763671875 0.510938814453125 0.2163587861328125 0.505664236328125 0.2153908046875 0.5297449228515625 0.2420102080078125 0.53318496484375
23 0.162635978515625 0.4205218876953125 0.1641601923828125 0.4012676005859375 0.1374685380859375 0.3973012763671875 0.13698451953125 0.4170817802734375 0.162635978515625 0.4205218876953125
23 0.15924805078125 0.5228647080078125 0.15924805078125 0.5013641181640625 0.13359662890625 0.5005041083984375 0.13359662890625 0.520284611328125 0.15924805078125 0.5228647080078125
53 0.205078125 0.54443359375 0.0283203125 0.021484375
53 0.205078125 0.64892578125 0.025390625 0.0224609375
53 0.12158203125 0.544921875 0.02734375 0.021484375
53 0.12158203125 0.64697265625 0.02734375 0.0224609375
37 0.16796875 0.6806640625 0.02734375 0.021484375
37 0.08203125 0.6806640625 0.025390625 0.01953125
37 0.08251953125 0.78564453125 0.029296875 0.01953125
54 0.14697265625 0.81201171875 0.02734375 0.017578125
54 0.1455078125 0.91455078125 0.0263671875 0.03125
54 0.0625 0.81103515625 0.0263671875 0.0234375
54 0.06103515625 0.91259765625 0.0302734375 0.02734375