52 0.84814453125 0.2109375 0.021484375 0.02734375
16 0.8623046875 0.32080078125 0.0224609375 0.0234375
16 0.96630859375 0.32177734375 0.0185546875 0.029296875
16 0.96923828125 0.236328125 0.01953125 0.02734375
27 0.91064453125 0.43359375 0.146484375 0.126953125
35 0.7822265625 0.38427734375 0.015625 0.0263671875
37 0.21533203125 0.166015625 0.025390625 0.0263671875
52 0.74658203125 0.20703125 0.017578125 0.025390625
35 0.78759765625 0.46826171875 0.017578125 0.025390625
35 0.68310546875 0.47021484375 0.01953125 0.0224609375
35 0.67626953125 0.38427734375 0.021484375 0.0263671875
16 0.86474609375 0.23583984375 0.0185546875 0.025390625
52 0.83935546875 0.29248046875 0.0224609375 0.02734375
52 0.73779296875 0.291015625 0.017578125 0.02734375
47 0.71728515625 0.26123046875 0.0205078125 0.0283203125
47 0.611328125 0.2607421875 0.0205078125 0.02734375
47 0.6240234375 0.1728515625 0.017578125 0.025390625
23 0.25634765625 0.4755859375 0.029296875 0.0283203125
23 0.15185546875 0.47900390625 0.025390625 0.029296875
23 0.25244140625 0.392578125 0.0341796875 0.025390625
23 0.14794921875 0.39111328125 0.033203125 0.02734375
47 0.724609375 0.18017578125 0.01953125 0.0234375
53 0.45654296875 0.205078125 0.015625 0.02734375
53 0.35009765625 0.20458984375 0.025390625 0.029296875
53 0.3505859375 0.12158203125 0.0244140625 0.025390625
53 0.45751953125 0.12109375 0.01953125 0.02734375
37 0.31787109375 0.16845703125 0.01953125 0.0234375
37 0.3212890625 0.08349609375 0.01953125 0.025390625
37 0.212890625 0.0810546875 0.0234375 0.029296875
40 0.59033203125 0.26513671875 0.015625 0.0224609375
40 0.48291015625 0.2646484375 0.033203125 0.021484375
54 0.48388671875 0.24072265625 0.021484375 0.0263671875
54 0.5908203125 0.2421875 0.0263671875 0.0234375
54 0.5927734375 0.15966796875 0.021484375 0.0234375
54 0.48828125 0.15771484375 0.0234375 0.02734375
32 0.070637494140625 0.176921462890625 0.0847934541015625 0.168464513671875 0.0576078095703125 0.146369189453125 0.040235171875 0.15553487109375 0.070637494140625 0.176921462890625
32 0.1594543291015625 0.14632077734375 0.1792171015625 0.1402587578125 0.147728916015625 0.118872166015625 0.1314419755859375 0.1286489306640625 0.1594543291015625 0.14632077734375
32 0.06171645703125 0.0730173740234375 0.076066474609375 0.0644891552734375 0.0478357109375 0.0394362529296875 0.0228623681640625 0.046157791015625 0.06171645703125 0.0730173740234375