27 0.9130859375 0.43408203125 0.1611328125 0.126953125
52 0.74755859375 0.2119140625 0.017578125 0.025390625
52 0.8466796875 0.29541015625 0.0224609375 0.02734375
52 0.73828125 0.29345703125 0.0244140625 0.0283203125
47 0.72119140625 0.26123046875 0.0205078125 0.0283203125
47 0.61865234375 0.259765625 0.0205078125 0.02734375
47 0.61962890625 0.1748046875 0.017578125 0.025390625
23 0.25634765625 0.4755859375 0.029296875 0.0283203125
23 0.15185546875 0.47900390625 0.025390625 0.029296875
23 0.25244140625 0.392578125 0.0341796875 0.025390625
23 0.14794921875 0.39111328125 0.033203125 0.02734375
47 0.724609375 0.17626953125 0.01953125 0.0244140625
37 0.3212890625 0.08349609375 0.01953125 0.025390625
40 0.59375 0.26513671875 0.0234375 0.0224609375
54 0.48388671875 0.24072265625 0.021484375 0.0263671875
54 0.5908203125 0.2421875 0.0263671875 0.0234375
54 0.5927734375 0.15966796875 0.021484375 0.0234375
54 0.48828125 0.15771484375 0.0234375 0.02734375
53 0.97265625 0.32275390625 0.021484375 0.025390625
53 0.8642578125 0.32177734375 0.02734375 0.025390625
53 0.96923828125 0.2373046875 0.01953125 0.025390625
26 0.45751953125 0.2333984375 0.029296875 0.0263671875
26 0.455078125 0.14794921875 0.0224609375 0.0244140625
26 0.35302734375 0.14697265625 0.0205078125 0.025390625
52 0.84765625 0.212890625 0.0166015625 0.0302734375
53 0.86767578125 0.236328125 0.0224609375 0.029296875
1 0.790406392578125 0.46778674609375 0.80924412109375 0.4648507333984375 0.804900919921875 0.4391868310546875 0.786442419921875 0.4422420576171875 0.790406392578125 0.46778674609375
28 0.8005404267578125 0.3481612607421875 0.65395795703125 0.3542717158203125 0.647443197265625 0.4709814052734375 0.665901697265625 0.480758134765625 0.6869667822265625 0.488555857421875 0.8168273681640625 0.4777029072265625 0.837457509765625 0.46059362109375 0.802712068359375 0.37871353515625 0.8005404267578125 0.3481612607421875
5 0.7682447109375 0.470368513671875 0.785248201171875 0.4738953623046875 0.7856175146484375 0.4508150712890625 0.7704163525390625 0.4508150712890625 0.7682447109375 0.470368513671875
5 0.77099609375 0.38134765625 0.025390625 0.029296875
5 0.6669921875 0.380859375 0.025390625 0.02734375