32 0.0849609375 0.169921875 0.0263671875 0.0234375
28 0.6831696025390624 0.3434693720703125 0.6660892275390625 0.3581406171875 0.6576943349609375 0.4773127470703125 0.783640875 0.483335060546875 0.834985541015625 0.467429625 0.8126207099609375 0.3454929990234375 0.74429927734375 0.3439752890625 0.6831696025390624 0.3434693720703125
41 0.98681640625 0.302734375 0.0263671875 0.02734375
41 0.88818359375 0.3056640625 0.0234375 0.029296875
27 0.9863883486328126 0.3769341123046875 0.9718044521484375 0.3741983544921875 0.9584148291015625 0.3601476220703125 0.8152706455078125 0.37146259765625 0.8347158408203125 0.4901944580078125 0.85513328125 0.495118830078125 0.9695542880859375 0.4974557470703125 0.9815270498046875 0.4765156767578125 0.980633361328125 0.45142508203125 0.985416103515625 0.416876166015625 0.9863883486328126 0.3769341123046875
52 0.88037109375 0.26708984375 0.0283203125 0.02734375
52 0.986328125 0.26318359375 0.02734375 0.029296875
52 0.8720703125 0.18408203125 0.02734375 0.03125
28 0.2433164228515625 0.3680205986328125 0.1147643359375 0.3730796455078125 0.12694434765625 0.4460146064453125 0.130029427734375 0.4905758271484375 0.2585989609375 0.4924731533203125 0.271184435546875 0.4833668720703125 0.266799892578125 0.4500656396484375 0.271184435546875 0.378138693359375 0.2433164228515625 0.3680205986328125
16 0.14453125 0.47314453125 0.0283203125 0.025390625
16 0.2470703125 0.3896484375 0.0322265625 0.0302734375
16 0.244140625 0.47412109375 0.0302734375 0.03125
16 0.1474609375 0.38916015625 0.0283203125 0.03125
52 0.9736328125 0.1826171875 0.0224609375 0.0302734375
51 0.29541015625 0.48193359375 0.0234375 0.03125
51 0.39794921875 0.486328125 0.02734375 0.029296875
51 0.41259765625 0.4033203125 0.02734375 0.03125
51 0.30712890625 0.3984375 0.029296875 0.02734375
47 0.7021484375 0.1533203125 0.025390625 0.029296875
40 0.7470703125 0.32080078125 0.025390625 0.02734375
40 0.84912109375 0.3203125 0.03125 0.02734375
10 0.85107421875 0.2666015625 0.0341796875 0.025390625
10 0.84375 0.18310546875 0.025390625 0.029296875
10 0.74755859375 0.18212890625 0.0234375 0.029296875
10 0.74658203125 0.26708984375 0.025390625 0.025390625
47 0.712890625 0.23486328125 0.025390625 0.0283203125
47 0.6083984375 0.23779296875 0.02734375 0.02734375
47 0.6015625 0.158203125 0.0263671875 0.029296875
54 0.740234375 0.29443359375 0.0234375 0.025390625
54 0.841796875 0.29345703125 0.02734375 0.0234375
44 0.79541015625 0.4580078125 0.02734375 0.0234375
44 0.80322265625 0.3798828125 0.0244140625 0.025390625
44 0.70166015625 0.37158203125 0.025390625 0.02734375
26 0.45263671875 0.15234375 0.029296875 0.02734375