28 0.5140605537109375 0.6592814638671874 0.5099418740234375 0.7836992763671875 0.5160332080078125 0.804439623046875 0.52190669921875 0.817361513671875 0.6335030166015625 0.8104035810546875 0.6373043779296875 0.6592814638671874 0.5140605537109375 0.6592814638671874
41 0.69970703125 0.994140625 0.025390625 0.01171875
52 0.736328125 0.9794921875 0.0283203125 0.0302734375
52 0.73486328125 0.87744140625 0.02734375 0.0283203125
52 0.82080078125 0.97705078125 0.03125 0.02734375
52 0.8173828125 0.87158203125 0.02734375 0.0283203125
10 0.73486328125 0.853515625 0.02734375 0.01953125
10 0.73193359375 0.7490234375 0.0234375 0.0263671875
37 0.78173828125 0.8447265625 0.025390625 0.0234375
37 0.7783203125 0.74267578125 0.029296875 0.0224609375
37 0.865234375 0.84130859375 0.0283203125 0.01953125
37 0.86181640625 0.736328125 0.0283203125 0.02734375
47 0.7607421875 0.60888671875 0.03125 0.02734375
47 0.763671875 0.7099609375 0.02734375 0.025390625
47 0.84765625 0.701171875 0.029296875 0.0224609375
47 0.84228515625 0.59716796875 0.029296875 0.02734375
27 0.508015935546875 0.83893399609375 0.5039044619140625 0.9645256689453126 0.51446562890625 0.9838200009765625 0.62236998046875 0.98773584765625 0.63150287109375 0.978312767578125 0.6302371591796875 0.84309162890625 0.508015935546875 0.83893399609375
28 0.5011210205078125 0.0861391904296875 0.49812045703125 0.230099099609375 0.61280873828125 0.2407628134765625 0.61880983984375 0.1151681943359375 0.6134755068359375 0.086731654296875 0.5011210205078125 0.0861391904296875
16 0.51416015625 0.21435546875 0.02734375 0.0244140625
16 0.5146484375 0.10986328125 0.0263671875 0.0234375
16 0.59912109375 0.11572265625 0.029296875 0.0263671875
16 0.59912109375 0.21728515625 0.029296875 0.0234375
51 0.59912109375 0.26611328125 0.02734375 0.025390625
51 0.515625 0.2587890625 0.029296875 0.03125
51 0.51220703125 0.361328125 0.029296875 0.0244140625
51 0.59521484375 0.3662109375 0.03125 0.029296875
44 0.9462890625 0.189453125 0.03125 0.03515625
24 0.916015625 0.22998046875 0.0302734375 0.0361328125
24 0.91064453125 0.330078125 0.03125 0.0322265625
30 0.802734375 0.45751953125 0.02734375 0.0263671875
39 0.88671875 0.46142578125 0.029296875 0.0224609375
39 0.88916015625 0.35595703125 0.0244140625 0.02734375
38 0.5146484375 0.40673828125 0.029296875 0.02734375
38 0.60009765625 0.40771484375 0.029296875 0.03125
38 0.513671875 0.509765625 0.0283203125 0.0234375
13 0.931640625 0.8720703125 0.0791015625 0.2119140625
13 0.89990234375 0.828125 0.0078125 0.0830078125
13 0.962890625 0.91357421875 0.009765625 0.07421875
38 0.59765625 0.51171875 0.025390625 0.02734375
36 0.52978515625 0.78125 0.0263671875 0.021484375
36 0.53173828125 0.677734375 0.0283203125 0.0263671875