37 0.91650390625 0.3212890625 0.025390625 0.01953125
32 0.830078125 0.0849609375 0.0234375 0.0263671875
16 0.85986328125 0.0869140625 0.029296875 0.02734375
28 0.6487628125 0.7971277744140625 0.6422772509765625 0.747736958984375 0.6450567744140625 0.704931548828125 0.6422772509765625 0.6662421025390625 0.5218309150390625 0.6571871318359375 0.5158086025390625 0.7831336728515625 0.5317140380859375 0.834478337890625 0.6371814345703125 0.830054984375 0.6390344619140625 0.8127682119140625 0.6487628125 0.7971277744140625
26 0.7685546875 0.3505859375 0.029296875 0.02734375
41 0.69580078125 0.9765625 0.0234375 0.02734375
41 0.6943359375 0.8740234375 0.029296875 0.0224609375
27 0.6230658662109375 0.9862028154296875 0.625801623046875 0.9716189189453125 0.6438576181640625 0.9638408115234375 0.628537380859375 0.8150851123046875 0.5098055205078125 0.8345303076171875 0.5048811484375 0.854947748046875 0.5025442314453125 0.9693687548828125 0.5234843017578125 0.9813415166015625 0.5284086630859375 0.999814466796875 0.5831238115234375 0.9852305703125 0.6230658662109375 0.9862028154296875
52 0.734375 0.876953125 0.02734375 0.0283203125
52 0.734375 0.98193359375 0.0224609375 0.02734375
52 0.8173828125 0.8818359375 0.03125 0.02734375
10 0.5400390625 0.689453125 0.0234375 0.03125
10 0.53076171875 0.7919921875 0.02734375 0.0234375
28 0.628273705078125 0.13854940625 0.5133864423828125 0.11138443359375 0.501805064453125 0.2455628388671875 0.50826955859375 0.2618963955078125 0.6157658134765625 0.2809596142578125 0.6264206953125 0.27025824609375 0.628273705078125 0.13854940625
15 0.52783203125 0.13525390625 0.025390625 0.0283203125
10 0.6162109375 0.80859375 0.0263671875 0.0302734375
15 0.60400390625 0.25439453125 0.0302734375 0.03125
15 0.51904296875 0.24072265625 0.03125 0.0302734375
15 0.6103515625 0.15283203125 0.03125 0.0283203125
52 0.8173828125 0.98291015625 0.029296875 0.033203125
40 0.67041015625 0.845703125 0.0234375 0.02734375
54 0.756272931640625 0.8281023740234374 0.75474010546875 0.8487003955078125 0.7838639814453126 0.8641922548828125 0.7873128349609375 0.841890978515625 0.756272931640625 0.8281023740234374
54 0.769302029296875 0.730897505859375 0.7670027685546875 0.74911308984375 0.7934441962890625 0.75268762109375 0.795743412109375 0.73430221484375 0.769302029296875 0.730897505859375
47 0.812604625 0.71046925390625 0.8102423818359376 0.741028927734375 0.83751316796875 0.75268762109375 0.84211166015625 0.7234071572265625 0.812604625 0.71046925390625
47 0.8225680283203125 0.6124135810546875 0.81981971484375 0.629506205078125 0.8478597880859375 0.64441792578125 0.84939262890625 0.6233086904296875 0.8225680283203125 0.6124135810546875
54 0.6788648017578125 0.8296340576171874 0.7041565703125 0.8364434755859375 0.7056893955078125 0.8153342919921875 0.678481591796875 0.811248599609375 0.6788648017578125 0.8296340576171874