28 0.16015625 0.4423828125 0.154296875 0.125
41 0.8876953125 0.30126953125 0.025390625 0.0283203125
41 0.9912109375 0.29931640625 0.017578125 0.0283203125
0 0.9716796875 0.1416015625 0.02734375 0.03125
16 0.21435546875 0.48583984375 0.0244140625 0.02734375
16 0.10986328125 0.4853515625 0.0234375 0.0263671875
16 0.11572265625 0.40087890625 0.0263671875 0.029296875
16 0.21728515625 0.40087890625 0.0244140625 0.029296875
51 0.2626953125 0.40185546875 0.025390625 0.02734375
51 0.2587890625 0.484375 0.03125 0.029296875
51 0.361328125 0.48779296875 0.0244140625 0.029296875
38 0.39306640625 0.48486328125 0.025390625 0.02734375
38 0.498046875 0.486328125 0.0234375 0.0283203125
13 0.8720703125 0.068359375 0.2119140625 0.078125
13 0.828125 0.10009765625 0.0830078125 0.0078125
13 0.91357421875 0.037109375 0.07421875 0.009765625
0 0.98046875 0.2265625 0.033203125 0.029296875
10 0.8544921875 0.26953125 0.02734375 0.029296875
52 0.88330078125 0.267578125 0.03125 0.029296875
0 0.87744140625 0.23095703125 0.03515625 0.03125
37 0.73876953125 0.22216796875 0.029296875 0.0283203125
37 0.84130859375 0.22021484375 0.029296875 0.029296875
52 0.98486328125 0.26220703125 0.02734375 0.0283203125
37 0.8359375 0.1357421875 0.029296875 0.03125
37 0.73291015625 0.13916015625 0.03125 0.03125
0 0.869140625 0.14453125 0.03125 0.03125
10 0.75341796875 0.2724609375 0.03125 0.0263671875
38 0.39892578125 0.40234375 0.025390625 0.029296875
51 0.3623046875 0.4033203125 0.025390625 0.0302734375
38 0.5029296875 0.40185546875 0.02734375 0.03125
27 0.8720703125 0.439453125 0.15234375 0.119140625
2 0.69287109375 0.203125 0.033203125 0.03125
45 0.69580078125 0.2333984375 0.029296875 0.0302734375
4 0.6943359375 0.265625 0.03125 0.029296875
34 0.6943359375 0.3271484375 0.03125 0.029296875
9 0.6982421875 0.3720703125 0.02734375 0.029296875
9 0.59326171875 0.37451171875 0.0361328125 0.02734375
47 0.6845703125 0.29345703125 0.0341796875 0.0283203125
4 0.58642578125 0.2666015625 0.0302734375 0.0283203125
45 0.58935546875 0.23291015625 0.0302734375 0.0244140625
34 0.58935546875 0.3310546875 0.029296875 0.029296875
2 0.587890625 0.2041015625 0.0380859375 0.029296875
2 0.5830078125 0.119140625 0.03125 0.03125
2 0.6826171875 0.1201171875 0.041015625 0.03125
14 0.50048828125 0.28759765625 0.03515625 0.03125
50 0.51318359375 0.318359375 0.0244140625 0.03125
22 0.49951171875 0.35595703125 0.029296875 0.03125
22 0.39697265625 0.35400390625 0.0341796875 0.033203125
50 0.412109375 0.32373046875 0.0205078125 0.02734375
42 0.39892578125 0.28955078125 0.0283203125 0.03125
26 0.50341796875 0.25439453125 0.02734375 0.033203125
26 0.39697265625 0.251953125 0.0234375 0.029296875
39 0.50390625 0.220703125 0.0302734375 0.029296875
39 0.40380859375 0.220703125 0.044921875 0.025390625
39 0.400390625 0.13916015625 0.02734375 0.033203125
39 0.50390625 0.13818359375 0.0302734375 0.03125
3 0.35595703125 0.353515625 0.0244140625 0.0302734375
3 0.2529296875 0.35546875 0.0361328125 0.029296875
8 0.36083984375 0.318359375 0.0205078125 0.029296875
8 0.25830078125 0.3193359375 0.0361328125 0.02734375
11 0.365234375 0.28515625 0.02734375 0.0244140625
11 0.265625 0.28857421875 0.033203125 0.025390625
25 0.3486328125 0.25390625 0.0341796875 0.0302734375
25 0.24853515625 0.25537109375 0.0302734375 0.029296875
12 0.24951171875 0.2158203125 0.025390625 0.029296875
12 0.35400390625 0.21533203125 0.0283203125 0.02734375
24 0.3740234375 0.18115234375 0.02734375 0.03125
24 0.27099609375 0.185546875 0.033203125 0.0283203125
24 0.25732421875 0.10400390625 0.0390625 0.03125
24 0.35302734375 0.09814453125 0.037109375 0.029296875
49 0.20849609375 0.34912109375 0.02734375 0.037109375
49 0.10595703125 0.349609375 0.0400390625 0.03515625
30 0.208984375 0.3115234375 0.03515625 0.02734375
30 0.10595703125 0.3154296875 0.03515625 0.0322265625
21 0.21875 0.2802734375 0.0302734375 0.025390625
21 0.1181640625 0.28759765625 0.0322265625 0.0283203125
43 0.2158203125 0.244140625 0.0263671875 0.0283203125
43 0.11474609375 0.251953125 0.0341796875 0.029296875
17 0.2060546875 0.212890625 0.0361328125 0.02734375
17 0.10400390625 0.21826171875 0.033203125 0.02734375
44 0.19873046875 0.15087890625 0.0322265625 0.03515625
44 0.0966796875 0.1494140625 0.037109375 0.0322265625
1 0.09521484375 0.18310546875 0.0283203125 0.03125