28 0.5576171875 0.16015625 0.125 0.154296875
41 0.69873046875 0.8876953125 0.0283203125 0.025390625
41 0.70068359375 0.9912109375 0.0283203125 0.017578125
51 0.59814453125 0.2626953125 0.02734375 0.025390625
51 0.515625 0.2587890625 0.029296875 0.03125
51 0.51220703125 0.361328125 0.029296875 0.0244140625
38 0.51513671875 0.39306640625 0.02734375 0.025390625
38 0.513671875 0.498046875 0.0283203125 0.0234375
0 0.7734375 0.98046875 0.029296875 0.0341796875
10 0.73046875 0.8544921875 0.029296875 0.02734375
52 0.732421875 0.88330078125 0.029296875 0.0322265625
0 0.76904296875 0.87744140625 0.03125 0.03515625
37 0.77392578125 0.84130859375 0.029296875 0.029296875
52 0.73779296875 0.98486328125 0.0283203125 0.02734375
10 0.7275390625 0.75341796875 0.0263671875 0.03125
38 0.59765625 0.39892578125 0.029296875 0.025390625
51 0.5966796875 0.3623046875 0.0302734375 0.025390625
38 0.59814453125 0.5029296875 0.03125 0.02734375
4 0.734375 0.6943359375 0.029296875 0.03125
9 0.62548828125 0.59326171875 0.02734375 0.0361328125
22 0.64404296875 0.49951171875 0.03125 0.029296875
22 0.64599609375 0.39697265625 0.033203125 0.0341796875
50 0.67626953125 0.412109375 0.02734375 0.0205078125
42 0.71044921875 0.39892578125 0.03125 0.0283203125
3 0.646484375 0.35595703125 0.0302734375 0.0244140625
3 0.64453125 0.2529296875 0.029296875 0.0361328125
8 0.681640625 0.36083984375 0.029296875 0.0205078125
8 0.6806640625 0.25830078125 0.02734375 0.0361328125
11 0.71484375 0.365234375 0.0244140625 0.02734375
11 0.71142578125 0.265625 0.025390625 0.033203125
25 0.74462890625 0.24853515625 0.029296875 0.0302734375
49 0.65087890625 0.20849609375 0.037109375 0.02734375
49 0.650390625 0.10595703125 0.03515625 0.041015625
30 0.6884765625 0.208984375 0.02734375 0.03515625
30 0.6845703125 0.10595703125 0.0322265625 0.03515625
21 0.7197265625 0.21875 0.025390625 0.0302734375
21 0.71240234375 0.1181640625 0.0283203125 0.0322265625
43 0.755859375 0.2158203125 0.0283203125 0.0263671875
43 0.748046875 0.11474609375 0.029296875 0.0341796875
17 0.787109375 0.2060546875 0.02734375 0.0361328125
17 0.78173828125 0.10400390625 0.02734375 0.033203125
44 0.8505859375 0.0966796875 0.0322265625 0.037109375
1 0.81689453125 0.09521484375 0.03125 0.0283203125
32 0.87353515625 0.1025390625 0.029296875 0.033203125
15 0.50341796875 0.6884765625 0.03125 0.0361328125
15 0.49658203125 0.58837890625 0.03125 0.04296875
15 0.5810546875 0.572265625 0.033203125 0.0361328125
15 0.58642578125 0.673828125 0.033203125 0.03125
23 0.5146484375 0.21435546875 0.029296875 0.029296875
23 0.5185546875 0.11474609375 0.0322265625 0.033203125
23 0.60205078125 0.12158203125 0.0302734375 0.0234375
23 0.59912109375 0.22216796875 0.037109375 0.0380859375
18 0.88134765625 0.8212890625 0.0322265625 0.0322265625
46 0.79736328125 0.98046875 0.029296875 0.033203125
46 0.79345703125 0.876953125 0.0283203125 0.033203125
46 0.87939453125 0.869140625 0.03515625 0.03515625
46 0.8818359375 0.97509765625 0.0322265625 0.04296875
45 0.76806640625 0.69384765625 0.029296875 0.033203125
18 0.802734375 0.83837890625 0.029296875 0.03125
18 0.79833984375 0.73193359375 0.0263671875 0.033203125
18 0.880859375 0.72412109375 0.029296875 0.037109375
2 0.79638671875 0.6865234375 0.029296875 0.033203125
2 0.794921875 0.58984375 0.033203125 0.033203125
16 0.82568359375 0.6826171875 0.029296875 0.0302734375
16 0.8251953125 0.57568359375 0.029296875 0.03125
33 0.8623046875 0.68408203125 0.03125 0.033203125
33 0.86181640625 0.57958984375 0.0283203125 0.025390625
33 0.9443359375 0.57666015625 0.03125 0.0302734375
33 0.9453125 0.68359375 0.03125 0.02734375
39 0.8623046875 0.5029296875 0.03125 0.0380859375