28 0.5576171875 0.16015625 0.125 0.154296875
41 0.69873046875 0.8876953125 0.0283203125 0.025390625
41 0.70068359375 0.9912109375 0.0283203125 0.017578125
0 0.8583984375 0.9716796875 0.03125 0.02734375
16 0.51416015625 0.21435546875 0.02734375 0.0244140625
16 0.5146484375 0.10986328125 0.0263671875 0.0234375
16 0.59912109375 0.11572265625 0.029296875 0.0263671875
16 0.59912109375 0.21728515625 0.029296875 0.0234375
51 0.59814453125 0.2626953125 0.02734375 0.025390625
51 0.515625 0.2587890625 0.029296875 0.03125
51 0.51220703125 0.361328125 0.029296875 0.0244140625
38 0.51513671875 0.39306640625 0.02734375 0.025390625
38 0.513671875 0.498046875 0.0283203125 0.0234375
13 0.931640625 0.8720703125 0.0791015625 0.2119140625
13 0.89990234375 0.828125 0.0078125 0.0830078125
13 0.962890625 0.91357421875 0.009765625 0.07421875
0 0.7734375 0.98046875 0.029296875 0.0341796875
10 0.73046875 0.8544921875 0.029296875 0.02734375
52 0.732421875 0.88330078125 0.029296875 0.0322265625
0 0.76904296875 0.87744140625 0.03125 0.03515625
37 0.77783203125 0.73876953125 0.0283203125 0.0283203125
37 0.77978515625 0.84130859375 0.029296875 0.029296875
52 0.73779296875 0.98486328125 0.0283203125 0.02734375
37 0.8642578125 0.8359375 0.03125 0.029296875
37 0.86083984375 0.73291015625 0.03125 0.03125
0 0.85546875 0.869140625 0.03125 0.03125
10 0.7275390625 0.75341796875 0.0263671875 0.03125
38 0.59765625 0.39892578125 0.029296875 0.025390625
51 0.5966796875 0.3623046875 0.0302734375 0.025390625
38 0.59814453125 0.5029296875 0.03125 0.02734375
27 0.560546875 0.8720703125 0.119140625 0.15234375
2 0.796875 0.69287109375 0.03125 0.033203125
45 0.7666015625 0.69580078125 0.0302734375 0.029296875
4 0.734375 0.6943359375 0.029296875 0.03125
34 0.6728515625 0.6943359375 0.029296875 0.03125
9 0.6279296875 0.6982421875 0.029296875 0.02734375
9 0.62548828125 0.59326171875 0.02734375 0.0361328125
47 0.70654296875 0.6845703125 0.0283203125 0.0341796875
4 0.7333984375 0.58642578125 0.0283203125 0.0302734375
45 0.76708984375 0.58935546875 0.0244140625 0.0302734375
34 0.6689453125 0.58935546875 0.029296875 0.029296875
2 0.7958984375 0.587890625 0.029296875 0.0380859375
2 0.880859375 0.5830078125 0.03125 0.03125
2 0.8798828125 0.6826171875 0.03125 0.041015625
14 0.71240234375 0.50048828125 0.03125 0.03515625
50 0.681640625 0.51318359375 0.03125 0.0244140625
22 0.64404296875 0.49951171875 0.03125 0.029296875
22 0.64599609375 0.39697265625 0.033203125 0.0341796875
50 0.67626953125 0.412109375 0.02734375 0.0205078125
42 0.71044921875 0.39892578125 0.03125 0.0283203125
26 0.74560546875 0.50341796875 0.033203125 0.02734375
26 0.748046875 0.39697265625 0.029296875 0.0234375
39 0.779296875 0.50390625 0.029296875 0.0302734375
39 0.779296875 0.40380859375 0.025390625 0.044921875
39 0.86083984375 0.400390625 0.033203125 0.02734375
39 0.86181640625 0.50390625 0.03125 0.0302734375
3 0.646484375 0.35595703125 0.0302734375 0.0244140625
3 0.64453125 0.2529296875 0.029296875 0.0361328125
8 0.681640625 0.36083984375 0.029296875 0.0205078125
8 0.6806640625 0.25830078125 0.02734375 0.0361328125
11 0.71484375 0.365234375 0.0244140625 0.02734375
11 0.71142578125 0.265625 0.025390625 0.033203125
25 0.74609375 0.3486328125 0.0302734375 0.0341796875
25 0.74462890625 0.24853515625 0.029296875 0.0302734375
12 0.7841796875 0.24951171875 0.029296875 0.025390625
12 0.78466796875 0.35400390625 0.02734375 0.0283203125
24 0.81884765625 0.3740234375 0.03125 0.02734375
24 0.814453125 0.27099609375 0.0283203125 0.033203125
24 0.89599609375 0.25732421875 0.03125 0.0390625
24 0.90185546875 0.35302734375 0.029296875 0.037109375
49 0.65087890625 0.20849609375 0.037109375 0.02734375
49 0.650390625 0.10595703125 0.03515625 0.041015625
30 0.6884765625 0.208984375 0.02734375 0.03515625
30 0.6845703125 0.10595703125 0.0322265625 0.03515625
21 0.7197265625 0.21875 0.025390625 0.0302734375
21 0.71240234375 0.1181640625 0.0283203125 0.0322265625
43 0.755859375 0.2158203125 0.0283203125 0.0263671875
43 0.748046875 0.11474609375 0.029296875 0.0341796875
17 0.787109375 0.2060546875 0.02734375 0.0361328125
17 0.78173828125 0.10400390625 0.02734375 0.033203125
17 0.86181640625 0.0888671875 0.03125 0.03125
17 0.8671875 0.19384765625 0.033203125 0.033203125
44 0.92626953125 0.55029296875 0.029296875 0.041015625
1 0.96337890625 0.5537109375 0.0224609375 0.0546875