27 0.2236328125 0.83935546875 0.447265625 0.314453125
33 0.4990234375 0.32080078125 0.087890625 0.01953125
33 0.158203125 0.3349609375 0.087890625 0.01953125
33 0.48046875 0.1962890625 0.083984375 0.0166015625
33 0.14697265625 0.2138671875 0.0830078125 0.0185546875
28 0.31396484375 0.28515625 0.52734375 0.23828125
27 0.3251953125 0.49755859375 0.498046875 0.216796875
28 0.66015625 0.7001953125 0.505859375 0.326171875
20 0.5166015625 0.6494140625 0.0546875 0.048828125
20 0.72412109375 0.60400390625 0.056640625 0.0498046875
20 0.6494140625 0.83642578125 0.052734375 0.048828125
20 0.8623046875 0.79150390625 0.052734375 0.05078125