4 0.9091796875 0.62353515625 0.0830078125 0.015625
11 0.1025390625 0.78466796875 0.076171875 0.017578125
4 0.55810546875 0.6220703125 0.080078125 0.017578125
2 0.06103515625 0.48583984375 0.08203125 0.017578125
47 0.8525390625 0.43701171875 0.083984375 0.017578125
12 0.56689453125 0.9296875 0.07421875 0.01953125
2 0.08544921875 0.60791015625 0.08203125 0.0185546875
2 0.423828125 0.5849609375 0.078125 0.01953125
4 0.9072265625 0.75244140625 0.0830078125 0.0166015625
4 0.55859375 0.74755859375 0.083984375 0.0185546875
2 0.39990234375 0.4638671875 0.078125 0.017578125
47 0.515625 0.45751953125 0.0830078125 0.01953125
51 0.1083984375 0.953125 0.078125 0.01953125
12 0.91748046875 0.923828125 0.078125 0.01953125
11 0.431640625 0.6484375 0.07421875 0.017578125
11 0.44287109375 0.771484375 0.076171875 0.017578125
51 0.09521484375 0.82666015625 0.0791015625 0.0166015625
51 0.44921875 0.94287109375 0.080078125 0.0185546875
11 0.08984375 0.65869140625 0.072265625 0.015625
47 0.87939453125 0.556640625 0.087890625 0.0185546875
51 0.43115234375 0.81591796875 0.078125 0.0185546875
47 0.54296875 0.5771484375 0.0830078125 0.01953125
12 0.5576171875 0.80419921875 0.07421875 0.017578125