28 0.3671875 0.2978515625 0.4921875 0.2138671875
27 0.2646484375 0.798828125 0.400390625 0.3046875
7 0.22314453125 0.37939453125 0.08203125 0.0205078125
7 0.51611328125 0.22607421875 0.0810546875 0.017578125
7 0.1865234375 0.26171875 0.080078125 0.017578125
7 0.5546875 0.3447265625 0.0830078125 0.0166015625
27 0.45703125 0.505859375 0.5068359375 0.2529296875
28 0.68798828125 0.705078125 0.45703125 0.3193359375
42 0.63623046875 0.82568359375 0.060546875 0.0537109375
42 0.51708984375 0.63671875 0.052734375 0.048828125
42 0.7314453125 0.5947265625 0.060546875 0.0478515625