14 0.8623046875 0.6474609375 0.078125 0.01953125
14 0.51513671875 0.76171875 0.0830078125 0.021484375
14 0.521484375 0.63720703125 0.08203125 0.01953125
14 0.85205078125 0.7666015625 0.083984375 0.021484375
27 0.77587890625 0.1728515625 0.4482421875 0.328125
28 0.68603515625 0.71728515625 0.501953125 0.2314453125
27 0.6533203125 0.49560546875 0.470703125 0.2109375
28 0.326171875 0.29443359375 0.498046875 0.326171875
16 0.4912109375 0.3564453125 0.0625 0.048828125
16 0.2822265625 0.40380859375 0.0703125 0.046875
16 0.35986328125 0.16943359375 0.05859375 0.05078125
16 0.1494140625 0.21337890625 0.060546875 0.048828125