48 0.69921875 0.52734375 0.0234375 0.08984375
48 0.78662109375 0.16064453125 0.0224609375 0.0849609375
48 0.66650390625 0.1923828125 0.0224609375 0.087890625
48 0.8193359375 0.490234375 0.021484375 0.0830078125
13 0.361328125 0.451171875 0.0244140625 0.03515625
27 0.50244140625 0.31005859375 0.2216796875 0.4775390625
27 0.14404296875 0.19775390625 0.2880859375 0.3955078125
13 0.4306640625 0.64501953125 0.021484375 0.04296875
13 0.16796875 0.66748046875 0.0234375 0.04296875
13 0.23974609375 0.86376953125 0.0244140625 0.0478515625
28 0.30810546875 0.66357421875 0.337890625 0.51171875
28 0.7353515625 0.33642578125 0.232421875 0.509765625