10 0.11865234375 0.42041015625 0.0546875 0.041015625
10 0.4375 0.5546875 0.0595703125 0.041015625
24 0.89404296875 0.7373046875 0.0546875 0.04296875
12 0.61669921875 0.80078125 0.05859375 0.04296875
12 0.48876953125 0.61572265625 0.0498046875 0.0439453125
10 0.23193359375 0.59716796875 0.048828125 0.041015625
10 0.3203125 0.37841796875 0.0478515625 0.041015625
26 0.39208984375 0.3662109375 0.0546875 0.04296875
26 0.591796875 0.3212890625 0.0546875 0.044921875
26 0.71875 0.4931640625 0.0546875 0.044921875
26 0.5146484375 0.54052734375 0.0556640625 0.046875
12 0.40673828125 0.84814453125 0.056640625 0.044921875
12 0.2802734375 0.662109375 0.0478515625 0.041015625
24 0.68310546875 0.7822265625 0.056640625 0.048828125
24 0.55419921875 0.6015625 0.05078125 0.0439453125
24 0.75732421875 0.55615234375 0.0595703125 0.0439453125