27 0.16064453125 0.2236328125 0.314453125 0.447265625
33 0.67919921875 0.4990234375 0.01953125 0.087890625
33 0.6650390625 0.158203125 0.01953125 0.087890625
33 0.8037109375 0.48046875 0.0166015625 0.083984375
33 0.7861328125 0.14697265625 0.0185546875 0.0830078125
28 0.71484375 0.31396484375 0.23828125 0.52734375
27 0.50244140625 0.3251953125 0.216796875 0.498046875
28 0.2998046875 0.66015625 0.326171875 0.505859375
20 0.3505859375 0.5166015625 0.048828125 0.0546875
20 0.39599609375 0.72412109375 0.0498046875 0.056640625
20 0.16357421875 0.6494140625 0.048828125 0.052734375
20 0.20849609375 0.8623046875 0.05078125 0.052734375