12 0.10986328125 0.9697265625 0.0419921875 0.04296875
16 0.69970703125 0.7490234375 0.0458984375 0.04296875
16 0.90966796875 0.740234375 0.044921875 0.048828125
16 0.931640625 0.91650390625 0.048828125 0.046875
16 0.7255859375 0.92919921875 0.048828125 0.0478515625
12 0.2666015625 0.76904296875 0.03515625 0.0439453125
12 0.0478515625 0.78857421875 0.04296875 0.04296875
12 0.31689453125 0.95068359375 0.041015625 0.044921875
54 0.578125 0.75537109375 0.044921875 0.046875
54 0.6123046875 0.9345703125 0.04296875 0.044921875
54 0.40625 0.94775390625 0.04296875 0.0458984375
54 0.3642578125 0.77099609375 0.041015625 0.0439453125
4 0.89892578125 0.47802734375 0.046875 0.044921875
4 0.92041015625 0.6650390625 0.0390625 0.044921875
4 0.70654296875 0.67724609375 0.04296875 0.0458984375
4 0.681640625 0.48779296875 0.033203125 0.046875
42 0.5751953125 0.48291015625 0.0478515625 0.0478515625
42 0.61767578125 0.66796875 0.05078125 0.0498046875
42 0.40478515625 0.68505859375 0.052734375 0.0478515625
42 0.35791015625 0.4990234375 0.0517578125 0.0458984375
38 0.27197265625 0.50341796875 0.0390625 0.04296875
38 0.330078125 0.6865234375 0.04296875 0.04296875
38 0.1123046875 0.70849609375 0.037109375 0.04296875
38 0.05078125 0.5244140625 0.04296875 0.044921875
30 0.91845703125 0.2001953125 0.0517578125 0.0478515625
30 0.95458984375 0.39208984375 0.0546875 0.0458984375
30 0.7412109375 0.4072265625 0.04296875 0.0458984375
30 0.701171875 0.21337890625 0.04296875 0.0458984375
50 0.5615234375 0.20068359375 0.0517578125 0.052734375
50 0.58935546875 0.39599609375 0.046875 0.048828125
50 0.37109375 0.40625 0.04296875 0.048828125
50 0.33740234375 0.2099609375 0.037109375 0.0498046875
6 0.2568359375 0.2021484375 0.0478515625 0.0498046875
6 0.28125 0.39990234375 0.046875 0.048828125
6 0.0546875 0.4072265625 0.048828125 0.048828125
6 0.03173828125 0.20703125 0.044921875 0.046875