16 0.08203125 0.93798828125 0.021484375 0.087890625
36 0.77978515625 0.52197265625 0.01953125 0.076171875
16 0.07080078125 0.58935546875 0.01953125 0.087890625
16 0.19482421875 0.57421875 0.01953125 0.0859375
16 0.21240234375 0.92041015625 0.0205078125 0.08203125
37 0.7099609375 0.3896484375 0.01953125 0.080078125
21 0.27294921875 0.927734375 0.021484375 0.0859375
29 0.396484375 0.07568359375 0.01953125 0.083984375
37 0.57421875 0.07568359375 0.017578125 0.078125
29 0.53662109375 0.39794921875 0.01953125 0.0830078125
36 0.89501953125 0.5009765625 0.015625 0.076171875
29 0.4169921875 0.42041015625 0.01953125 0.083984375
37 0.6962890625 0.0595703125 0.0185546875 0.080078125
37 0.5908203125 0.40673828125 0.017578125 0.08203125
18 0.07275390625 0.46826171875 0.017578125 0.0869140625
21 0.24951171875 0.5849609375 0.0185546875 0.0849609375
36 0.91748046875 0.82958984375 0.015625 0.078125
29 0.51708984375 0.0625 0.01953125 0.0810546875
34 0.60302734375 0.54443359375 0.0205078125 0.08203125
30 0.5791015625 0.8603515625 0.0185546875 0.0859375
31 0.8837890625 0.3798828125 0.01953125 0.083984375
9 0.23095703125 0.10009765625 0.017578125 0.0751953125
31 0.75341796875 0.06787109375 0.0185546875 0.0810546875
21 0.3984375 0.9013671875 0.01953125 0.083984375
9 0.2451171875 0.43701171875 0.0166015625 0.0732421875
36 0.79833984375 0.8525390625 0.017578125 0.080078125
30 0.4580078125 0.8974609375 0.017578125 0.0810546875
21 0.37890625 0.5576171875 0.017578125 0.0859375
18 0.203125 0.45166015625 0.01953125 0.0859375
31 0.86865234375 0.056640625 0.015625 0.080078125
18 0.05859375 0.12890625 0.01953125 0.08984375
9 0.35498046875 0.08349609375 0.0146484375 0.0771484375
31 0.767578125 0.39892578125 0.017578125 0.08203125
18 0.18505859375 0.11474609375 0.01953125 0.0869140625
30 0.43115234375 0.5556640625 0.0166015625 0.08203125
9 0.375 0.42138671875 0.015625 0.07421875
34 0.6279296875 0.875 0.0185546875 0.083984375
30 0.55126953125 0.52294921875 0.01953125 0.0859375
34 0.72119140625 0.515625 0.01953125 0.0810546875
34 0.74658203125 0.84423828125 0.01953125 0.080078125