22 0.64990234375 0.08837890625 0.0361328125 0.044921875
8 0.5703125 0.2685546875 0.029296875 0.0439453125
8 0.5625 0.0859375 0.033203125 0.041015625
22 0.65966796875 0.2705078125 0.033203125 0.046875
22 0.88037109375 0.26806640625 0.0341796875 0.0458984375
35 0.0546875 0.0869140625 0.0302734375 0.04296875
35 0.26025390625 0.2685546875 0.0302734375 0.0458984375
8 0.34814453125 0.09130859375 0.037109375 0.0439453125
22 0.86328125 0.08447265625 0.03125 0.044921875
35 0.2646484375 0.08349609375 0.029296875 0.044921875
8 0.3544921875 0.27587890625 0.04296875 0.046875
35 0.04541015625 0.26904296875 0.033203125 0.046875