48 0.47265625 0.69921875 0.08984375 0.0234375
48 0.83984375 0.78662109375 0.0859375 0.0224609375
48 0.8076171875 0.666015625 0.08984375 0.0234375
48 0.51025390625 0.8193359375 0.083984375 0.021484375
0 0.33447265625 0.435546875 0.0693359375 0.044921875
0 0.162109375 0.25390625 0.06640625 0.052734375
0 0.365234375 0.19189453125 0.0634765625 0.048828125
0 0.5302734375 0.37841796875 0.068359375 0.046875
28 0.3466796875 0.31103515625 0.5185546875 0.3291015625
27 0.74609375 0.17578125 0.5078125 0.298828125
27 0.69970703125 0.49951171875 0.486328125 0.216796875
28 0.66552734375 0.7392578125 0.5 0.228515625