22 0.91162109375 0.64990234375 0.044921875 0.0361328125
8 0.7314453125 0.5703125 0.0439453125 0.029296875
8 0.9140625 0.5625 0.041015625 0.033203125
22 0.7294921875 0.65966796875 0.046875 0.033203125
22 0.73193359375 0.88037109375 0.0458984375 0.0341796875
35 0.9130859375 0.0546875 0.04296875 0.0302734375
35 0.7314453125 0.26025390625 0.0458984375 0.0302734375
8 0.90869140625 0.34814453125 0.0439453125 0.037109375
22 0.91552734375 0.86328125 0.044921875 0.03125
35 0.91650390625 0.2646484375 0.044921875 0.029296875
8 0.72412109375 0.3544921875 0.046875 0.04296875
35 0.73095703125 0.04541015625 0.046875 0.033203125