44 0.625 0.55859375 0.0205078125 0.083984375
33 0.60107421875 0.0908203125 0.0185546875 0.0859375
44 0.64208984375 0.89404296875 0.017578125 0.087890625
33 0.72607421875 0.06884765625 0.01953125 0.0859375
44 0.75244140625 0.5380859375 0.01953125 0.08984375
45 0.80419921875 0.416015625 0.017578125 0.087890625
45 0.9306640625 0.40673828125 0.0205078125 0.0859375
44 0.76513671875 0.87939453125 0.017578125 0.0849609375
45 0.7958984375 0.068359375 0.0205078125 0.083984375
45 0.92626953125 0.06103515625 0.01953125 0.0859375
33 0.61572265625 0.43359375 0.015625 0.0849609375
33 0.744140625 0.42041015625 0.017578125 0.08203125
39 0.9404296875 0.53173828125 0.01953125 0.0751953125
39 0.8115234375 0.5400390625 0.021484375 0.08203125
39 0.94580078125 0.876953125 0.021484375 0.08203125
39 0.81640625 0.8857421875 0.017578125 0.07421875