22 0.35009765625 0.91162109375 0.0361328125 0.044921875
8 0.4296875 0.7314453125 0.029296875 0.0439453125
8 0.4375 0.9140625 0.033203125 0.041015625
22 0.34033203125 0.7294921875 0.033203125 0.046875
22 0.11962890625 0.73193359375 0.0341796875 0.0458984375
35 0.9453125 0.9130859375 0.0302734375 0.04296875
35 0.73974609375 0.7314453125 0.0302734375 0.0458984375
8 0.65185546875 0.90869140625 0.037109375 0.0439453125
22 0.13671875 0.91552734375 0.03125 0.0458984375
35 0.7353515625 0.91650390625 0.029296875 0.044921875
8 0.6455078125 0.72412109375 0.04296875 0.046875
35 0.95458984375 0.73095703125 0.033203125 0.046875