44 0.44140625 0.625 0.083984375 0.0205078125
33 0.9091796875 0.60107421875 0.0859375 0.0185546875
44 0.10595703125 0.64208984375 0.087890625 0.017578125
33 0.93115234375 0.72607421875 0.0859375 0.01953125
44 0.4619140625 0.75244140625 0.08984375 0.01953125
45 0.583984375 0.80419921875 0.087890625 0.017578125
45 0.59326171875 0.9306640625 0.0859375 0.0205078125
44 0.12060546875 0.76513671875 0.0849609375 0.017578125
45 0.931640625 0.7958984375 0.083984375 0.01953125
45 0.93896484375 0.92626953125 0.0859375 0.01953125
33 0.56640625 0.61572265625 0.0849609375 0.015625
33 0.57958984375 0.744140625 0.08203125 0.017578125
39 0.46826171875 0.9404296875 0.0751953125 0.0205078125
39 0.4599609375 0.8115234375 0.08203125 0.021484375
39 0.123046875 0.94580078125 0.08203125 0.021484375
39 0.1142578125 0.81640625 0.07421875 0.017578125