52 0.32958984375 0.94775390625 0.044921875 0.044921875
52 0.26123046875 0.755859375 0.04296875 0.044921875
39 0.2412109375 0.6875 0.046875 0.0458984375
39 0.14208984375 0.505859375 0.0517578125 0.041015625
39 0.35205078125 0.4697265625 0.04296875 0.0439453125
39 0.453125 0.6513671875 0.04296875 0.0439453125
52 0.55029296875 0.923828125 0.044921875 0.0439453125
52 0.48095703125 0.73095703125 0.046875 0.048828125
23 0.70849609375 0.89794921875 0.046875 0.0458984375
23 0.6318359375 0.70849609375 0.0517578125 0.0458984375
23 0.8427734375 0.6806640625 0.052734375 0.048828125
23 0.9248046875 0.87060546875 0.05078125 0.0478515625
54 0.55908203125 0.61328125 0.0517578125 0.046875
54 0.45166015625 0.4326171875 0.0517578125 0.044921875
54 0.6572265625 0.39404296875 0.0478515625 0.046875
54 0.76806640625 0.57421875 0.0517578125 0.046875