5 0.09765625 0.9345703125 0.083984375 0.01953125
6 0.10986328125 0.62744140625 0.0810546875 0.017578125
5 0.1005859375 0.8095703125 0.0830078125 0.01953125
35 0.9091796875 0.458984375 0.083984375 0.01953125
6 0.099609375 0.75634765625 0.0771484375 0.017578125
43 0.56103515625 0.94140625 0.0869140625 0.021484375
43 0.90966796875 0.9501953125 0.087890625 0.0205078125
35 0.5673828125 0.46435546875 0.08203125 0.01953125
5 0.44873046875 0.8134765625 0.080078125 0.01953125
5 0.4453125 0.93994140625 0.080078125 0.0185546875
43 0.5654296875 0.8154296875 0.083984375 0.01953125
35 0.92333984375 0.5810546875 0.0859375 0.0185546875
6 0.44287109375 0.76318359375 0.08203125 0.017578125
13 0.93505859375 0.63916015625 0.041015625 0.0224609375
35 0.5791015625 0.5888671875 0.08203125 0.017578125
13 0.54736328125 0.7646484375 0.0361328125 0.0234375
13 0.546875 0.634765625 0.0390625 0.0244140625
13 0.08203125 0.57177734375 0.0400390625 0.025390625
6 0.44873046875 0.6337890625 0.0849609375 0.0185546875
43 0.9150390625 0.82373046875 0.087890625 0.0234375
13 0.93701171875 0.76611328125 0.0390625 0.025390625
13 0.087890625 0.45166015625 0.037109375 0.0234375
13 0.45849609375 0.57275390625 0.04296875 0.0224609375
13 0.45703125 0.451171875 0.046875 0.021484375