29 0.70361328125 0.9033203125 0.0361328125 0.041015625
34 0.60888671875 0.71337890625 0.037109375 0.046875
34 0.39208984375 0.71435546875 0.0380859375 0.05078125
29 0.91845703125 0.72021484375 0.037109375 0.0458984375
26 0.31640625 0.892578125 0.037109375 0.0498046875
29 0.7060546875 0.72021484375 0.0361328125 0.041015625
34 0.61474609375 0.89208984375 0.033203125 0.0458984375
34 0.3994140625 0.8984375 0.03515625 0.0458984375
29 0.9091796875 0.90087890625 0.0390625 0.04296875
26 0.3037109375 0.71435546875 0.0390625 0.05078125
26 0.08447265625 0.7197265625 0.044921875 0.046875
26 0.10400390625 0.90087890625 0.046875 0.0458984375
5 0.923828125 0.44580078125 0.0546875 0.0478515625
5 0.9140625 0.63623046875 0.0478515625 0.0458984375
5 0.69970703125 0.6318359375 0.044921875 0.0478515625
5 0.70947265625 0.4443359375 0.0517578125 0.0478515625
19 0.59912109375 0.447265625 0.0390625 0.05078125
19 0.6025390625 0.63525390625 0.048828125 0.044921875
19 0.3857421875 0.63623046875 0.04296875 0.0458984375
19 0.3837890625 0.447265625 0.04296875 0.0478515625
47 0.28369140625 0.4462890625 0.04296875 0.05078125
47 0.294921875 0.63525390625 0.0478515625 0.048828125
47 0.076171875 0.6396484375 0.04296875 0.0458984375
47 0.06201171875 0.45166015625 0.05078125 0.0537109375
2 0.93603515625 0.16943359375 0.046875 0.048828125
2 0.92529296875 0.36474609375 0.04296875 0.044921875
2 0.712890625 0.36474609375 0.04296875 0.046875
2 0.71484375 0.16748046875 0.0390625 0.048828125
15 0.58984375 0.15966796875 0.05078125 0.0498046875
15 0.60302734375 0.35693359375 0.0478515625 0.052734375
15 0.380859375 0.36181640625 0.05078125 0.052734375
15 0.3623046875 0.16455078125 0.05078125 0.0546875
9 0.26708984375 0.16796875 0.044921875 0.046875
9 0.2685546875 0.365234375 0.04296875 0.0458984375
9 0.044921875 0.3671875 0.0390625 0.04296875
9 0.0390625 0.169921875 0.041015625 0.046875