28 0.37109375 0.2978515625 0.494140625 0.21484375
7 0.2236328125 0.37939453125 0.08203125 0.0205078125
7 0.5166015625 0.22607421875 0.080078125 0.017578125
7 0.18994140625 0.26171875 0.078125 0.017578125
7 0.5595703125 0.3486328125 0.083984375 0.017578125
30 0.87646484375 0.76416015625 0.056640625 0.0546875
30 0.72216796875 0.583984375 0.060546875 0.0498046875
30 0.5205078125 0.63671875 0.0537109375 0.05078125
30 0.67333984375 0.81787109375 0.05859375 0.0458984375
28 0.6962890625 0.70654296875 0.408203125 0.314453125
27 0.25 0.8037109375 0.478515625 0.318359375
27 0.43994140625 0.5009765625 0.51171875 0.248046875