5 0.06591796875 0.0966796875 0.01953125 0.083984375
5 0.1904296875 0.1005859375 0.01953125 0.0830078125
17 0.60107421875 0.43994140625 0.0166015625 0.083984375
6 0.37255859375 0.10986328125 0.017578125 0.08203125
17 0.59326171875 0.11181640625 0.0185546875 0.083984375
22 0.72802734375 0.89697265625 0.0185546875 0.08203125
6 0.24365234375 0.09912109375 0.017578125 0.078125
22 0.72021484375 0.56201171875 0.0185546875 0.08203125
17 0.720703125 0.43017578125 0.0166015625 0.0859375
17 0.7109375 0.10546875 0.0166015625 0.0830078125
22 0.607421875 0.90576171875 0.0185546875 0.08203125
43 0.05859375 0.56103515625 0.0205078125 0.0859375
43 0.0498046875 0.90966796875 0.01953125 0.087890625
22 0.60107421875 0.568359375 0.0185546875 0.0849609375
35 0.5419921875 0.90869140625 0.017578125 0.083984375
5 0.060546875 0.4453125 0.0185546875 0.080078125
5 0.1865234375 0.44873046875 0.01953125 0.080078125
35 0.41943359375 0.92333984375 0.017578125 0.083984375
43 0.1845703125 0.5654296875 0.01953125 0.0849609375
35 0.41064453125 0.5791015625 0.017578125 0.0830078125
13 0.36083984375 0.93505859375 0.0234375 0.041015625
6 0.2373046875 0.443359375 0.017578125 0.08203125
13 0.2353515625 0.54736328125 0.0234375 0.0361328125
35 0.5361328125 0.56787109375 0.017578125 0.08203125
13 0.36279296875 0.5478515625 0.025390625 0.0390625
13 0.42822265625 0.08203125 0.025390625 0.041015625
6 0.3662109375 0.44775390625 0.01953125 0.0849609375
43 0.17626953125 0.9150390625 0.0234375 0.087890625
13 0.23388671875 0.93701171875 0.0244140625 0.0390625
13 0.546875 0.083984375 0.021484375 0.0390625
13 0.427734375 0.45751953125 0.0234375 0.044921875
13 0.5498046875 0.46044921875 0.01953125 0.04296875