16 0.0615234375 0.08203125 0.087890625 0.021484375
16 0.41064453125 0.07080078125 0.087890625 0.01953125
16 0.080078125 0.2119140625 0.08203125 0.0205078125
21 0.072265625 0.27197265625 0.0849609375 0.021484375
16 0.42578125 0.19482421875 0.0859375 0.0205078125
9 0.9189453125 0.3779296875 0.076171875 0.015625
18 0.53173828125 0.072265625 0.0859375 0.017578125
21 0.4140625 0.2490234375 0.083984375 0.01953125
21 0.1005859375 0.39697265625 0.080078125 0.01953125
9 0.91650390625 0.25537109375 0.07421875 0.017578125
21 0.4443359375 0.3779296875 0.0810546875 0.01953125
9 0.576171875 0.259765625 0.0703125 0.017578125
18 0.54833984375 0.19921875 0.0859375 0.01953125
18 0.8896484375 0.1845703125 0.0859375 0.017578125
18 0.8701171875 0.05859375 0.0849609375 0.017578125
9 0.57958984375 0.38427734375 0.0732421875 0.015625