44 0.44189453125 0.625 0.0849609375 0.021484375
44 0.1044921875 0.638671875 0.0830078125 0.021484375
8 0.4443359375 0.5693359375 0.0830078125 0.017578125
54 0.85107421875 0.25830078125 0.0810546875 0.01953125
1 0.3916015625 0.28076171875 0.078125 0.017578125
44 0.45947265625 0.75244140625 0.087890625 0.021484375
45 0.59375 0.9306640625 0.0859375 0.0205078125
45 0.5830078125 0.80419921875 0.087890625 0.0185546875
1 0.41259765625 0.400390625 0.08203125 0.0185546875
1 0.060546875 0.29541015625 0.080078125 0.017578125
8 0.0869140625 0.4677734375 0.08203125 0.017578125
44 0.12060546875 0.76513671875 0.0859375 0.01953125
8 0.42431640625 0.44970703125 0.08203125 0.017578125
33 0.93017578125 0.72607421875 0.087890625 0.0185546875
46 0.57275390625 0.56982421875 0.083984375 0.0185546875
1 0.07275390625 0.41748046875 0.080078125 0.01953125
45 0.93896484375 0.92626953125 0.0859375 0.01953125
45 0.931640625 0.79541015625 0.083984375 0.01953125
46 0.90771484375 0.54296875 0.0908203125 0.01953125
33 0.568359375 0.6142578125 0.0830078125 0.017578125
54 0.5390625 0.396484375 0.080078125 0.017578125
46 0.87548828125 0.42138671875 0.083984375 0.01953125
39 0.46826171875 0.94091796875 0.0751953125 0.0205078125
33 0.9111328125 0.6005859375 0.083984375 0.0185546875
39 0.4599609375 0.81201171875 0.08203125 0.01953125
54 0.87255859375 0.37744140625 0.083984375 0.01953125
8 0.1083984375 0.59130859375 0.083984375 0.017578125
39 0.1142578125 0.81494140625 0.076171875 0.0185546875
54 0.517578125 0.2763671875 0.07421875 0.0185546875
33 0.57861328125 0.74267578125 0.083984375 0.017578125
46 0.54052734375 0.44873046875 0.083984375 0.01953125
39 0.123046875 0.94580078125 0.0830078125 0.0224609375