16 0.06201171875 0.08203125 0.087890625 0.021484375
36 0.47802734375 0.77978515625 0.076171875 0.01953125
16 0.41064453125 0.07080078125 0.087890625 0.01953125
16 0.42578125 0.19482421875 0.0859375 0.01953125
16 0.07958984375 0.21240234375 0.08203125 0.0205078125
37 0.6103515625 0.7099609375 0.080078125 0.01953125
21 0.072265625 0.27294921875 0.0859375 0.021484375
29 0.92431640625 0.396484375 0.083984375 0.01953125
37 0.92431640625 0.57421875 0.078125 0.0185546875
29 0.60205078125 0.53662109375 0.0830078125 0.01953125
36 0.4990234375 0.89501953125 0.076171875 0.015625
29 0.57958984375 0.4169921875 0.083984375 0.01953125
37 0.9404296875 0.6962890625 0.080078125 0.0185546875
37 0.59326171875 0.5908203125 0.08203125 0.017578125
18 0.53173828125 0.07275390625 0.0869140625 0.017578125
21 0.4150390625 0.24951171875 0.0849609375 0.0185546875
36 0.17041015625 0.91748046875 0.078125 0.015625
29 0.9375 0.51708984375 0.0810546875 0.01953125
34 0.45556640625 0.60302734375 0.08203125 0.0205078125
30 0.1396484375 0.5791015625 0.0859375 0.0185546875
31 0.6201171875 0.8837890625 0.083984375 0.01953125
9 0.89990234375 0.23095703125 0.0751953125 0.017578125
31 0.93212890625 0.75341796875 0.0810546875 0.0185546875
21 0.0986328125 0.3984375 0.083984375 0.01953125
9 0.56298828125 0.2451171875 0.0732421875 0.0166015625
36 0.1474609375 0.79833984375 0.080078125 0.017578125
30 0.1025390625 0.4580078125 0.0810546875 0.017578125
21 0.4423828125 0.37890625 0.0859375 0.017578125
18 0.54833984375 0.203125 0.0859375 0.01953125
31 0.943359375 0.86865234375 0.080078125 0.015625
18 0.87109375 0.05859375 0.08984375 0.01953125
9 0.91650390625 0.35498046875 0.0771484375 0.0146484375
31 0.60107421875 0.767578125 0.08203125 0.017578125
18 0.88525390625 0.18505859375 0.0869140625 0.01953125
30 0.4443359375 0.43115234375 0.08203125 0.0166015625
9 0.57861328125 0.375 0.07421875 0.015625
34 0.125 0.6279296875 0.083984375 0.0185546875
30 0.47705078125 0.55126953125 0.0859375 0.01953125
34 0.484375 0.72119140625 0.0810546875 0.01953125
34 0.15576171875 0.74658203125 0.080078125 0.0185546875