44 0.4423828125 0.625 0.0859375 0.021484375
44 0.10400390625 0.638671875 0.083984375 0.021484375
8 0.4453125 0.56884765625 0.08203125 0.0166015625
44 0.45947265625 0.75244140625 0.087890625 0.0205078125
33 0.93017578125 0.72607421875 0.087890625 0.01953125
45 0.59375 0.9306640625 0.0859375 0.0205078125
45 0.5830078125 0.80419921875 0.087890625 0.0185546875
8 0.087890625 0.466796875 0.08203125 0.0166015625
44 0.12060546875 0.76513671875 0.083984375 0.0185546875
8 0.42431640625 0.4501953125 0.0849609375 0.015625
46 0.5732421875 0.56982421875 0.083984375 0.0185546875
33 0.91064453125 0.6005859375 0.08203125 0.01953125
46 0.90771484375 0.54296875 0.0888671875 0.01953125
45 0.93896484375 0.92626953125 0.0859375 0.01953125
45 0.93212890625 0.7958984375 0.083984375 0.01953125
39 0.46826171875 0.94091796875 0.07421875 0.0205078125
33 0.568359375 0.6142578125 0.0830078125 0.017578125
8 0.1083984375 0.59130859375 0.083984375 0.0166015625
46 0.54150390625 0.44921875 0.0810546875 0.01953125
39 0.4599609375 0.8125 0.08203125 0.0205078125
33 0.5791015625 0.74267578125 0.0830078125 0.017578125
46 0.87548828125 0.421875 0.0810546875 0.017578125
39 0.1142578125 0.814453125 0.076171875 0.0185546875
39 0.123046875 0.94580078125 0.08203125 0.021484375