4 0.62353515625 0.0908203125 0.015625 0.0830078125
11 0.78466796875 0.8974609375 0.017578125 0.076171875
4 0.6220703125 0.44189453125 0.017578125 0.080078125
2 0.48583984375 0.93896484375 0.017578125 0.08203125
47 0.43701171875 0.1474609375 0.017578125 0.083984375
12 0.9296875 0.43310546875 0.01953125 0.07421875
2 0.60791015625 0.91455078125 0.0185546875 0.08203125
2 0.5849609375 0.576171875 0.01953125 0.078125
4 0.75244140625 0.0927734375 0.017578125 0.0830078125
4 0.74755859375 0.44140625 0.0185546875 0.083984375
2 0.4638671875 0.60009765625 0.017578125 0.078125
47 0.45751953125 0.484375 0.01953125 0.0830078125
51 0.953125 0.8916015625 0.01953125 0.078125
12 0.923828125 0.08251953125 0.01953125 0.078125
11 0.6484375 0.568359375 0.017578125 0.07421875
11 0.771484375 0.55712890625 0.017578125 0.076171875
51 0.82666015625 0.90478515625 0.0166015625 0.0791015625
51 0.94287109375 0.55078125 0.0185546875 0.080078125
11 0.65869140625 0.91015625 0.015625 0.072265625
47 0.556640625 0.12060546875 0.0185546875 0.087890625
51 0.81591796875 0.56884765625 0.0185546875 0.078125
47 0.5771484375 0.45703125 0.01953125 0.0830078125
12 0.80419921875 0.4423828125 0.017578125 0.07421875