5 0.0966796875 0.93408203125 0.083984375 0.01953125
5 0.1005859375 0.8095703125 0.0830078125 0.01953125
17 0.43994140625 0.39892578125 0.083984375 0.0166015625
6 0.10986328125 0.62744140625 0.08203125 0.017578125
17 0.11181640625 0.40673828125 0.083984375 0.0185546875
22 0.89697265625 0.27197265625 0.08203125 0.0185546875
6 0.09912109375 0.75634765625 0.078125 0.0185546875
22 0.56201171875 0.27978515625 0.08203125 0.0185546875
17 0.43017578125 0.279296875 0.0859375 0.0166015625
17 0.10546875 0.2890625 0.0830078125 0.0166015625
22 0.90576171875 0.392578125 0.08203125 0.0185546875
43 0.56103515625 0.94140625 0.0859375 0.0205078125
43 0.90966796875 0.9501953125 0.087890625 0.0205078125
22 0.568359375 0.39892578125 0.0849609375 0.0185546875
35 0.90869140625 0.4580078125 0.083984375 0.017578125
5 0.4453125 0.939453125 0.080078125 0.0185546875
5 0.44873046875 0.8134765625 0.080078125 0.01953125
35 0.92333984375 0.58056640625 0.083984375 0.017578125
43 0.5654296875 0.8154296875 0.0849609375 0.01953125
35 0.5791015625 0.58935546875 0.0830078125 0.017578125
13 0.93505859375 0.63916015625 0.041015625 0.0234375
6 0.443359375 0.7626953125 0.08203125 0.017578125
13 0.54736328125 0.7646484375 0.0361328125 0.0234375
35 0.56787109375 0.4638671875 0.08203125 0.017578125
13 0.5478515625 0.63720703125 0.0390625 0.025390625
13 0.08203125 0.57177734375 0.041015625 0.025390625
6 0.44775390625 0.6337890625 0.0849609375 0.01953125
43 0.9150390625 0.82373046875 0.087890625 0.0234375
13 0.93701171875 0.76611328125 0.0390625 0.0244140625
13 0.083984375 0.453125 0.0390625 0.021484375
13 0.45751953125 0.572265625 0.044921875 0.0234375
13 0.46044921875 0.4501953125 0.04296875 0.01953125