28 0.29541015625 0.66015625 0.234375 0.4892578125
13 0.34033203125 0.87451171875 0.0234375 0.04296875
13 0.22314453125 0.87451171875 0.0234375 0.0390625
4 0.8388671875 0.35107421875 0.0400390625 0.0595703125
4 0.6005859375 0.28955078125 0.046875 0.056640625
4 0.64892578125 0.498046875 0.052734375 0.0546875
27 0.8037109375 0.7802734375 0.3203125 0.439453125
4 0.78466796875 0.14013671875 0.046875 0.0537109375
10 0.37646484375 0.830078125 0.01953125 0.0732421875
13 0.33984375 0.49951171875 0.0234375 0.0390625
13 0.2177734375 0.5 0.0283203125 0.044921875
27 0.48193359375 0.59521484375 0.2265625 0.5107421875
27 0.71875 0.32470703125 0.3359375 0.4833984375