14 0.1376953125 0.3525390625 0.078125 0.01953125
14 0.48486328125 0.23828125 0.0830078125 0.021484375
14 0.478515625 0.36279296875 0.08203125 0.01953125
14 0.14794921875 0.2333984375 0.083984375 0.021484375
27 0.22412109375 0.8271484375 0.447265625 0.3291015625
28 0.31396484375 0.28271484375 0.501953125 0.2314453125
27 0.3466796875 0.50439453125 0.470703125 0.2109375
28 0.673828125 0.70556640625 0.498046875 0.326171875
16 0.5087890625 0.6435546875 0.0625 0.048828125
16 0.7177734375 0.59619140625 0.0703125 0.046875
16 0.64013671875 0.83056640625 0.05859375 0.05078125
16 0.8505859375 0.78662109375 0.060546875 0.048828125