28 0.70166015625 0.36083984375 0.2060546875 0.486328125
53 0.75439453125 0.19091796875 0.01953125 0.078125
27 0.20166015625 0.2587890625 0.3017578125 0.4140625
53 0.6611328125 0.5458984375 0.01953125 0.083984375
53 0.78125 0.52099609375 0.0244140625 0.08203125
53 0.63671875 0.21728515625 0.0224609375 0.08203125
6 0.3974609375 0.74755859375 0.0458984375 0.0498046875
27 0.4990234375 0.43701171875 0.2568359375 0.5224609375
6 0.16552734375 0.64013671875 0.048828125 0.044921875
6 0.3583984375 0.53515625 0.0498046875 0.046875
6 0.20458984375 0.85791015625 0.048828125 0.0517578125
28 0.2724609375 0.693359375 0.3134765625 0.3623046875