40 0.90478515625 0.38330078125 0.044921875 0.0439453125
24 0.88916015625 0.0703125 0.0390625 0.025390625
40 0.91796875 0.59033203125 0.044921875 0.037109375
24 0.8994140625 0.28466796875 0.041015625 0.025390625
24 0.72119140625 0.2998046875 0.041015625 0.037109375
24 0.71240234375 0.08740234375 0.0390625 0.02734375
40 0.7265625 0.41650390625 0.04296875 0.037109375
40 0.73974609375 0.62939453125 0.044921875 0.044921875
10 0.73828125 0.72509765625 0.0390625 0.0390625
10 0.91943359375 0.6845703125 0.0390625 0.04296875
10 0.93505859375 0.8974609375 0.041015625 0.04296875
10 0.755859375 0.94189453125 0.044921875 0.0390625
11 0.4443359375 0.09765625 0.0458984375 0.044921875
11 0.63037109375 0.06689453125 0.046875 0.046875
11 0.6416015625 0.2783203125 0.044921875 0.048828125
11 0.45556640625 0.31201171875 0.044921875 0.04296875
37 0.46484375 0.39501953125 0.05078125 0.048828125
37 0.6484375 0.361328125 0.046875 0.05859375
37 0.66064453125 0.576171875 0.0458984375 0.046875
37 0.47412109375 0.60302734375 0.0478515625 0.0341796875
52 0.4638671875 0.70947265625 0.044921875 0.041015625
52 0.6484375 0.662109375 0.0439453125 0.03515625
52 0.6640625 0.88232421875 0.04296875 0.037109375
52 0.4775390625 0.931640625 0.0458984375 0.04296875
51 0.17041015625 0.1181640625 0.0458984375 0.046875
51 0.36083984375 0.08447265625 0.048828125 0.044921875
51 0.3759765625 0.30078125 0.0458984375 0.046875
51 0.18408203125 0.33837890625 0.046875 0.04296875
0 0.17919921875 0.41357421875 0.048828125 0.04296875
0 0.3798828125 0.37646484375 0.0439453125 0.048828125
0 0.39404296875 0.59130859375 0.044921875 0.05078125
0 0.1953125 0.6328125 0.0439453125 0.04296875
13 0.39501953125 0.67529296875 0.0224609375 0.041015625
13 0.4052734375 0.8974609375 0.0224609375 0.04296875
13 0.1748046875 0.71142578125 0.017578125 0.037109375
13 0.185546875 0.93798828125 0.0185546875 0.037109375