39 0.30078125 0.8642578125 0.01953125 0.076171875
39 0.18212890625 0.87451171875 0.017578125 0.0693359375
39 0.1669921875 0.5390625 0.01953125 0.078125
27 0.84619140625 0.7724609375 0.3076171875 0.447265625
39 0.2919921875 0.52734375 0.0185546875 0.076171875
28 0.25830078125 0.677734375 0.24609375 0.5146484375
27 0.5068359375 0.73291015625 0.1904296875 0.4736328125
28 0.693359375 0.33935546875 0.333984375 0.525390625
41 0.658203125 0.53515625 0.0439453125 0.064453125
41 0.58544921875 0.34521484375 0.04296875 0.06640625
41 0.8291015625 0.33251953125 0.041015625 0.0595703125
41 0.75634765625 0.14599609375 0.044921875 0.0673828125