12 0.10986328125 0.9697265625 0.0419921875 0.04296875
16 0.69970703125 0.7490234375 0.0458984375 0.04296875
16 0.90966796875 0.740234375 0.044921875 0.048828125
16 0.931640625 0.91650390625 0.048828125 0.046875
16 0.7255859375 0.92919921875 0.048828125 0.0478515625
12 0.2666015625 0.76904296875 0.03515625 0.0439453125
12 0.0478515625 0.78857421875 0.04296875 0.04296875
12 0.31689453125 0.95068359375 0.041015625 0.044921875
54 0.578125 0.75537109375 0.044921875 0.046875
54 0.6123046875 0.9345703125 0.04296875 0.044921875
54 0.40625 0.94775390625 0.04296875 0.0458984375
54 0.3642578125 0.77099609375 0.041015625 0.0439453125