4 0.90478515625 0.62353515625 0.0849609375 0.0185546875
12 0.56689453125 0.92919921875 0.0751953125 0.01953125
11 0.10302734375 0.7822265625 0.076171875 0.0166015625
4 0.55859375 0.7470703125 0.0849609375 0.01953125
4 0.9052734375 0.75244140625 0.0830078125 0.017578125
4 0.56005859375 0.6220703125 0.0849609375 0.017578125
11 0.43212890625 0.64794921875 0.0732421875 0.01953125
12 0.91845703125 0.923828125 0.0791015625 0.01953125
11 0.44140625 0.7705078125 0.078125 0.0166015625
51 0.107421875 0.95166015625 0.076171875 0.0185546875
51 0.09619140625 0.82568359375 0.078125 0.015625
51 0.44873046875 0.9423828125 0.0810546875 0.0185546875
11 0.09228515625 0.6572265625 0.072265625 0.0166015625
51 0.431640625 0.8154296875 0.078125 0.017578125
12 0.55712890625 0.8037109375 0.072265625 0.017578125
12 0.908203125 0.79443359375 0.080078125 0.021484375