16 0.08203125 0.9384765625 0.021484375 0.087890625
16 0.07080078125 0.58935546875 0.01953125 0.087890625
16 0.2119140625 0.919921875 0.0205078125 0.08203125
21 0.27197265625 0.927734375 0.021484375 0.0849609375
16 0.19482421875 0.57421875 0.0205078125 0.0859375
9 0.3779296875 0.0810546875 0.015625 0.076171875
18 0.072265625 0.46826171875 0.017578125 0.0859375
21 0.2490234375 0.5859375 0.01953125 0.083984375
21 0.39697265625 0.8994140625 0.01953125 0.080078125
9 0.25537109375 0.08349609375 0.017578125 0.07421875
21 0.3779296875 0.5556640625 0.01953125 0.0810546875
9 0.259765625 0.423828125 0.017578125 0.0703125
18 0.19921875 0.45166015625 0.01953125 0.0859375
18 0.1845703125 0.1103515625 0.017578125 0.0859375
18 0.05859375 0.1298828125 0.017578125 0.0849609375
9 0.38427734375 0.42041015625 0.015625 0.0732421875