27 0.17333984375 0.2177734375 0.2939453125 0.357421875
44 0.66455078125 0.1416015625 0.01953125 0.0908203125
44 0.78369140625 0.130859375 0.01953125 0.091796875
44 0.796875 0.4638671875 0.0205078125 0.087890625
44 0.67578125 0.4794921875 0.01953125 0.091796875
28 0.71923828125 0.3076171875 0.2490234375 0.4951171875
27 0.49853515625 0.3359375 0.208984375 0.4736328125
28 0.30078125 0.6572265625 0.3310546875 0.544921875
45 0.3525390625 0.4755859375 0.044921875 0.064453125
45 0.41796875 0.6640625 0.044921875 0.0634765625
45 0.2431640625 0.8505859375 0.044921875 0.060546875
45 0.17626953125 0.64990234375 0.0478515625 0.056640625