41 0.19677734375 0.8427734375 0.0439453125 0.05859375
11 0.162109375 0.462890625 0.046875 0.046875
11 0.13037109375 0.25537109375 0.046875 0.048828125
11 0.32421875 0.16845703125 0.044921875 0.0517578125
11 0.35302734375 0.38232421875 0.044921875 0.0478515625
41 0.1591796875 0.6318359375 0.0458984375 0.041015625
41 0.34716796875 0.5224609375 0.046875 0.052734375
41 0.38525390625 0.7314453125 0.048828125 0.05078125
13 0.43505859375 0.4677734375 0.0224609375 0.046875
13 0.6416015625 0.3896484375 0.01953125 0.04296875
13 0.66796875 0.60009765625 0.021484375 0.046875
13 0.4619140625 0.68408203125 0.0234375 0.044921875
9 0.3974609375 0.1318359375 0.04296875 0.041015625
9 0.58447265625 0.080078125 0.0390625 0.046875
9 0.60693359375 0.28759765625 0.04296875 0.04296875
9 0.4208984375 0.34912109375 0.041015625 0.04296875