40 0.38330078125 0.09521484375 0.0439453125 0.044921875
24 0.0703125 0.11083984375 0.025390625 0.0390625
40 0.59033203125 0.08203125 0.037109375 0.044921875
24 0.28466796875 0.1005859375 0.025390625 0.041015625
24 0.2998046875 0.27880859375 0.037109375 0.041015625
24 0.08740234375 0.28759765625 0.02734375 0.0390625
40 0.41650390625 0.2734375 0.037109375 0.04296875
40 0.62939453125 0.26025390625 0.044921875 0.044921875
10 0.72509765625 0.26171875 0.0390625 0.0390625
10 0.6845703125 0.08056640625 0.04296875 0.0390625
10 0.8974609375 0.06494140625 0.04296875 0.041015625
10 0.94189453125 0.244140625 0.0390625 0.044921875