27 0.27392578125 0.79345703125 0.3984375 0.2998046875
36 0.53271484375 0.22998046875 0.080078125 0.015625
36 0.20068359375 0.23974609375 0.080078125 0.0166015625
36 0.20849609375 0.35888671875 0.08203125 0.01953125
36 0.544921875 0.3505859375 0.08203125 0.017578125
5 0.533203125 0.64306640625 0.0458984375 0.05078125
5 0.74755859375 0.61083984375 0.05078125 0.048828125
27 0.43896484375 0.52978515625 0.5703125 0.2490234375
5 0.6171875 0.8349609375 0.046875 0.0458984375
5 0.837890625 0.8056640625 0.04296875 0.048828125
28 0.68798828125 0.7177734375 0.39453125 0.2958984375
28 0.35888671875 0.31005859375 0.466796875 0.21484375