31 0.06396484375 0.13671875 0.046875 0.0517578125
31 0.08447265625 0.3466796875 0.044921875 0.0439453125
31 0.26806640625 0.28759765625 0.046875 0.044921875
31 0.24365234375 0.07275390625 0.044921875 0.0439453125
13 0.0947265625 0.63623046875 0.0185546875 0.0400390625
13 0.294921875 0.6103515625 0.021484375 0.0400390625
13 0.08203125 0.42431640625 0.0205078125 0.04296875
1 0.8115234375 0.04296875 0.0498046875 0.0380859375
53 0.5322265625 0.27685546875 0.04296875 0.03515625
43 0.37255859375 0.921875 0.048828125 0.0400390625
1 0.609375 0.064453125 0.0498046875 0.04296875
53 0.5283203125 0.05322265625 0.0498046875 0.0390625
25 0.82177734375 0.6806640625 0.0478515625 0.041015625
53 0.3388671875 0.07275390625 0.04296875 0.0341796875
25 0.63134765625 0.70068359375 0.05078125 0.04296875
43 0.365234375 0.70654296875 0.0498046875 0.041015625
25 0.8271484375 0.8955078125 0.0458984375 0.0390625
3 0.115234375 0.95068359375 0.044921875 0.037109375
25 0.6376953125 0.91650390625 0.046875 0.0390625
13 0.28662109375 0.39990234375 0.0244140625 0.04296875
3 0.1064453125 0.7373046875 0.0400390625 0.041015625
3 0.28955078125 0.7236328125 0.04296875 0.037109375
3 0.2978515625 0.9404296875 0.0439453125 0.04296875
43 0.55859375 0.91650390625 0.0498046875 0.04296875
43 0.5537109375 0.697265625 0.0458984375 0.0390625
7 0.35693359375 0.6044921875 0.046875 0.037109375
7 0.34912109375 0.388671875 0.046875 0.0341796875
7 0.537109375 0.36767578125 0.04296875 0.0390625
7 0.5458984375 0.583984375 0.046875 0.0390625
53 0.34619140625 0.29150390625 0.0458984375 0.03515625
1 0.81591796875 0.26513671875 0.044921875 0.046875
1 0.6181640625 0.28515625 0.0478515625 0.048828125
36 0.623046875 0.36376953125 0.0498046875 0.037109375
36 0.62890625 0.583984375 0.044921875 0.046875
36 0.826171875 0.5634765625 0.05078125 0.0390625
36 0.81787109375 0.34130859375 0.0498046875 0.0390625