31 0.13671875 0.93603515625 0.0517578125 0.046875
31 0.3466796875 0.91552734375 0.0439453125 0.044921875
31 0.28759765625 0.73193359375 0.044921875 0.046875
31 0.07275390625 0.75634765625 0.0439453125 0.044921875
13 0.63623046875 0.9052734375 0.0400390625 0.0185546875
13 0.6103515625 0.705078125 0.0400390625 0.021484375
13 0.42431640625 0.91796875 0.04296875 0.0205078125
1 0.04296875 0.1884765625 0.0380859375 0.048828125
53 0.27685546875 0.4677734375 0.03515625 0.04296875
43 0.921875 0.62744140625 0.0400390625 0.048828125
1 0.064453125 0.390625 0.04296875 0.048828125
53 0.05322265625 0.4716796875 0.0390625 0.048828125
25 0.6806640625 0.17822265625 0.041015625 0.0478515625
53 0.07275390625 0.6611328125 0.0341796875 0.04296875
25 0.70068359375 0.36865234375 0.04296875 0.05078125
43 0.70654296875 0.634765625 0.041015625 0.048828125
25 0.8955078125 0.1728515625 0.0390625 0.0458984375
3 0.95068359375 0.884765625 0.037109375 0.044921875
25 0.91650390625 0.3623046875 0.0390625 0.046875
13 0.39990234375 0.71337890625 0.04296875 0.0244140625
3 0.7373046875 0.8935546875 0.041015625 0.0400390625
3 0.7236328125 0.71044921875 0.037109375 0.04296875
3 0.9404296875 0.7021484375 0.04296875 0.0439453125
43 0.91650390625 0.44140625 0.04296875 0.0498046875
43 0.697265625 0.4462890625 0.0390625 0.0458984375
7 0.6044921875 0.64306640625 0.037109375 0.046875
7 0.388671875 0.65087890625 0.0341796875 0.046875
7 0.36767578125 0.462890625 0.0390625 0.04296875
7 0.583984375 0.4541015625 0.0390625 0.046875
53 0.29150390625 0.65380859375 0.03515625 0.0458984375
1 0.26513671875 0.18408203125 0.046875 0.044921875
1 0.28515625 0.3818359375 0.048828125 0.0478515625
36 0.36376953125 0.376953125 0.037109375 0.0498046875
36 0.583984375 0.37109375 0.046875 0.044921875
36 0.5634765625 0.173828125 0.0390625 0.05078125
36 0.34130859375 0.18212890625 0.0390625 0.0498046875