16 0.91796875 0.0615234375 0.0224609375 0.087890625
16 0.92919921875 0.41064453125 0.01953125 0.087890625
16 0.7880859375 0.080078125 0.0205078125 0.08203125
21 0.72802734375 0.072265625 0.021484375 0.0849609375
16 0.80517578125 0.42578125 0.0205078125 0.0859375
9 0.6220703125 0.9189453125 0.0166015625 0.076171875
18 0.927734375 0.53173828125 0.017578125 0.0869140625
21 0.7509765625 0.4140625 0.01953125 0.083984375
21 0.60302734375 0.1005859375 0.01953125 0.080078125
9 0.74462890625 0.91650390625 0.017578125 0.07421875
21 0.6220703125 0.4443359375 0.01953125 0.0810546875
9 0.740234375 0.576171875 0.017578125 0.0703125
18 0.80078125 0.54833984375 0.01953125 0.0859375
18 0.8154296875 0.8896484375 0.017578125 0.0859375
18 0.94140625 0.8701171875 0.017578125 0.0849609375
9 0.61572265625 0.57958984375 0.015625 0.0732421875