17 0.33447265625 0.90283203125 0.0302734375 0.046875
48 0.421875 0.70654296875 0.02734375 0.05078125
48 0.63623046875 0.703125 0.0390625 0.0458984375
48 0.64404296875 0.88671875 0.04296875 0.046875
48 0.43115234375 0.8916015625 0.0390625 0.0458984375
17 0.322265625 0.7197265625 0.04296875 0.0458984375
17 0.10498046875 0.72412109375 0.041015625 0.0478515625
17 0.1162109375 0.90478515625 0.0390625 0.0478515625
21 0.7216796875 0.69921875 0.04296875 0.046875
21 0.7255859375 0.88037109375 0.04296875 0.0478515625
21 0.93505859375 0.8740234375 0.0390625 0.0478515625
21 0.9384765625 0.69580078125 0.041015625 0.0458984375
39 0.9248046875 0.43115234375 0.0390625 0.0439453125
39 0.93408203125 0.619140625 0.037109375 0.0458984375
39 0.71435546875 0.6259765625 0.037109375 0.04296875
39 0.7021484375 0.439453125 0.03125 0.0439453125
32 0.615234375 0.43994140625 0.037109375 0.0439453125
32 0.62548828125 0.626953125 0.04296875 0.0498046875
32 0.41015625 0.63232421875 0.0478515625 0.04296875
32 0.39990234375 0.44287109375 0.046875 0.0498046875
23 0.30078125 0.44921875 0.046875 0.0498046875
23 0.31298828125 0.63525390625 0.04296875 0.048828125
23 0.095703125 0.64208984375 0.048828125 0.0478515625
23 0.07421875 0.45361328125 0.0390625 0.048828125