27 0.71435546875 0.21435546875 0.333984375 0.2861328125
1 0.45703125 0.65380859375 0.0849609375 0.017578125
1 0.79296875 0.63037109375 0.080078125 0.017578125
1 0.48486328125 0.7724609375 0.080078125 0.017578125
1 0.8173828125 0.7490234375 0.08203125 0.0166015625
28 0.32666015625 0.267578125 0.37109375 0.2890625
28 0.64501953125 0.689453125 0.5009765625 0.203125
27 0.49755859375 0.5009765625 0.505859375 0.2255859375
19 0.421875 0.1689453125 0.04296875 0.05078125
19 0.4326171875 0.365234375 0.052734375 0.0546875
19 0.2109375 0.36669921875 0.048828125 0.052734375
19 0.201171875 0.171875 0.04296875 0.052734375