48 0.30078125 0.47265625 0.0234375 0.08984375
48 0.21337890625 0.83984375 0.0224609375 0.0859375
48 0.333984375 0.8076171875 0.0234375 0.08984375
48 0.1806640625 0.51025390625 0.021484375 0.083984375
0 0.564453125 0.33447265625 0.044921875 0.0693359375
0 0.74609375 0.162109375 0.052734375 0.0673828125
0 0.80810546875 0.365234375 0.048828125 0.0634765625
0 0.62158203125 0.5302734375 0.046875 0.068359375
28 0.68896484375 0.3466796875 0.3291015625 0.5185546875
27 0.82421875 0.74609375 0.2998046875 0.5078125
27 0.50048828125 0.69970703125 0.216796875 0.486328125
28 0.2607421875 0.66552734375 0.228515625 0.5