5 0.9033203125 0.0654296875 0.083984375 0.01953125
17 0.57080078125 0.720703125 0.0830078125 0.017578125
17 0.56005859375 0.60107421875 0.083984375 0.0166015625
6 0.8896484375 0.37255859375 0.080078125 0.017578125
5 0.89990234375 0.18994140625 0.0830078125 0.01953125
41 0.912109375 0.8779296875 0.072265625 0.017578125
17 0.88818359375 0.59326171875 0.083984375 0.0185546875
15 0.12255859375 0.9033203125 0.080078125 0.01953125
15 0.4521484375 0.89453125 0.078125 0.021484375
15 0.44091796875 0.7783203125 0.080078125 0.01953125
22 0.0947265625 0.60693359375 0.083984375 0.01953125
43 0.4375 0.05859375 0.087890625 0.01953125
41 0.5859375 0.8876953125 0.072265625 0.017578125
22 0.43310546875 0.6005859375 0.0859375 0.01953125
43 0.08984375 0.0498046875 0.087890625 0.01953125
17 0.89501953125 0.7119140625 0.08203125 0.01953125
6 0.9013671875 0.24365234375 0.0771484375 0.0185546875
22 0.43701171875 0.720703125 0.083984375 0.01953125
41 0.90673828125 0.763671875 0.072265625 0.0166015625
5 0.5546875 0.060546875 0.080078125 0.0185546875
5 0.55126953125 0.1865234375 0.080078125 0.01953125
41 0.57666015625 0.77197265625 0.07421875 0.0166015625
35 0.07666015625 0.41943359375 0.0849609375 0.017578125
35 0.091796875 0.5419921875 0.0830078125 0.017578125
22 0.103515625 0.728515625 0.08203125 0.0185546875
43 0.4345703125 0.1845703125 0.083984375 0.01953125
15 0.10791015625 0.78759765625 0.08203125 0.01953125
35 0.4208984375 0.41064453125 0.0830078125 0.017578125
13 0.45263671875 0.2353515625 0.0361328125 0.0234375
6 0.556640625 0.2373046875 0.08203125 0.017578125
13 0.06494140625 0.36083984375 0.0400390625 0.0234375
35 0.431640625 0.5361328125 0.0830078125 0.017578125
13 0.4521484375 0.36279296875 0.0390625 0.025390625
6 0.5517578125 0.3662109375 0.0849609375 0.01953125
13 0.91748046875 0.4287109375 0.041015625 0.025390625
43 0.0849609375 0.17626953125 0.087890625 0.0224609375
13 0.06298828125 0.234375 0.0380859375 0.0234375
13 0.916015625 0.546875 0.037109375 0.021484375
13 0.54248046875 0.4296875 0.05078125 0.025390625
13 0.54248046875 0.548828125 0.05078125 0.025390625