40 0.38330078125 0.09521484375 0.0439453125 0.044921875
24 0.0703125 0.11083984375 0.025390625 0.0390625
40 0.59033203125 0.08203125 0.037109375 0.044921875
24 0.28466796875 0.1005859375 0.025390625 0.041015625
24 0.2998046875 0.27880859375 0.037109375 0.041015625
24 0.08740234375 0.28759765625 0.02734375 0.0390625
40 0.41650390625 0.2734375 0.037109375 0.04296875
40 0.62939453125 0.26025390625 0.044921875 0.044921875
10 0.72509765625 0.26171875 0.0390625 0.0390625
10 0.6845703125 0.08056640625 0.04296875 0.0390625
10 0.8974609375 0.06494140625 0.04296875 0.041015625
10 0.94189453125 0.244140625 0.0390625 0.044921875
11 0.09765625 0.5556640625 0.044921875 0.0458984375
11 0.06689453125 0.36962890625 0.046875 0.046875
11 0.2783203125 0.3583984375 0.048828125 0.044921875
11 0.31201171875 0.54443359375 0.04296875 0.044921875
37 0.39501953125 0.53515625 0.048828125 0.05078125
37 0.361328125 0.3515625 0.05859375 0.046875
37 0.576171875 0.33935546875 0.046875 0.0458984375
37 0.60302734375 0.52587890625 0.0341796875 0.0478515625
52 0.70947265625 0.5361328125 0.041015625 0.044921875
52 0.662109375 0.3515625 0.03515625 0.0439453125
52 0.88232421875 0.3359375 0.037109375 0.04296875
52 0.931640625 0.5224609375 0.04296875 0.0458984375
51 0.1181640625 0.82958984375 0.046875 0.0458984375
51 0.08447265625 0.63916015625 0.044921875 0.048828125
51 0.30078125 0.6240234375 0.046875 0.0458984375
51 0.33837890625 0.81591796875 0.04296875 0.046875
0 0.41357421875 0.82080078125 0.04296875 0.048828125
0 0.37646484375 0.6201171875 0.048828125 0.0439453125
0 0.59130859375 0.60595703125 0.05078125 0.044921875
0 0.6328125 0.8046875 0.04296875 0.0439453125
13 0.67529296875 0.60498046875 0.041015625 0.0224609375
13 0.8974609375 0.5947265625 0.04296875 0.0224609375
13 0.71142578125 0.8251953125 0.037109375 0.0185546875
13 0.93798828125 0.814453125 0.037109375 0.0185546875