17 0.7998046875 0.65185546875 0.0849609375 0.01953125
17 0.4697265625 0.6923828125 0.0859375 0.0205078125
28 0.65283203125 0.72998046875 0.5029296875 0.212890625
17 0.51318359375 0.810546875 0.083984375 0.01953125
27 0.72216796875 0.498046875 0.478515625 0.177734375
17 0.84130859375 0.77099609375 0.0859375 0.01953125
27 0.77197265625 0.15234375 0.4462890625 0.3046875
28 0.34375 0.3056640625 0.501953125 0.333984375
41 0.5263671875 0.34619140625 0.0634765625 0.041015625
41 0.3359375 0.4140625 0.068359375 0.0439453125
41 0.33154296875 0.1728515625 0.056640625 0.0478515625
41 0.14111328125 0.24267578125 0.0673828125 0.04296875