28 0.64013671875 0.70068359375 0.486328125 0.205078125
53 0.8076171875 0.7568359375 0.0791015625 0.01953125
53 0.45068359375 0.6611328125 0.083984375 0.01953125
53 0.47900390625 0.78125 0.080078125 0.0234375
30 0.47705078125 0.35791015625 0.0546875 0.048828125
30 0.33544921875 0.17431640625 0.056640625 0.052734375
30 0.27490234375 0.40869140625 0.05859375 0.048828125
53 0.7822265625 0.63330078125 0.080078125 0.0224609375
30 0.12939453125 0.2294921875 0.0595703125 0.0546875
27 0.74853515625 0.18408203125 0.49609375 0.3349609375
28 0.2998046875 0.28369140625 0.375 0.330078125
27 0.56396484375 0.5 0.5302734375 0.25390625