44 0.66455078125 0.1416015625 0.01953125 0.091796875
27 0.1611328125 0.22412109375 0.314453125 0.4482421875
44 0.783203125 0.13134765625 0.01953125 0.091796875
44 0.79638671875 0.4638671875 0.021484375 0.087890625
44 0.6748046875 0.4765625 0.0205078125 0.091796875
28 0.71923828125 0.30859375 0.2490234375 0.494140625
27 0.49951171875 0.326171875 0.2109375 0.4853515625
20 0.3515625 0.51904296875 0.048828125 0.0546875
20 0.3984375 0.72412109375 0.048828125 0.0625
20 0.1640625 0.64892578125 0.048828125 0.0595703125
20 0.208984375 0.8603515625 0.0458984375 0.0546875
28 0.2958984375 0.66259765625 0.3349609375 0.529296875