3 0.1376953125 0.1201171875 0.07421875 0.01953125
3 0.451171875 0.24462890625 0.076171875 0.0166015625
3 0.46240234375 0.126953125 0.0751953125 0.017578125
50 0.1357421875 0.2841796875 0.0859375 0.021484375
48 0.4404296875 0.953125 0.0859375 0.0205078125
48 0.095703125 0.95361328125 0.0859375 0.0185546875
48 0.0966796875 0.82763671875 0.083984375 0.017578125
32 0.587890625 0.1357421875 0.0810546875 0.017578125
25 0.59033203125 0.41845703125 0.08203125 0.01953125
50 0.119140625 0.40185546875 0.087890625 0.017578125
32 0.91845703125 0.13720703125 0.083984375 0.01953125
26 0.93017578125 0.599609375 0.08203125 0.0185546875
50 0.466796875 0.294921875 0.0859375 0.01953125
3 0.11865234375 0.2353515625 0.072265625 0.0185546875
25 0.60107421875 0.2939453125 0.078125 0.017578125
25 0.92578125 0.4306640625 0.08203125 0.0185546875
26 0.5869140625 0.58447265625 0.0859375 0.01953125
49 0.0966796875 0.572265625 0.083984375 0.017578125
49 0.43505859375 0.5791015625 0.08203125 0.017578125
23 0.92919921875 0.77587890625 0.083984375 0.017578125
49 0.1103515625 0.451171875 0.0849609375 0.0185546875
25 0.9404296875 0.3046875 0.080078125 0.0185546875
26 0.599609375 0.46240234375 0.080078125 0.017578125
23 0.93359375 0.65087890625 0.08203125 0.0185546875
10 0.09814453125 0.7578125 0.068359375 0.0185546875
10 0.10791015625 0.6298828125 0.072265625 0.017578125
50 0.45458984375 0.41748046875 0.083984375 0.0166015625
23 0.5888671875 0.6416015625 0.0849609375 0.01953125
48 0.4384765625 0.8271484375 0.087890625 0.01953125
38 0.93017578125 0.96142578125 0.078125 0.0166015625
38 0.94140625 0.83154296875 0.078125 0.015625
32 0.9150390625 0.25537109375 0.083984375 0.0166015625
32 0.5830078125 0.2529296875 0.08203125 0.017578125
10 0.4453125 0.634765625 0.078125 0.017578125
49 0.4443359375 0.45849609375 0.0849609375 0.017578125
38 0.58251953125 0.9453125 0.0810546875 0.017578125
38 0.595703125 0.81640625 0.080078125 0.017578125
23 0.5810546875 0.7685546875 0.08203125 0.017578125
26 0.939453125 0.47607421875 0.0830078125 0.017578125
10 0.44384765625 0.763671875 0.072265625 0.0166015625