52 0.2080078125 0.8681640625 0.044921875 0.046875
11 0.64453125 0.47412109375 0.04296875 0.048828125
11 0.66943359375 0.68798828125 0.041015625 0.04296875
11 0.45947265625 0.5478515625 0.0439453125 0.0478515625
11 0.4833984375 0.76171875 0.044921875 0.052734375
52 0.17529296875 0.65234375 0.046875 0.0556640625
52 0.3603515625 0.55615234375 0.044921875 0.0517578125
52 0.39599609375 0.7646484375 0.041015625 0.0478515625
23 0.123046875 0.26904296875 0.048828125 0.048828125
23 0.3134765625 0.22021484375 0.0439453125 0.041015625
23 0.3359375 0.43994140625 0.0439453125 0.03515625
23 0.1435546875 0.4931640625 0.04296875 0.037109375
51 0.3916015625 0.19189453125 0.0439453125 0.044921875
51 0.5732421875 0.12158203125 0.04296875 0.044921875
51 0.6015625 0.33154296875 0.0439453125 0.03515625
51 0.41943359375 0.404296875 0.048828125 0.0390625