28 0.29931640625 0.64013671875 0.205078125 0.486328125
53 0.2431640625 0.8076171875 0.01953125 0.0791015625
53 0.3388671875 0.45068359375 0.01953125 0.083984375
53 0.21875 0.47900390625 0.0234375 0.080078125
30 0.64208984375 0.47705078125 0.048828125 0.0546875
30 0.82568359375 0.33544921875 0.052734375 0.056640625
30 0.59130859375 0.27490234375 0.048828125 0.05859375
53 0.36669921875 0.7822265625 0.0224609375 0.080078125
30 0.7705078125 0.12939453125 0.0546875 0.0595703125
27 0.81591796875 0.74853515625 0.3349609375 0.49609375
28 0.71630859375 0.2998046875 0.330078125 0.375
27 0.5 0.56396484375 0.25390625 0.5302734375