28 0.63916015625 0.70166015625 0.486328125 0.2060546875
53 0.80908203125 0.75439453125 0.078125 0.01953125
27 0.7412109375 0.20166015625 0.4140625 0.3017578125
53 0.4541015625 0.6611328125 0.083984375 0.01953125
53 0.47900390625 0.78125 0.08203125 0.0244140625
53 0.78271484375 0.63671875 0.08203125 0.0224609375
6 0.25244140625 0.3974609375 0.0498046875 0.0458984375
27 0.56298828125 0.4990234375 0.5224609375 0.2568359375
6 0.35986328125 0.16552734375 0.044921875 0.048828125
6 0.46484375 0.3583984375 0.046875 0.0498046875
6 0.14208984375 0.20458984375 0.0517578125 0.048828125
28 0.306640625 0.2724609375 0.3623046875 0.3134765625