17 0.65185546875 0.2001953125 0.01953125 0.0849609375
17 0.6923828125 0.5302734375 0.0205078125 0.0859375
28 0.72998046875 0.34716796875 0.212890625 0.5029296875
17 0.810546875 0.48681640625 0.01953125 0.083984375
27 0.498046875 0.27783203125 0.177734375 0.478515625
17 0.77099609375 0.15869140625 0.01953125 0.0859375
27 0.15234375 0.22802734375 0.3046875 0.4462890625
28 0.3056640625 0.65625 0.333984375 0.501953125
41 0.34619140625 0.4736328125 0.041015625 0.0634765625
41 0.4140625 0.6640625 0.0439453125 0.068359375
41 0.1728515625 0.66845703125 0.0478515625 0.056640625
41 0.24267578125 0.85888671875 0.04296875 0.0673828125