5 0.9345703125 0.9033203125 0.01953125 0.083984375
17 0.279296875 0.57080078125 0.017578125 0.0830078125
17 0.39892578125 0.56005859375 0.0166015625 0.083984375
6 0.62744140625 0.8896484375 0.017578125 0.080078125
5 0.81005859375 0.89990234375 0.01953125 0.0830078125
41 0.1220703125 0.912109375 0.017578125 0.072265625
17 0.40673828125 0.88818359375 0.0185546875 0.083984375
15 0.0966796875 0.12255859375 0.01953125 0.080078125
15 0.10546875 0.4521484375 0.021484375 0.078125
15 0.2216796875 0.44091796875 0.01953125 0.080078125
22 0.39306640625 0.0947265625 0.01953125 0.083984375
43 0.94140625 0.4375 0.01953125 0.087890625
41 0.1123046875 0.5859375 0.017578125 0.072265625
22 0.3994140625 0.43310546875 0.01953125 0.0859375
43 0.9501953125 0.08984375 0.0205078125 0.087890625
17 0.2880859375 0.89501953125 0.01953125 0.08203125
6 0.75634765625 0.9013671875 0.0185546875 0.0771484375
22 0.279296875 0.43701171875 0.01953125 0.083984375
41 0.236328125 0.90673828125 0.0166015625 0.072265625
5 0.939453125 0.5546875 0.0185546875 0.080078125
5 0.8134765625 0.55126953125 0.01953125 0.080078125
41 0.22802734375 0.57666015625 0.0166015625 0.07421875
35 0.58056640625 0.07666015625 0.017578125 0.0849609375
35 0.4580078125 0.091796875 0.017578125 0.0830078125
22 0.271484375 0.103515625 0.0185546875 0.08203125
43 0.8154296875 0.4345703125 0.01953125 0.083984375
15 0.21240234375 0.10791015625 0.01953125 0.08203125
35 0.58935546875 0.4208984375 0.017578125 0.0830078125
13 0.7646484375 0.45263671875 0.0234375 0.0361328125
6 0.7626953125 0.556640625 0.017578125 0.08203125
13 0.63916015625 0.06494140625 0.0234375 0.0400390625
35 0.4638671875 0.431640625 0.017578125 0.0830078125
13 0.63720703125 0.4521484375 0.025390625 0.0390625
6 0.6337890625 0.5517578125 0.01953125 0.0849609375
13 0.5712890625 0.91748046875 0.025390625 0.041015625
43 0.82373046875 0.0849609375 0.0224609375 0.087890625
13 0.765625 0.06298828125 0.0244140625 0.0380859375
13 0.453125 0.916015625 0.021484375 0.037109375
13 0.5703125 0.54248046875 0.025390625 0.05078125
13 0.451171875 0.54248046875 0.025390625 0.05078125