27 0.271484375 0.8134765625 0.408203125 0.328125
25 0.18603515625 0.2490234375 0.0771484375 0.017578125
25 0.5126953125 0.2255859375 0.0810546875 0.01953125
25 0.20947265625 0.373046875 0.078125 0.017578125
29 0.78076171875 0.60205078125 0.048828125 0.046875
29 0.88037109375 0.80029296875 0.046875 0.0546875
29 0.5654296875 0.6328125 0.046875 0.046875
28 0.36181640625 0.30126953125 0.484375 0.1982421875
25 0.54296875 0.34619140625 0.078125 0.01953125
29 0.6630859375 0.830078125 0.05078125 0.048828125
28 0.7158203125 0.72900390625 0.396484375 0.3212890625
27 0.451171875 0.50341796875 0.494140625 0.2314453125