27 0.83935546875 0.75927734375 0.3076171875 0.3955078125
44 0.33544921875 0.85888671875 0.01953125 0.091796875
44 0.21630859375 0.86962890625 0.01953125 0.091796875
44 0.2001953125 0.53515625 0.021484375 0.087890625
44 0.32470703125 0.5205078125 0.01953125 0.091796875
28 0.28076171875 0.6923828125 0.25 0.49609375
46 0.77880859375 0.12890625 0.0458984375 0.05859375
46 0.8330078125 0.33740234375 0.04296875 0.0546875
46 0.5966796875 0.27978515625 0.0458984375 0.056640625
10 0.3701171875 0.8388671875 0.015625 0.0771484375
46 0.64697265625 0.4814453125 0.0498046875 0.052734375
27 0.4990234375 0.66845703125 0.21484375 0.45703125
28 0.70166015625 0.33935546875 0.3466796875 0.53515625