28 0.935546875 0.52490234375 0.12890625 0.287109375
25 0.9853515625 0.62890625 0.015625 0.048828125
25 0.9052734375 0.63427734375 0.01171875 0.0478515625
25 0.8935546875 0.42333984375 0.0107421875 0.04296875
25 0.970703125 0.4189453125 0.013671875 0.046875
22 0.66357421875 0.82763671875 0.0107421875 0.05078125
22 0.5869140625 0.81689453125 0.01171875 0.0498046875
33 0.658203125 0.74365234375 0.01171875 0.0478515625
33 0.58056640625 0.72900390625 0.009765625 0.05078125
33 0.66455078125 0.5322265625 0.01171875 0.0458984375
33 0.58935546875 0.51904296875 0.009765625 0.0478515625
45 0.513671875 0.8017578125 0.01171875 0.052734375
45 0.43603515625 0.796875 0.009765625 0.0546875
17 0.51904296875 0.71875 0.01171875 0.05078125
17 0.4423828125 0.71826171875 0.01171875 0.048828125
17 0.51953125 0.50830078125 0.01171875 0.052734375
17 0.4443359375 0.50732421875 0.0126953125 0.05078125
16 0.46630859375 0.05224609375 0.013671875 0.044921875
16 0.48046875 0.216796875 0.01171875 0.044921875
9 0.37744140625 0.79443359375 0.01171875 0.0478515625
9 0.30078125 0.80224609375 0.01171875 0.044921875
48 0.37548828125 0.71240234375 0.0126953125 0.048828125
48 0.29833984375 0.7099609375 0.01171875 0.05078125
48 0.38134765625 0.50244140625 0.009765625 0.048828125
48 0.30615234375 0.4970703125 0.01171875 0.052734375
6 0.390625 0.38525390625 0.01171875 0.048828125
6 0.31689453125 0.3701171875 0.0107421875 0.048828125
13 0.4111328125 0.30126953125 0.0078125 0.07421875
13 0.3466796875 0.11962890625 0.009765625 0.0693359375
2 0.224609375 0.81298828125 0.013671875 0.052734375
19 0.23486328125 0.71728515625 0.01171875 0.0546875
19 0.251953125 0.505859375 0.01171875 0.052734375
2 0.14990234375 0.79296875 0.0126953125 0.05078125
19 0.16064453125 0.70654296875 0.0107421875 0.0546875
19 0.177734375 0.49609375 0.009765625 0.0458984375
24 0.26708984375 0.3828125 0.009765625 0.0537109375
24 0.193359375 0.38037109375 0.009765625 0.046875
43 0.2646484375 0.30859375 0.01171875 0.05078125
43 0.27294921875 0.11474609375 0.009765625 0.044921875
43 0.19189453125 0.30322265625 0.0107421875 0.05078125
27 0.07275390625 0.4228515625 0.1181640625 0.2919921875
43 0.2021484375 0.1083984375 0.009765625 0.0478515625
30 0.962890625 0.29736328125 0.01171875 0.056640625
30 0.88818359375 0.29638671875 0.0107421875 0.052734375
30 0.88232421875 0.10107421875 0.01171875 0.0498046875
30 0.9541015625 0.10107421875 0.0107421875 0.048828125