45 0.0810546875 0.220703125 0.056640625 0.01171875
45 0.08544921875 0.14306640625 0.0517578125 0.009765625
33 0.1552734375 0.22119140625 0.0556640625 0.0087890625
33 0.15966796875 0.14453125 0.056640625 0.0107421875
22 0.23974609375 0.22607421875 0.056640625 0.0107421875
22 0.2421875 0.14892578125 0.0537109375 0.009765625
22 0.4541015625 0.1572265625 0.046875 0.009765625
22 0.453125 0.23291015625 0.048828125 0.01171875
37 0.08544921875 0.0888671875 0.05859375 0.009765625
37 0.08984375 0.01025390625 0.0546875 0.009765625
8 0.16552734375 0.08837890625 0.0546875 0.01171875
8 0.166015625 0.0107421875 0.048828125 0.009765625
52 0.24658203125 0.09326171875 0.0546875 0.0107421875
52 0.25244140625 0.01513671875 0.048828125 0.009765625
52 0.46435546875 0.0283203125 0.0439453125 0.0078125
52 0.45947265625 0.1064453125 0.04296875 0.009765625
3 0.58154296875 0.11474609375 0.046875 0.0107421875
3 0.58935546875 0.0390625 0.048828125 0.009765625
14 0.658203125 0.12060546875 0.048828125 0.01171875
14 0.6748046875 0.04638671875 0.046875 0.0126953125
36 0.73291015625 0.12646484375 0.0439453125 0.01171875
36 0.744140625 0.05322265625 0.044921875 0.0107421875
36 0.92529296875 0.14404296875 0.041015625 0.009765625
36 0.93994140625 0.07080078125 0.0400390625 0.0107421875
7 0.33056640625 0.80712890625 0.0517578125 0.01171875
7 0.33837890625 0.72900390625 0.05078125 0.009765625
27 0.44384765625 0.92041015625 0.294921875 0.1220703125
28 0.4345703125 0.7744140625 0.296875 0.123046875
7 0.5400390625 0.80615234375 0.046875 0.01171875
7 0.5478515625 0.73095703125 0.0498046875 0.013671875
24 0.6904296875 0.92822265625 0.0576171875 0.009765625
24 0.693359375 0.8525390625 0.044921875 0.01171875
24 0.88525390625 0.9248046875 0.04296875 0.009765625
24 0.89208984375 0.8525390625 0.044921875 0.009765625
28 0.787109375 0.89111328125 0.265625 0.1162109375
27 0.72998046875 0.59375 0.27734375 0.109375