6 0.9228515625 0.078125 0.0556640625 0.013671875
23 0.8154296875 0.08349609375 0.0556640625 0.0087890625
23 0.8271484375 0.0048828125 0.05078125 0.009765625
31 0.7314453125 0.08251953125 0.052734375 0.01171875
31 0.75146484375 0.005859375 0.05078125 0.0107421875
19 0.9140625 0.14599609375 0.056640625 0.0126953125
19 0.9208984375 0.2236328125 0.0478515625 0.0126953125
2 0.8359375 0.15234375 0.0478515625 0.01171875
2 0.8388671875 0.2294921875 0.0498046875 0.01171875
31 0.51953125 0.0732421875 0.052734375 0.0107421875
13 0.732421875 0.15869140625 0.072265625 0.0126953125
13 0.5546875 0.25146484375 0.080078125 0.009765625
13 0.9365234375 0.310546875 0.0791015625 0.01171875
49 0.84423828125 0.32080078125 0.0556640625 0.01171875
49 0.8564453125 0.39892578125 0.056640625 0.01171875
4 0.765625 0.32763671875 0.0517578125 0.009765625
4 0.7587890625 0.404296875 0.05078125 0.0087890625
32 0.95751953125 0.46337890625 0.056640625 0.0107421875
32 0.95751953125 0.54150390625 0.052734375 0.009765625
48 0.8828125 0.4736328125 0.060546875 0.009765625
48 0.87841796875 0.55126953125 0.056640625 0.009765625
9 0.806640625 0.474609375 0.048828125 0.0078125
9 0.796875 0.55126953125 0.04296875 0.009765625
9 0.58154296875 0.54248046875 0.044921875 0.0087890625
9 0.5908203125 0.46728515625 0.0478515625 0.0087890625
4 0.55224609375 0.32666015625 0.048828125 0.0107421875
4 0.54541015625 0.40185546875 0.0478515625 0.009765625
20 0.94970703125 0.623046875 0.0556640625 0.0087890625
20 0.9443359375 0.70166015625 0.0546875 0.0107421875
26 0.87841796875 0.623046875 0.048828125 0.009765625
26 0.86376953125 0.7001953125 0.0478515625 0.009765625
44 0.78369140625 0.61376953125 0.0546875 0.009765625
44 0.7685546875 0.68994140625 0.052734375 0.009765625
44 0.57080078125 0.599609375 0.0517578125 0.009765625
44 0.556640625 0.6748046875 0.056640625 0.009765625
45 0.9189453125 0.779296875 0.056640625 0.01171875
45 0.91455078125 0.85693359375 0.0517578125 0.009765625
33 0.8447265625 0.77880859375 0.0556640625 0.0087890625
33 0.84033203125 0.85546875 0.056640625 0.0107421875
22 0.76025390625 0.77392578125 0.056640625 0.0107421875
22 0.7578125 0.85107421875 0.0537109375 0.009765625
22 0.5458984375 0.8427734375 0.046875 0.009765625
22 0.546875 0.76708984375 0.048828125 0.01171875
37 0.91455078125 0.9111328125 0.05859375 0.009765625
37 0.91015625 0.98974609375 0.0546875 0.0107421875
8 0.83447265625 0.91162109375 0.0546875 0.01171875
8 0.833984375 0.9892578125 0.048828125 0.009765625
52 0.75341796875 0.90673828125 0.0546875 0.0107421875
52 0.74755859375 0.98486328125 0.048828125 0.0107421875
52 0.53564453125 0.9716796875 0.0439453125 0.0087890625
52 0.54052734375 0.8935546875 0.04296875 0.009765625
11 0.4404296875 0.005859375 0.044921875 0.01171875
11 0.42578125 0.0830078125 0.0390625 0.009765625
39 0.3525390625 0.0107421875 0.041015625 0.01171875
39 0.3486328125 0.087890625 0.041015625 0.009765625
15 0.25341796875 0.00732421875 0.0458984375 0.013671875
15 0.25439453125 0.08251953125 0.0478515625 0.013671875
30 0.4248046875 0.17236328125 0.05078125 0.0126953125
30 0.4287109375 0.24853515625 0.05078125 0.01171875
15 0.06005859375 0.0205078125 0.044921875 0.013671875
53 0.36669921875 0.1796875 0.05078125 0.0146484375
53 0.3681640625 0.2548828125 0.0419921875 0.01171875
7 0.28125 0.18212890625 0.0498046875 0.0126953125
7 0.27685546875 0.2568359375 0.044921875 0.0126953125
15 0.0625 0.0908203125 0.044921875 0.01171875
7 0.08740234375 0.18310546875 0.04296875 0.009765625
29 0.4345703125 0.33251953125 0.052734375 0.013671875
29 0.42919921875 0.4072265625 0.0556640625 0.015625
43 0.37109375 0.328125 0.05078125 0.013671875
43 0.36572265625 0.40234375 0.048828125 0.01171875
24 0.28662109375 0.328125 0.048828125 0.009765625
24 0.27392578125 0.40234375 0.04296875 0.009765625
24 0.08203125 0.39208984375 0.046875 0.009765625
7 0.08056640625 0.25439453125 0.0458984375 0.01171875
24 0.09716796875 0.3203125 0.0439453125 0.009765625
16 0.44482421875 0.4658203125 0.0498046875 0.013671875
16 0.4423828125 0.541015625 0.052734375 0.013671875
13 0.36767578125 0.46240234375 0.0703125 0.0078125
5 0.28466796875 0.46337890625 0.044921875 0.009765625
5 0.08837890625 0.46142578125 0.046875 0.0107421875
5 0.0849609375 0.533203125 0.0419921875 0.01171875
5 0.2822265625 0.53662109375 0.041015625 0.009765625
42 0.44482421875 0.5986328125 0.052734375 0.01171875
42 0.4375 0.67236328125 0.05078125 0.01171875
51 0.37939453125 0.599609375 0.046875 0.0078125
51 0.36572265625 0.671875 0.04296875 0.01171875
34 0.294921875 0.59375 0.048828125 0.009765625
34 0.279296875 0.66650390625 0.048828125 0.01171875
34 0.1025390625 0.578125 0.048828125 0.0078125
34 0.0849609375 0.65087890625 0.046875 0.0078125
46 0.4306640625 0.75390625 0.05078125 0.009765625
46 0.4189453125 0.82861328125 0.05078125 0.0078125
35 0.361328125 0.7373046875 0.048828125 0.009765625
35 0.35009765625 0.810546875 0.044921875 0.009765625
17 0.26953125 0.72119140625 0.048828125 0.009765625
17 0.27294921875 0.794921875 0.048828125 0.009765625
17 0.078125 0.79248046875 0.048828125 0.01171875
17 0.076171875 0.7197265625 0.044921875 0.0107421875
3 0.41845703125 0.88525390625 0.046875 0.0107421875
3 0.41064453125 0.9609375 0.048828125 0.009765625
14 0.341796875 0.87939453125 0.048828125 0.01171875
14 0.3251953125 0.95361328125 0.046875 0.0126953125
36 0.26708984375 0.87353515625 0.0439453125 0.01171875
36 0.255859375 0.94677734375 0.044921875 0.0107421875
36 0.07470703125 0.85595703125 0.041015625 0.009765625
36 0.06005859375 0.92919921875 0.0400390625 0.0107421875