6 0.078125 0.0771484375 0.013671875 0.0556640625
23 0.08349609375 0.1845703125 0.0087890625 0.0556640625
23 0.0048828125 0.1728515625 0.009765625 0.05078125
31 0.08251953125 0.2685546875 0.01171875 0.052734375
31 0.005859375 0.24853515625 0.0107421875 0.05078125
19 0.14599609375 0.0859375 0.0126953125 0.056640625
19 0.2236328125 0.0791015625 0.0126953125 0.0478515625
2 0.15185546875 0.166015625 0.013671875 0.052734375
2 0.22998046875 0.16064453125 0.013671875 0.052734375
31 0.0732421875 0.48046875 0.0107421875 0.052734375
13 0.15869140625 0.267578125 0.0126953125 0.072265625
13 0.25146484375 0.4453125 0.009765625 0.080078125
13 0.310546875 0.0634765625 0.01171875 0.0791015625
49 0.32080078125 0.15576171875 0.01171875 0.0556640625
49 0.39892578125 0.1435546875 0.01171875 0.056640625
4 0.3271484375 0.23095703125 0.009765625 0.0517578125
4 0.404296875 0.2412109375 0.0087890625 0.05078125
20 0.33154296875 0.3076171875 0.009765625 0.0546875
20 0.4091796875 0.31689453125 0.0087890625 0.05078125
20 0.4013671875 0.525390625 0.009765625 0.048828125
20 0.328125 0.51513671875 0.009765625 0.052734375
32 0.46337890625 0.04248046875 0.0107421875 0.056640625
32 0.54150390625 0.04248046875 0.009765625 0.052734375
48 0.470703125 0.119140625 0.009765625 0.060546875
48 0.54736328125 0.13427734375 0.009765625 0.056640625
48 0.46142578125 0.33349609375 0.009765625 0.0556640625
9 0.19482421875 0.72802734375 0.017578125 0.041015625
9 0.2880859375 0.6708984375 0.015625 0.041015625