53 0.83203125 0.724609375 0.05078125 0.009765625
1 0.75634765625 0.72509765625 0.05078125 0.013671875
1 0.5458984375 0.70556640625 0.052734375 0.01171875
33 0.90234375 0.80908203125 0.05859375 0.0126953125
12 0.830078125 0.80078125 0.048828125 0.01171875
23 0.751953125 0.79638671875 0.048828125 0.01171875
23 0.73876953125 0.8720703125 0.044921875 0.0107421875
23 0.54248046875 0.7783203125 0.048828125 0.009765625
29 0.65234375 0.0751953125 0.0517578125 0.009765625
28 0.5703125 0.04541015625 0.3076171875 0.0908203125
49 0.08056640625 0.1064453125 0.05078125 0.013671875
28 0.17626953125 0.06640625 0.28515625 0.1328125
49 0.28076171875 0.09716796875 0.048828125 0.0126953125
49 0.279296875 0.021484375 0.05078125 0.0126953125
49 0.07958984375 0.03125 0.0478515625 0.013671875
29 0.44482421875 0.0654296875 0.0478515625 0.015625