27 0.1572265625 0.4599609375 0.1337890625 0.3056640625
28 0.685546875 0.8466796875 0.1708984375 0.21484375
18 0.7490234375 0.921875 0.03515625 0.033203125
18 0.62353515625 0.9228515625 0.03125 0.03125
18 0.62451171875 0.77734375 0.03125 0.029296875
18 0.74609375 0.7802734375 0.03125 0.03125
28 0.4755859375 0.81787109375 0.177734375 0.23046875
31 0.53369140625 0.89990234375 0.0322265625 0.02734375
31 0.412109375 0.87646484375 0.03125 0.033203125
31 0.5419921875 0.75830078125 0.03125 0.0322265625
31 0.421875 0.7353515625 0.029296875 0.03125
5 0.9365234375 0.67431640625 0.01171875 0.0546875
5 0.85986328125 0.6650390625 0.01171875 0.0556640625
19 0.92822265625 0.58349609375 0.01171875 0.05078125
19 0.92626953125 0.37646484375 0.0107421875 0.0556640625
19 0.8515625 0.57568359375 0.009765625 0.05859375
19 0.85009765625 0.37158203125 0.009765625 0.048828125
24 0.78662109375 0.66455078125 0.0107421875 0.052734375
24 0.71044921875 0.6474609375 0.009765625 0.0546875
24 0.794921875 0.45751953125 0.0087890625 0.0478515625
24 0.71923828125 0.44189453125 0.0087890625 0.046875
10 0.63916015625 0.6337890625 0.009765625 0.048828125
10 0.5634765625 0.60693359375 0.0107421875 0.044921875
10 0.66015625 0.4306640625 0.009765625 0.0439453125
10 0.5869140625 0.404296875 0.009765625 0.04296875
8 0.51123046875 0.59765625 0.009765625 0.0556640625
8 0.43603515625 0.58251953125 0.01171875 0.0478515625
8 0.4501953125 0.37841796875 0.01171875 0.052734375
8 0.5234375 0.39013671875 0.0146484375 0.05078125
34 0.3974609375 0.599609375 0.009765625 0.052734375
34 0.322265625 0.59423828125 0.009765625 0.0546875
47 0.404296875 0.49853515625 0.01171875 0.0498046875
47 0.41357421875 0.29345703125 0.01171875 0.05078125
17 0.66845703125 0.28515625 0.013671875 0.05078125
47 0.3291015625 0.48876953125 0.0107421875 0.0556640625
47 0.34033203125 0.2890625 0.015625 0.05078125
17 0.59619140625 0.27734375 0.0107421875 0.052734375
17 0.60595703125 0.08447265625 0.013671875 0.0546875
17 0.67724609375 0.09521484375 0.0126953125 0.0478515625