27 0.072265625 0.42919921875 0.12890625 0.2939453125
54 0.98291015625 0.9013671875 0.0126953125 0.052734375
54 0.90185546875 0.8916015625 0.013671875 0.052734375
38 0.97509765625 0.8193359375 0.0107421875 0.048828125
38 0.89501953125 0.80712890625 0.0087890625 0.0439453125
38 0.89892578125 0.59228515625 0.01171875 0.05078125
38 0.9755859375 0.60595703125 0.0087890625 0.0439453125
21 0.833984375 0.8759765625 0.009765625 0.056640625
21 0.7548828125 0.87109375 0.01171875 0.048828125
40 0.82763671875 0.77197265625 0.01171875 0.048828125
40 0.74951171875 0.7724609375 0.01171875 0.048828125
40 0.8232421875 0.56005859375 0.01171875 0.044921875
40 0.74609375 0.556640625 0.01171875 0.046875
41 0.67041015625 0.87060546875 0.009765625 0.052734375
41 0.59228515625 0.86572265625 0.01171875 0.0498046875
50 0.66748046875 0.76806640625 0.01171875 0.05078125
50 0.59033203125 0.7646484375 0.009765625 0.052734375
50 0.5908203125 0.5537109375 0.009765625 0.044921875
50 0.666015625 0.556640625 0.009765625 0.044921875
47 0.482421875 0.87109375 0.0107421875 0.05078125
47 0.40625 0.85791015625 0.01171875 0.052734375
18 0.48193359375 0.80859375 0.0107421875 0.05078125
18 0.40478515625 0.78955078125 0.009765625 0.048828125
18 0.49609375 0.59521484375 0.009765625 0.052734375
18 0.42138671875 0.57470703125 0.009765625 0.0517578125
1 0.96337890625 0.462890625 0.01171875 0.048828125
1 0.88525390625 0.453125 0.009765625 0.046875
25 0.95849609375 0.35595703125 0.009765625 0.046875
25 0.884765625 0.33642578125 0.0087890625 0.046875
25 0.8916015625 0.14404296875 0.01171875 0.044921875
25 0.96533203125 0.15966796875 0.0107421875 0.044921875
32 0.8232421875 0.4267578125 0.0107421875 0.048828125
32 0.75 0.4375 0.009765625 0.0498046875
32 0.80859375 0.2265625 0.01171875 0.044921875