42 0.658203125 0.14404296875 0.013671875 0.052734375
36 0.63671875 0.361328125 0.009765625 0.046875
42 0.734375 0.162109375 0.0126953125 0.052734375
36 0.7109375 0.3720703125 0.0107421875 0.05078125
3 0.673828125 0.8232421875 0.0107421875 0.044921875
52 0.78759765625 0.15771484375 0.009765625 0.0546875
52 0.865234375 0.1640625 0.0078125 0.046875
27 0.92333984375 0.57470703125 0.12890625 0.294921875
8 0.78076171875 0.2412109375 0.01171875 0.052734375
8 0.85693359375 0.25146484375 0.01171875 0.052734375
8 0.76806640625 0.45751953125 0.009765625 0.05078125
8 0.84326171875 0.4638671875 0.0126953125 0.0478515625
37 0.7353515625 0.576171875 0.01171875 0.048828125
37 0.80908203125 0.56103515625 0.009765625 0.048828125
7 0.748046875 0.669921875 0.01171875 0.046875
7 0.8212890625 0.67431640625 0.01171875 0.04296875
27 0.087890625 0.541015625 0.115234375 0.294921875
14 0.68603515625 0.64306640625 0.01171875 0.048828125