6 0.0771484375 0.921875 0.0556640625 0.013671875
23 0.1845703125 0.91650390625 0.0556640625 0.0087890625
23 0.1728515625 0.9951171875 0.05078125 0.009765625
31 0.2685546875 0.91748046875 0.052734375 0.01171875
31 0.24853515625 0.994140625 0.05078125 0.0107421875
19 0.0859375 0.85400390625 0.056640625 0.0126953125
19 0.0791015625 0.7763671875 0.0478515625 0.0126953125
2 0.1640625 0.84765625 0.0478515625 0.01171875
2 0.1611328125 0.7705078125 0.0498046875 0.01171875
31 0.48046875 0.9267578125 0.052734375 0.0107421875
13 0.267578125 0.84130859375 0.072265625 0.0126953125
13 0.4453125 0.74853515625 0.080078125 0.009765625
13 0.0634765625 0.689453125 0.0791015625 0.01171875
49 0.15576171875 0.67919921875 0.0556640625 0.01171875
49 0.1435546875 0.60107421875 0.056640625 0.01171875
4 0.234375 0.67236328125 0.0517578125 0.009765625
4 0.2412109375 0.595703125 0.05078125 0.0087890625
32 0.04248046875 0.53662109375 0.056640625 0.0107421875
32 0.04248046875 0.45849609375 0.052734375 0.009765625
48 0.1171875 0.5263671875 0.060546875 0.009765625
48 0.12158203125 0.44873046875 0.056640625 0.009765625
9 0.193359375 0.525390625 0.048828125 0.0078125
9 0.203125 0.44873046875 0.04296875 0.009765625
9 0.41845703125 0.45751953125 0.044921875 0.0087890625
9 0.4091796875 0.53271484375 0.0478515625 0.0087890625
4 0.44775390625 0.67333984375 0.048828125 0.0107421875
4 0.45458984375 0.59814453125 0.0478515625 0.009765625
20 0.05029296875 0.376953125 0.0556640625 0.0087890625
20 0.0556640625 0.29833984375 0.0546875 0.009765625
26 0.12158203125 0.376953125 0.048828125 0.009765625
26 0.13623046875 0.2998046875 0.0478515625 0.009765625
44 0.21630859375 0.38623046875 0.0546875 0.009765625
44 0.2314453125 0.31005859375 0.052734375 0.009765625
44 0.42919921875 0.400390625 0.0517578125 0.009765625
44 0.443359375 0.3251953125 0.056640625 0.009765625
45 0.0810546875 0.220703125 0.056640625 0.01171875
45 0.08544921875 0.14306640625 0.0517578125 0.009765625
33 0.1552734375 0.22119140625 0.0556640625 0.0087890625
33 0.15966796875 0.14453125 0.056640625 0.0107421875
22 0.23974609375 0.22607421875 0.056640625 0.0107421875
22 0.2421875 0.14892578125 0.0537109375 0.009765625
22 0.4541015625 0.1572265625 0.046875 0.009765625
22 0.453125 0.23291015625 0.048828125 0.01171875
37 0.08544921875 0.0888671875 0.05859375 0.009765625
37 0.08984375 0.01025390625 0.0546875 0.009765625
8 0.16552734375 0.08837890625 0.0546875 0.01171875
8 0.166015625 0.0107421875 0.048828125 0.009765625
52 0.24658203125 0.09326171875 0.0546875 0.0107421875
52 0.25244140625 0.01513671875 0.048828125 0.009765625
52 0.46435546875 0.0283203125 0.0439453125 0.0078125
52 0.45947265625 0.1064453125 0.04296875 0.009765625
11 0.8251953125 0.9453125 0.0400390625 0.017578125