27 0.53564453125 0.158203125 0.302734375 0.12890625
27 0.13818359375 0.896484375 0.208984375 0.1787109375
28 0.13037109375 0.68505859375 0.2021484375 0.17578125
18 0.0556640625 0.74853515625 0.029296875 0.03515625
18 0.20166015625 0.74267578125 0.029296875 0.03125
18 0.04541015625 0.6240234375 0.029296875 0.0341796875
18 0.19140625 0.6201171875 0.0244140625 0.029296875
15 0.31005859375 0.96337890625 0.056640625 0.0146484375
15 0.30419921875 0.88818359375 0.0556640625 0.0146484375
9 0.3876953125 0.96875 0.052734375 0.01171875
9 0.38134765625 0.892578125 0.04296875 0.01171875
9 0.58984375 0.87939453125 0.0439453125 0.01171875
9 0.59619140625 0.955078125 0.046875 0.009765625
54 0.68896484375 0.95166015625 0.0439453125 0.01171875
54 0.69677734375 0.876953125 0.04296875 0.0107421875
32 0.75390625 0.94775390625 0.0498046875 0.01171875
32 0.76708984375 0.87451171875 0.04296875 0.009765625
32 0.94775390625 0.95166015625 0.05078125 0.01171875
32 0.95703125 0.87890625 0.05078125 0.009765625
21 0.30908203125 0.80859375 0.052734375 0.01171875
21 0.31591796875 0.7314453125 0.0546875 0.01171875
21 0.517578125 0.80908203125 0.0478515625 0.0126953125
21 0.52490234375 0.7333984375 0.05078125 0.01171875
37 0.6953125 0.8193359375 0.0498046875 0.009765625
37 0.69384765625 0.7451171875 0.048828125 0.01171875
37 0.892578125 0.810546875 0.044921875 0.009765625
37 0.8896484375 0.73828125 0.044921875 0.01171875
36 0.693359375 0.68212890625 0.05078125 0.009765625
36 0.69775390625 0.6083984375 0.046875 0.009765625
36 0.888671875 0.68212890625 0.04296875 0.01171875
36 0.89306640625 0.6103515625 0.044921875 0.009765625
52 0.3154296875 0.6787109375 0.052734375 0.01171875
52 0.525390625 0.67626953125 0.0478515625 0.01171875
52 0.5234375 0.6015625 0.044921875 0.0087890625
52 0.3173828125 0.6015625 0.052734375 0.009765625
31 0.32421875 0.5458984375 0.05078125 0.01171875
31 0.5302734375 0.55712890625 0.052734375 0.0146484375
31 0.33935546875 0.47119140625 0.052734375 0.01171875
31 0.54541015625 0.4833984375 0.052734375 0.009765625
43 0.7041015625 0.56201171875 0.048828125 0.01171875
43 0.8994140625 0.56787109375 0.044921875 0.0107421875
43 0.9072265625 0.4951171875 0.046875 0.009765625
43 0.71142578125 0.48779296875 0.048828125 0.009765625
40 0.37548828125 0.44384765625 0.05078125 0.013671875
40 0.35693359375 0.36669921875 0.052734375 0.01171875
40 0.5625 0.3544921875 0.048828125 0.0126953125
40 0.5810546875 0.4287109375 0.05078125 0.0126953125