14 0.91455078125 0.19677734375 0.0546875 0.013671875
14 0.90576171875 0.275390625 0.0537109375 0.013671875
35 0.8505859375 0.201171875 0.052734375 0.01171875
6 0.77734375 0.19873046875 0.0498046875 0.009765625
6 0.5625 0.19677734375 0.048828125 0.01171875
35 0.83740234375 0.2783203125 0.0517578125 0.01171875
6 0.76708984375 0.27685546875 0.048828125 0.013671875
6 0.5537109375 0.2734375 0.046875 0.0107421875
42 0.9228515625 0.33837890625 0.0546875 0.015625
42 0.9150390625 0.416015625 0.0546875 0.017578125
46 0.8291015625 0.32958984375 0.0537109375 0.0146484375
46 0.8427734375 0.40673828125 0.0546875 0.0126953125
50 0.74951171875 0.3447265625 0.052734375 0.01171875
50 0.74365234375 0.421875 0.0498046875 0.01171875
50 0.53759765625 0.341796875 0.0498046875 0.0126953125
50 0.53173828125 0.41748046875 0.0478515625 0.0087890625
8 0.43408203125 0.3466796875 0.0517578125 0.009765625
8 0.42236328125 0.42041015625 0.048828125 0.009765625
18 0.34814453125 0.34423828125 0.0517578125 0.009765625
18 0.33251953125 0.41796875 0.046875 0.009765625
22 0.27392578125 0.33349609375 0.048828125 0.01171875
22 0.25927734375 0.408203125 0.05078125 0.009765625
22 0.08056640625 0.3251953125 0.0439453125 0.0107421875
22 0.0693359375 0.3974609375 0.046875 0.01171875
25 0.923828125 0.50244140625 0.0556640625 0.01171875
25 0.9140625 0.580078125 0.0546875 0.01171875
20 0.84228515625 0.498046875 0.048828125 0.0087890625
20 0.83447265625 0.57568359375 0.052734375 0.01171875
29 0.77001953125 0.48974609375 0.052734375 0.013671875
29 0.75146484375 0.5673828125 0.052734375 0.013671875
29 0.5390625 0.5498046875 0.046875 0.01171875
29 0.5576171875 0.4755859375 0.044921875 0.01171875
44 0.43359375 0.4736328125 0.05078125 0.0107421875
3 0.375 0.4658203125 0.044921875 0.0107421875
3 0.37158203125 0.53955078125 0.04296875 0.009765625
16 0.302734375 0.46728515625 0.048828125 0.0107421875
16 0.298828125 0.53955078125 0.05078125 0.01171875
16 0.10498046875 0.53662109375 0.046875 0.01171875
16 0.1064453125 0.46484375 0.04296875 0.0107421875
30 0.91552734375 0.6533203125 0.052734375 0.009765625
30 0.9111328125 0.73095703125 0.056640625 0.009765625
53 0.82470703125 0.6484375 0.052734375 0.01171875
53 0.83056640625 0.72607421875 0.05078125 0.009765625
1 0.75048828125 0.65185546875 0.05078125 0.01171875
1 0.75341796875 0.728515625 0.048828125 0.009765625
1 0.5390625 0.72509765625 0.052734375 0.009765625
1 0.5361328125 0.64990234375 0.05078125 0.01171875
11 0.42822265625 0.6220703125 0.044921875 0.01171875
11 0.40185546875 0.69580078125 0.0458984375 0.009765625
26 0.357421875 0.61962890625 0.0498046875 0.01171875
26 0.3369140625 0.69384765625 0.044921875 0.0107421875
45 0.2900390625 0.61083984375 0.046875 0.015625
45 0.10009765625 0.57666015625 0.044921875 0.015625
33 0.90234375 0.80908203125 0.05859375 0.0126953125
33 0.8916015625 0.88818359375 0.052734375 0.01171875
12 0.830078125 0.80078125 0.048828125 0.01171875
12 0.8134765625 0.8798828125 0.046875 0.013671875
23 0.751953125 0.79638671875 0.048828125 0.01171875
23 0.73876953125 0.8720703125 0.044921875 0.0107421875
23 0.54248046875 0.7783203125 0.048828125 0.009765625
45 0.25244140625 0.681640625 0.041015625 0.013671875
45 0.0693359375 0.6455078125 0.044921875 0.015625
23 0.53125 0.853515625 0.0478515625 0.009765625
39 0.41015625 0.759765625 0.048828125 0.0107421875
39 0.41259765625 0.8349609375 0.041015625 0.0087890625
4 0.3388671875 0.75537109375 0.04296875 0.0126953125
4 0.34033203125 0.830078125 0.048828125 0.0126953125
49 0.28076171875 0.759765625 0.044921875 0.009765625
49 0.27734375 0.833984375 0.048828125 0.009765625
49 0.08349609375 0.8271484375 0.044921875 0.009765625
49 0.0849609375 0.7548828125 0.048828125 0.0107421875
27 0.43115234375 0.94140625 0.3056640625 0.1171875
7 0.43408203125 0.08642578125 0.044921875 0.015625
7 0.46484375 0.01171875 0.044921875 0.0126953125