27 0.42919921875 0.927734375 0.29296875 0.12890625
54 0.9013671875 0.01708984375 0.052734375 0.0126953125
54 0.8916015625 0.09814453125 0.052734375 0.013671875
38 0.8193359375 0.02490234375 0.048828125 0.0107421875
38 0.80712890625 0.10498046875 0.0439453125 0.0087890625
38 0.59228515625 0.10107421875 0.05078125 0.01171875
38 0.60595703125 0.0244140625 0.0439453125 0.0087890625
21 0.8759765625 0.166015625 0.056640625 0.009765625
21 0.87109375 0.2451171875 0.048828125 0.01171875
40 0.77197265625 0.17236328125 0.048828125 0.01171875
40 0.7724609375 0.25048828125 0.048828125 0.01171875
40 0.56005859375 0.1767578125 0.044921875 0.01171875