27 0.4599609375 0.8427734375 0.3056640625 0.1337890625
28 0.8466796875 0.314453125 0.21484375 0.1708984375
18 0.921875 0.2509765625 0.033203125 0.03515625
18 0.9228515625 0.37646484375 0.03125 0.03125
18 0.77734375 0.37548828125 0.029296875 0.03125
18 0.7802734375 0.25390625 0.03125 0.03125
28 0.81787109375 0.5244140625 0.23046875 0.177734375
31 0.89990234375 0.46630859375 0.02734375 0.0322265625
31 0.87646484375 0.587890625 0.033203125 0.03125
31 0.75830078125 0.4580078125 0.0322265625 0.03125
31 0.7353515625 0.578125 0.03125 0.029296875
5 0.67431640625 0.0634765625 0.0546875 0.01171875
5 0.6650390625 0.14013671875 0.0556640625 0.01171875
19 0.58349609375 0.07177734375 0.05078125 0.01171875
19 0.37646484375 0.07373046875 0.0556640625 0.0107421875
19 0.57568359375 0.1484375 0.05859375 0.009765625
19 0.37158203125 0.14990234375 0.048828125 0.009765625
24 0.66455078125 0.21337890625 0.052734375 0.0107421875
24 0.6474609375 0.28955078125 0.0546875 0.009765625
24 0.45751953125 0.205078125 0.0478515625 0.0087890625
24 0.44189453125 0.28076171875 0.046875 0.0087890625
10 0.6337890625 0.36083984375 0.048828125 0.009765625
10 0.60693359375 0.4365234375 0.044921875 0.0107421875
10 0.4306640625 0.33984375 0.0439453125 0.009765625
10 0.404296875 0.4130859375 0.04296875 0.009765625
8 0.59765625 0.48876953125 0.0556640625 0.009765625
8 0.58251953125 0.56396484375 0.0478515625 0.01171875
8 0.37841796875 0.5498046875 0.052734375 0.01171875
8 0.39013671875 0.4765625 0.05078125 0.0146484375
34 0.599609375 0.6025390625 0.052734375 0.009765625
34 0.59423828125 0.677734375 0.0546875 0.009765625
47 0.49853515625 0.595703125 0.0498046875 0.01171875
47 0.29345703125 0.58642578125 0.05078125 0.01171875
17 0.28515625 0.33154296875 0.05078125 0.013671875
47 0.48876953125 0.6708984375 0.0556640625 0.0107421875
47 0.2890625 0.65966796875 0.05078125 0.015625
17 0.27734375 0.40380859375 0.052734375 0.0107421875
17 0.08447265625 0.39404296875 0.0546875 0.013671875
17 0.09521484375 0.32275390625 0.0478515625 0.0126953125