28 0.17626953125 0.0634765625 0.28515625 0.126953125
29 0.65234375 0.0751953125 0.0517578125 0.009765625
28 0.5703125 0.04541015625 0.3076171875 0.0908203125
29 0.44482421875 0.0654296875 0.0478515625 0.015625
27 0.43310546875 0.93798828125 0.310546875 0.1240234375
23 0.27099609375 0.08447265625 0.0478515625 0.01171875
23 0.0771484375 0.09228515625 0.0478515625 0.013671875
23 0.076171875 0.0166015625 0.046875 0.013671875
23 0.27197265625 0.009765625 0.05078125 0.009765625
32 0.861328125 0.1572265625 0.052734375 0.013671875
32 0.873046875 0.2333984375 0.056640625 0.0126953125
54 0.79541015625 0.15771484375 0.05078125 0.0126953125
54 0.81005859375 0.23486328125 0.0478515625 0.013671875
54 0.59814453125 0.2548828125 0.048828125 0.015625
54 0.58349609375 0.1796875 0.05078125 0.015625
36 0.8671875 0.3310546875 0.05859375 0.01171875
36 0.86962890625 0.40869140625 0.052734375 0.0107421875
9 0.48193359375 0.18994140625 0.044921875 0.013671875
9 0.48291015625 0.26513671875 0.04296875 0.01171875
15 0.39697265625 0.26708984375 0.05078125 0.013671875
15 0.19873046875 0.27734375 0.05078125 0.013671875
15 0.193359375 0.2041015625 0.0458984375 0.01171875
15 0.39013671875 0.193359375 0.0537109375 0.013671875
52 0.78759765625 0.3291015625 0.05078125 0.0107421875
52 0.7890625 0.40771484375 0.05078125 0.01171875
52 0.5771484375 0.412109375 0.0478515625 0.01171875
52 0.57763671875 0.3359375 0.05078125 0.0126953125
37 0.466796875 0.3388671875 0.052734375 0.01171875
37 0.4599609375 0.4130859375 0.052734375 0.0107421875
21 0.3779296875 0.33203125 0.048828125 0.009765625
21 0.37939453125 0.40673828125 0.048828125 0.01171875
21 0.18017578125 0.3359375 0.044921875 0.013671875
21 0.181640625 0.40869140625 0.046875 0.0126953125
43 0.88427734375 0.49951171875 0.056640625 0.01171875
43 0.87109375 0.5771484375 0.056640625 0.0107421875
31 0.80126953125 0.501953125 0.056640625 0.013671875
31 0.79150390625 0.57861328125 0.0537109375 0.009765625
31 0.578125 0.5693359375 0.05078125 0.009765625
31 0.58740234375 0.4931640625 0.052734375 0.013671875