27 0.92138671875 0.5732421875 0.12890625 0.291015625
28 0.064453125 0.47509765625 0.12890625 0.287109375
25 0.0146484375 0.37109375 0.015625 0.048828125
25 0.0947265625 0.36572265625 0.01171875 0.0478515625
25 0.1064453125 0.57666015625 0.0107421875 0.04296875
25 0.029296875 0.5810546875 0.013671875 0.046875
53 0.19091796875 0.1826171875 0.01171875 0.05078125
53 0.26953125 0.1875 0.013671875 0.05078125
30 0.1953125 0.26123046875 0.01171875 0.052734375
30 0.271484375 0.25537109375 0.01171875 0.05078125
30 0.28076171875 0.46875 0.013671875 0.0478515625
30 0.2060546875 0.47265625 0.0107421875 0.048828125
22 0.34716796875 0.19287109375 0.009765625 0.05078125
22 0.34765625 0.40576171875 0.01171875 0.0498046875