28 0.41064453125 0.46728515625 0.291015625 0.111328125
37 0.08544921875 0.0888671875 0.05859375 0.009765625
37 0.08984375 0.01025390625 0.0546875 0.009765625
8 0.16552734375 0.08837890625 0.0546875 0.01171875
8 0.166015625 0.0107421875 0.048828125 0.009765625
52 0.24658203125 0.09326171875 0.0546875 0.0107421875
52 0.25244140625 0.01513671875 0.048828125 0.009765625
52 0.46435546875 0.0283203125 0.0439453125 0.0078125
52 0.45947265625 0.1064453125 0.04296875 0.009765625
3 0.560546875 0.1015625 0.046875 0.0107421875
3 0.57958984375 0.029296875 0.048828125 0.009765625
14 0.662109375 0.037109375 0.046875 0.0126953125
36 0.734375 0.048828125 0.044921875 0.0107421875
36 0.92431640625 0.0771484375 0.0400390625 0.0107421875
7 0.33056640625 0.80712890625 0.0517578125 0.01171875
7 0.33837890625 0.72900390625 0.05078125 0.009765625
27 0.44384765625 0.92041015625 0.294921875 0.1220703125
28 0.4345703125 0.7744140625 0.296875 0.123046875
7 0.5400390625 0.80615234375 0.046875 0.01171875
7 0.5478515625 0.73095703125 0.0498046875 0.013671875
24 0.6904296875 0.92822265625 0.0576171875 0.009765625
24 0.693359375 0.8525390625 0.044921875 0.01171875
24 0.88525390625 0.9248046875 0.04296875 0.009765625
24 0.89208984375 0.8525390625 0.044921875 0.009765625
28 0.787109375 0.89111328125 0.265625 0.1162109375
22 0.42529296875 0.150390625 0.0546875 0.0087890625
17 0.310546875 0.50390625 0.0498046875 0.009765625
17 0.30908203125 0.42724609375 0.046875 0.0087890625
17 0.51904296875 0.50390625 0.048828125 0.01171875