6 0.078125 0.0771484375 0.013671875 0.0556640625
23 0.08349609375 0.1845703125 0.0087890625 0.0556640625
23 0.0048828125 0.1728515625 0.009765625 0.05078125
31 0.08251953125 0.2685546875 0.01171875 0.052734375
31 0.005859375 0.24853515625 0.0107421875 0.05078125
19 0.14599609375 0.0859375 0.0126953125 0.056640625
19 0.2236328125 0.0791015625 0.0126953125 0.0478515625
2 0.15234375 0.166015625 0.013671875 0.0546875
2 0.23046875 0.16015625 0.0146484375 0.052734375
31 0.0732421875 0.48046875 0.0107421875 0.052734375
13 0.15869140625 0.267578125 0.0126953125 0.072265625
13 0.25146484375 0.4453125 0.009765625 0.080078125
13 0.310546875 0.0634765625 0.01171875 0.0791015625
49 0.32080078125 0.15576171875 0.01171875 0.0556640625
49 0.39892578125 0.1435546875 0.01171875 0.056640625
4 0.32763671875 0.234375 0.009765625 0.0517578125
4 0.404296875 0.2412109375 0.0087890625 0.05078125
32 0.46337890625 0.04248046875 0.0107421875 0.056640625
32 0.54150390625 0.04248046875 0.009765625 0.052734375
48 0.4736328125 0.1171875 0.009765625 0.060546875
48 0.55126953125 0.12158203125 0.009765625 0.056640625
9 0.474609375 0.193359375 0.0078125 0.048828125
9 0.55126953125 0.203125 0.009765625 0.04296875
9 0.54248046875 0.41845703125 0.0087890625 0.044921875
9 0.46728515625 0.4091796875 0.0087890625 0.0478515625
4 0.32666015625 0.44775390625 0.0107421875 0.048828125
4 0.40185546875 0.45458984375 0.009765625 0.0478515625
20 0.623046875 0.05029296875 0.0087890625 0.0556640625
20 0.70166015625 0.0556640625 0.009765625 0.0546875
26 0.623046875 0.12158203125 0.009765625 0.048828125
26 0.7001953125 0.13623046875 0.009765625 0.0478515625
44 0.61376953125 0.21630859375 0.009765625 0.0546875
44 0.68994140625 0.2314453125 0.009765625 0.052734375
44 0.599609375 0.42919921875 0.009765625 0.0517578125
44 0.6748046875 0.443359375 0.009765625 0.056640625
33 0.47607421875 0.73193359375 0.015625 0.048828125