27 0.57080078125 0.072265625 0.29296875 0.12890625
54 0.0986328125 0.98291015625 0.052734375 0.0126953125
54 0.1083984375 0.90185546875 0.052734375 0.013671875
38 0.1806640625 0.97509765625 0.048828125 0.0107421875
38 0.19287109375 0.89501953125 0.0439453125 0.0087890625
38 0.40771484375 0.89892578125 0.05078125 0.01171875
38 0.39404296875 0.9755859375 0.0439453125 0.0087890625
21 0.1240234375 0.833984375 0.056640625 0.009765625
21 0.12890625 0.7548828125 0.048828125 0.01171875
40 0.22802734375 0.82763671875 0.048828125 0.01171875
40 0.2275390625 0.74951171875 0.048828125 0.0126953125
40 0.43994140625 0.8232421875 0.044921875 0.01171875
40 0.443359375 0.74609375 0.046875 0.01171875
41 0.12939453125 0.67041015625 0.052734375 0.009765625
41 0.13427734375 0.59228515625 0.0498046875 0.01171875
50 0.23193359375 0.66748046875 0.05078125 0.01171875
50 0.2353515625 0.59033203125 0.052734375 0.009765625
50 0.4462890625 0.5908203125 0.044921875 0.009765625
50 0.443359375 0.666015625 0.044921875 0.009765625
47 0.12890625 0.482421875 0.05078125 0.0107421875
47 0.14208984375 0.40625 0.052734375 0.01171875
18 0.19140625 0.48193359375 0.05078125 0.0107421875
18 0.21044921875 0.40478515625 0.048828125 0.009765625
18 0.40478515625 0.49609375 0.052734375 0.009765625
18 0.42529296875 0.42138671875 0.0517578125 0.009765625
1 0.537109375 0.96337890625 0.048828125 0.0126953125
1 0.546875 0.88525390625 0.046875 0.009765625
25 0.64404296875 0.95849609375 0.046875 0.009765625
25 0.66357421875 0.884765625 0.046875 0.0087890625
25 0.85595703125 0.8916015625 0.044921875 0.01171875
25 0.84033203125 0.96533203125 0.044921875 0.0107421875
32 0.5625 0.8134765625 0.048828125 0.0107421875
32 0.57177734375 0.73876953125 0.0498046875 0.009765625
44 0.65380859375 0.81982421875 0.0458984375 0.0107421875
44 0.6552734375 0.7451171875 0.0458984375 0.009765625
44 0.85302734375 0.74267578125 0.046875 0.009765625
44 0.8515625 0.8154296875 0.04296875 0.01171875
26 0.5595703125 0.671875 0.046875 0.009765625
26 0.5673828125 0.59765625 0.044921875 0.009765625
20 0.64892578125 0.67041015625 0.048828125 0.009765625
20 0.8466796875 0.6748046875 0.04296875 0.009765625
20 0.65869140625 0.595703125 0.046875 0.009765625
20 0.85595703125 0.60205078125 0.0458984375 0.009765625
34 0.5537109375 0.52294921875 0.05078125 0.009765625
34 0.56396484375 0.44873046875 0.05078125 0.009765625
51 0.640625 0.53564453125 0.046875 0.009765625
51 0.65380859375 0.4619140625 0.0439453125 0.009765625
51 0.8359375 0.5458984375 0.04296875 0.009765625
51 0.8486328125 0.47314453125 0.04296875 0.0087890625