54 0.9013671875 0.01708984375 0.052734375 0.0126953125
54 0.8916015625 0.09814453125 0.052734375 0.013671875
38 0.8193359375 0.02490234375 0.048828125 0.0107421875
38 0.80712890625 0.10498046875 0.0439453125 0.0087890625
38 0.59228515625 0.10107421875 0.05078125 0.01171875
38 0.60595703125 0.0244140625 0.0439453125 0.0087890625
21 0.8759765625 0.166015625 0.056640625 0.009765625
21 0.87109375 0.2451171875 0.048828125 0.01171875
40 0.77197265625 0.17236328125 0.048828125 0.01171875
40 0.7724609375 0.25048828125 0.048828125 0.01171875
40 0.56005859375 0.1767578125 0.044921875 0.01171875
40 0.556640625 0.25390625 0.046875 0.01171875
41 0.87060546875 0.32958984375 0.052734375 0.009765625
41 0.86572265625 0.40771484375 0.0498046875 0.01171875
50 0.76806640625 0.33251953125 0.05078125 0.01171875
50 0.7646484375 0.40966796875 0.052734375 0.009765625
50 0.5537109375 0.4091796875 0.044921875 0.009765625
50 0.556640625 0.333984375 0.044921875 0.009765625
47 0.87548828125 0.50439453125 0.05078125 0.0107421875
47 0.85888671875 0.58203125 0.052734375 0.01171875
18 0.791015625 0.49853515625 0.05078125 0.0107421875
18 0.77734375 0.57470703125 0.048828125 0.0107421875
18 0.5791015625 0.48681640625 0.052734375 0.009765625
18 0.56494140625 0.56201171875 0.0517578125 0.01171875
1 0.462890625 0.03662109375 0.048828125 0.01171875
1 0.453125 0.11474609375 0.046875 0.009765625
25 0.35595703125 0.04150390625 0.046875 0.009765625
25 0.33642578125 0.115234375 0.046875 0.0087890625
25 0.14404296875 0.1083984375 0.044921875 0.01171875
25 0.15966796875 0.03466796875 0.044921875 0.0107421875
32 0.4375 0.1865234375 0.048828125 0.0107421875
32 0.42822265625 0.26123046875 0.0498046875 0.009765625
44 0.34619140625 0.18017578125 0.0458984375 0.0107421875
44 0.3447265625 0.2548828125 0.0458984375 0.009765625
44 0.14697265625 0.25732421875 0.046875 0.009765625
44 0.1484375 0.1845703125 0.04296875 0.01171875
26 0.4404296875 0.328125 0.046875 0.009765625
26 0.4326171875 0.40234375 0.044921875 0.009765625
20 0.35107421875 0.32958984375 0.048828125 0.009765625
20 0.1533203125 0.3251953125 0.04296875 0.009765625
20 0.34130859375 0.404296875 0.046875 0.009765625
20 0.14404296875 0.39794921875 0.0458984375 0.009765625
34 0.4462890625 0.47705078125 0.05078125 0.009765625
34 0.43603515625 0.55126953125 0.05078125 0.009765625
51 0.359375 0.46435546875 0.046875 0.009765625
51 0.34619140625 0.5380859375 0.0439453125 0.009765625
51 0.1640625 0.4541015625 0.04296875 0.009765625
51 0.1513671875 0.52685546875 0.04296875 0.0087890625
42 0.85595703125 0.658203125 0.052734375 0.013671875
36 0.77099609375 0.64697265625 0.052734375 0.0107421875
36 0.56005859375 0.6298828125 0.046875 0.009765625
42 0.837890625 0.734375 0.052734375 0.0126953125
36 0.75146484375 0.7236328125 0.0546875 0.01171875
36 0.5400390625 0.705078125 0.05078125 0.0107421875
14 0.45166015625 0.619140625 0.044921875 0.013671875
14 0.44091796875 0.69384765625 0.044921875 0.01171875
3 0.3447265625 0.6064453125 0.046875 0.013671875
3 0.34619140625 0.68017578125 0.044921875 0.009765625
3 0.14697265625 0.60546875 0.044921875 0.01171875
3 0.1494140625 0.67919921875 0.044921875 0.0107421875
52 0.84228515625 0.78759765625 0.0546875 0.009765625
52 0.8359375 0.865234375 0.046875 0.0078125
27 0.42529296875 0.92333984375 0.294921875 0.12890625
8 0.7587890625 0.78076171875 0.052734375 0.01171875
8 0.74853515625 0.85693359375 0.052734375 0.01171875
8 0.54248046875 0.76806640625 0.05078125 0.009765625
8 0.5361328125 0.84326171875 0.0478515625 0.0126953125
37 0.423828125 0.7353515625 0.048828125 0.01171875
37 0.43896484375 0.80908203125 0.048828125 0.009765625
7 0.330078125 0.748046875 0.046875 0.01171875
7 0.32568359375 0.8212890625 0.04296875 0.01171875
7 0.13427734375 0.7392578125 0.0478515625 0.013671875
7 0.1279296875 0.8125 0.0439453125 0.01171875