27 0.158203125 0.46435546875 0.1298828125 0.302734375
27 0.896484375 0.86181640625 0.1787109375 0.208984375
28 0.68505859375 0.86962890625 0.17578125 0.2021484375
18 0.74853515625 0.9443359375 0.03515625 0.029296875
18 0.74267578125 0.79833984375 0.03125 0.029296875
18 0.6240234375 0.95458984375 0.0341796875 0.029296875
18 0.6201171875 0.80859375 0.029296875 0.0244140625
15 0.96337890625 0.68994140625 0.0146484375 0.056640625
15 0.88818359375 0.69580078125 0.0146484375 0.0556640625
9 0.96875 0.6123046875 0.01171875 0.052734375
9 0.892578125 0.61865234375 0.01171875 0.04296875
9 0.87939453125 0.41015625 0.01171875 0.0439453125
9 0.955078125 0.40380859375 0.009765625 0.046875
54 0.95166015625 0.31103515625 0.01171875 0.0439453125
54 0.876953125 0.30322265625 0.0107421875 0.04296875
32 0.94775390625 0.24609375 0.01171875 0.048828125
32 0.87451171875 0.23291015625 0.009765625 0.04296875
32 0.95166015625 0.05224609375 0.01171875 0.05078125
32 0.87890625 0.04296875 0.0107421875 0.05078125
21 0.80859375 0.69091796875 0.01171875 0.052734375
21 0.7314453125 0.68408203125 0.01171875 0.0546875
21 0.80908203125 0.482421875 0.0126953125 0.0478515625
21 0.7333984375 0.47509765625 0.01171875 0.0517578125
37 0.8193359375 0.3046875 0.009765625 0.0498046875
37 0.7451171875 0.30615234375 0.01171875 0.048828125
37 0.810546875 0.107421875 0.009765625 0.044921875
37 0.73828125 0.1103515625 0.01171875 0.044921875
36 0.68212890625 0.306640625 0.009765625 0.05078125
36 0.6083984375 0.30224609375 0.009765625 0.046875
36 0.68212890625 0.111328125 0.01171875 0.04296875
36 0.6103515625 0.10693359375 0.009765625 0.044921875
52 0.6787109375 0.6845703125 0.01171875 0.052734375
52 0.67626953125 0.474609375 0.01171875 0.0478515625
52 0.6015625 0.4765625 0.0087890625 0.044921875
52 0.6015625 0.6826171875 0.009765625 0.052734375
31 0.5458984375 0.67578125 0.01171875 0.05078125
31 0.55712890625 0.4697265625 0.0146484375 0.052734375
31 0.47119140625 0.66064453125 0.01171875 0.052734375
31 0.4833984375 0.45458984375 0.009765625 0.052734375
43 0.56201171875 0.2958984375 0.01171875 0.048828125
43 0.56787109375 0.1005859375 0.0107421875 0.044921875
43 0.4951171875 0.0927734375 0.0107421875 0.046875
43 0.48779296875 0.28857421875 0.009765625 0.048828125
40 0.44384765625 0.62451171875 0.013671875 0.05078125
40 0.36669921875 0.64306640625 0.01171875 0.052734375
40 0.3544921875 0.4375 0.0126953125 0.048828125
40 0.4287109375 0.4189453125 0.0126953125 0.05078125