27 0.4599609375 0.8427734375 0.3056640625 0.1337890625
28 0.81787109375 0.5244140625 0.23046875 0.177734375
31 0.89990234375 0.46630859375 0.02734375 0.0322265625
31 0.87646484375 0.587890625 0.033203125 0.03125
31 0.75830078125 0.4580078125 0.0322265625 0.03125
31 0.7353515625 0.578125 0.03125 0.029296875
27 0.51025390625 0.40478515625 0.326171875 0.1171875
18 0.6884765625 0.03955078125 0.05859375 0.017578125
18 0.70458984375 0.1142578125 0.0546875 0.0166015625
22 0.6181640625 0.04248046875 0.0576171875 0.01953125
22 0.62744140625 0.1201171875 0.0546875 0.01171875
50 0.5322265625 0.05419921875 0.0517578125 0.015625
50 0.53662109375 0.12939453125 0.0546875 0.013671875
50 0.32666015625 0.06982421875 0.056640625 0.013671875
50 0.33251953125 0.14306640625 0.0546875 0.013671875
44 0.232421875 0.0673828125 0.052734375 0.0146484375
44 0.23291015625 0.1416015625 0.0478515625 0.015625
44 0.03857421875 0.07666015625 0.052734375 0.015625