42 0.341796875 0.85595703125 0.013671875 0.052734375
36 0.35302734375 0.77099609375 0.0107421875 0.052734375
36 0.3701171875 0.56005859375 0.009765625 0.046875
42 0.265625 0.837890625 0.0126953125 0.052734375
36 0.2763671875 0.75146484375 0.01171875 0.0546875
36 0.294921875 0.5400390625 0.0107421875 0.05078125
14 0.380859375 0.45166015625 0.013671875 0.044921875
14 0.30615234375 0.44091796875 0.01171875 0.044921875
3 0.3935546875 0.3447265625 0.013671875 0.046875
3 0.31982421875 0.34619140625 0.009765625 0.044921875
3 0.39453125 0.14697265625 0.01171875 0.044921875
3 0.32080078125 0.1494140625 0.0107421875 0.044921875
52 0.21240234375 0.84228515625 0.0107421875 0.0546875
52 0.134765625 0.8359375 0.0087890625 0.046875
27 0.07666015625 0.42529296875 0.1298828125 0.294921875
8 0.21923828125 0.7587890625 0.01171875 0.052734375
8 0.14306640625 0.74853515625 0.01171875 0.052734375
8 0.23193359375 0.54248046875 0.009765625 0.05078125
8 0.15673828125 0.5361328125 0.0126953125 0.0478515625
37 0.2646484375 0.423828125 0.01171875 0.048828125
37 0.19091796875 0.43896484375 0.009765625 0.048828125
7 0.251953125 0.330078125 0.01171875 0.046875
7 0.1787109375 0.32568359375 0.01171875 0.04296875
7 0.2607421875 0.13427734375 0.013671875 0.0478515625
7 0.1875 0.1279296875 0.01171875 0.0439453125
27 0.912109375 0.458984375 0.115234375 0.294921875
50 0.46484375 0.2548828125 0.021484375 0.03515625
50 0.5087890625 0.1767578125 0.0234375 0.02734375