41 0.67041015625 0.87060546875 0.009765625 0.052734375
41 0.59228515625 0.86572265625 0.01171875 0.0498046875
50 0.66748046875 0.76806640625 0.01171875 0.05078125
50 0.59033203125 0.7646484375 0.009765625 0.052734375
50 0.5908203125 0.5537109375 0.009765625 0.044921875
50 0.666015625 0.556640625 0.009765625 0.044921875
47 0.49560546875 0.87548828125 0.0107421875 0.05078125
47 0.41796875 0.85888671875 0.01171875 0.052734375
18 0.50146484375 0.791015625 0.0107421875 0.05078125
18 0.42529296875 0.77734375 0.0107421875 0.048828125
18 0.51318359375 0.5791015625 0.009765625 0.052734375
18 0.43798828125 0.56494140625 0.01171875 0.0517578125
34 0.52294921875 0.4462890625 0.009765625 0.05078125
34 0.44873046875 0.43603515625 0.009765625 0.05078125
51 0.53564453125 0.359375 0.009765625 0.046875
51 0.4619140625 0.34619140625 0.009765625 0.0439453125
51 0.5458984375 0.1640625 0.009765625 0.04296875
51 0.47314453125 0.1513671875 0.0087890625 0.04296875
42 0.341796875 0.85595703125 0.013671875 0.052734375
36 0.35302734375 0.77099609375 0.0107421875 0.052734375
36 0.3701171875 0.56005859375 0.009765625 0.046875
42 0.265625 0.837890625 0.0126953125 0.052734375
36 0.2763671875 0.75146484375 0.01171875 0.0546875
36 0.294921875 0.5400390625 0.0107421875 0.05078125
14 0.380859375 0.45166015625 0.013671875 0.044921875
14 0.30615234375 0.44091796875 0.01171875 0.044921875
3 0.3935546875 0.3447265625 0.013671875 0.046875
3 0.31982421875 0.34619140625 0.009765625 0.044921875
3 0.39453125 0.14697265625 0.01171875 0.044921875
3 0.32080078125 0.1494140625 0.0107421875 0.044921875
52 0.21240234375 0.84228515625 0.0107421875 0.0546875
52 0.134765625 0.8359375 0.0087890625 0.046875
27 0.07666015625 0.42529296875 0.1298828125 0.294921875
8 0.21923828125 0.7587890625 0.01171875 0.052734375
8 0.14306640625 0.74853515625 0.01171875 0.052734375
8 0.23193359375 0.54248046875 0.009765625 0.05078125
8 0.15673828125 0.5361328125 0.0126953125 0.0478515625
37 0.2646484375 0.423828125 0.01171875 0.048828125
37 0.19091796875 0.43896484375 0.009765625 0.048828125
7 0.251953125 0.330078125 0.01171875 0.046875
7 0.1787109375 0.32568359375 0.01171875 0.04296875
7 0.2607421875 0.13427734375 0.013671875 0.0478515625
7 0.1875 0.1279296875 0.01171875 0.0439453125
25 0.90478515625 0.34033203125 0.021484375 0.04296875