28 0.47509765625 0.935546875 0.287109375 0.12890625
25 0.37109375 0.9853515625 0.048828125 0.015625
25 0.36572265625 0.9052734375 0.0478515625 0.01171875
25 0.57666015625 0.8935546875 0.04296875 0.0107421875
25 0.5810546875 0.970703125 0.046875 0.013671875
27 0.5771484375 0.07275390625 0.2919921875 0.1181640625
30 0.70263671875 0.962890625 0.056640625 0.01171875
30 0.70361328125 0.88818359375 0.052734375 0.0107421875
30 0.89892578125 0.88232421875 0.0498046875 0.01171875
30 0.89892578125 0.9541015625 0.048828125 0.0107421875
28 0.7939453125 0.92041015625 0.294921875 0.1142578125