28 0.9365234375 0.17626953125 0.126953125 0.28515625
29 0.9248046875 0.65234375 0.009765625 0.0517578125
28 0.95458984375 0.5703125 0.0908203125 0.3076171875
29 0.9345703125 0.44482421875 0.015625 0.0478515625
27 0.06201171875 0.43310546875 0.1240234375 0.310546875
23 0.91552734375 0.27099609375 0.01171875 0.0478515625
23 0.90771484375 0.0771484375 0.013671875 0.0478515625
23 0.9833984375 0.076171875 0.013671875 0.046875
23 0.990234375 0.27197265625 0.009765625 0.05078125
32 0.8427734375 0.861328125 0.013671875 0.052734375
32 0.7666015625 0.873046875 0.0126953125 0.056640625
54 0.84228515625 0.79541015625 0.0126953125 0.05078125
54 0.76513671875 0.81005859375 0.013671875 0.0478515625
54 0.7451171875 0.59814453125 0.015625 0.048828125
54 0.8203125 0.58349609375 0.015625 0.05078125
36 0.6689453125 0.8671875 0.01171875 0.05859375
36 0.59130859375 0.86962890625 0.0107421875 0.052734375
9 0.81005859375 0.48193359375 0.013671875 0.044921875
9 0.73486328125 0.48291015625 0.01171875 0.04296875
15 0.73291015625 0.39697265625 0.013671875 0.0517578125
15 0.72265625 0.19873046875 0.013671875 0.05078125
15 0.7958984375 0.193359375 0.01171875 0.0458984375
15 0.806640625 0.39013671875 0.013671875 0.0537109375
52 0.6708984375 0.78759765625 0.0107421875 0.05078125
52 0.59228515625 0.7890625 0.01171875 0.05078125
52 0.587890625 0.5771484375 0.01171875 0.0478515625
52 0.6640625 0.57763671875 0.0126953125 0.05078125
37 0.6611328125 0.466796875 0.01171875 0.052734375
37 0.5869140625 0.4599609375 0.0107421875 0.052734375
21 0.66796875 0.3779296875 0.009765625 0.048828125
21 0.59326171875 0.37939453125 0.01171875 0.048828125