27 0.15625 0.4599609375 0.1318359375 0.296875
15 0.96044921875 0.80126953125 0.0146484375 0.0576171875
15 0.98046875 0.591796875 0.015625 0.044921875
23 0.88720703125 0.875 0.0146484375 0.0546875
23 0.8095703125 0.8798828125 0.013671875 0.05078125
12 0.876953125 0.794921875 0.0126953125 0.046875
12 0.79931640625 0.796875 0.0126953125 0.04296875
12 0.86767578125 0.580078125 0.009765625 0.044921875
33 0.86279296875 0.47216796875 0.01171875 0.0498046875
1 0.8623046875 0.396484375 0.0107421875 0.05078125
1 0.7880859375 0.39453125 0.0126953125 0.05078125
1 0.783203125 0.193359375 0.013671875 0.046875
1 0.85693359375 0.1923828125 0.015625 0.044921875
53 0.74951171875 0.88720703125 0.013671875 0.0576171875
53 0.67138671875 0.89306640625 0.01171875 0.05078125
33 0.78857421875 0.46533203125 0.0107421875 0.046875
30 0.7373046875 0.80419921875 0.01171875 0.0546875
30 0.66064453125 0.8095703125 0.013671875 0.048828125
30 0.65234375 0.595703125 0.009765625 0.05078125
30 0.728515625 0.58935546875 0.009765625 0.05078125
39 0.81591796875 0.0595703125 0.0146484375 0.04296875
39 0.91259765625 0.068359375 0.013671875 0.044921875
45 0.955078125 0.0576171875 0.0166015625 0.048828125
49 0.72802734375 0.4755859375 0.009765625 0.048828125
49 0.6533203125 0.474609375 0.0107421875 0.0537109375
4 0.7265625 0.40625 0.01171875 0.0478515625
4 0.65283203125 0.39599609375 0.009765625 0.05078125
4 0.72998046875 0.20458984375 0.0107421875 0.044921875
4 0.6572265625 0.19580078125 0.009765625 0.044921875
12 0.791015625 0.583984375 0.01171875 0.044921875