27 0.5732421875 0.07861328125 0.291015625 0.12890625
28 0.47509765625 0.935546875 0.287109375 0.12890625
25 0.37109375 0.9853515625 0.048828125 0.015625
25 0.36572265625 0.9052734375 0.0478515625 0.01171875
25 0.57666015625 0.8935546875 0.04296875 0.0107421875
25 0.5810546875 0.970703125 0.046875 0.013671875
53 0.1826171875 0.80908203125 0.05078125 0.01171875
53 0.1875 0.73046875 0.05078125 0.013671875
30 0.26123046875 0.8046875 0.052734375 0.0126953125
30 0.25537109375 0.728515625 0.05078125 0.01171875
30 0.46875 0.71923828125 0.0478515625 0.013671875
30 0.47265625 0.7939453125 0.048828125 0.0107421875
22 0.19287109375 0.65283203125 0.05078125 0.009765625
22 0.40576171875 0.65234375 0.0498046875 0.01171875