38 0.0927734375 0.96435546875 0.0517578125 0.013671875
38 0.10302734375 0.884765625 0.048828125 0.0107421875
48 0.1591796875 0.96240234375 0.0517578125 0.009765625
48 0.16064453125 0.88427734375 0.0517578125 0.0126953125
41 0.22509765625 0.9609375 0.0498046875 0.0087890625
41 0.43701171875 0.95263671875 0.0478515625 0.01171875
41 0.224609375 0.88232421875 0.046875 0.013671875
41 0.4384765625 0.875 0.0458984375 0.01171875
2 0.5205078125 0.93310546875 0.046875 0.01171875
2 0.53759765625 0.857421875 0.044921875 0.01171875
51 0.5859375 0.9345703125 0.046875 0.013671875
51 0.603515625 0.85888671875 0.04296875 0.01171875
7 0.64306640625 0.93798828125 0.046875 0.0107421875
7 0.66015625 0.86328125 0.048828125 0.01171875
7 0.841796875 0.94482421875 0.0439453125 0.009765625
7 0.85791015625 0.87109375 0.04296875 0.009765625
14 0.08544921875 0.80322265625 0.0546875 0.013671875
14 0.09423828125 0.724609375 0.0537109375 0.013671875
35 0.1494140625 0.798828125 0.052734375 0.01171875
6 0.22265625 0.80126953125 0.0498046875 0.009765625
6 0.4375 0.80322265625 0.048828125 0.01171875
35 0.16259765625 0.7216796875 0.0517578125 0.01171875
6 0.23291015625 0.72314453125 0.048828125 0.013671875
6 0.4462890625 0.7265625 0.046875 0.0107421875
17 0.529296875 0.79736328125 0.046875 0.01171875
17 0.55126953125 0.72265625 0.048828125 0.01171875
47 0.6142578125 0.806640625 0.05078125 0.01171875
47 0.62939453125 0.73193359375 0.048828125 0.009765625
34 0.7060546875 0.80517578125 0.048828125 0.01171875
34 0.71826171875 0.73095703125 0.05078125 0.0126953125
34 0.9013671875 0.8095703125 0.044921875 0.01171875
34 0.90966796875 0.73681640625 0.0458984375 0.0107421875
42 0.0771484375 0.66162109375 0.0546875 0.015625
42 0.0849609375 0.583984375 0.0546875 0.017578125
46 0.1708984375 0.67041015625 0.0537109375 0.0146484375
46 0.1572265625 0.59326171875 0.0546875 0.0126953125
50 0.25048828125 0.6552734375 0.052734375 0.01171875
50 0.25634765625 0.578125 0.0498046875 0.01171875
50 0.46240234375 0.658203125 0.0498046875 0.0126953125