27 0.4267578125 0.92138671875 0.291015625 0.12890625
28 0.52490234375 0.064453125 0.287109375 0.12890625
25 0.62890625 0.0146484375 0.048828125 0.015625
25 0.63427734375 0.0947265625 0.0478515625 0.01171875
25 0.42333984375 0.1064453125 0.04296875 0.0107421875
25 0.4189453125 0.029296875 0.046875 0.013671875
53 0.8173828125 0.19091796875 0.05078125 0.01171875
53 0.8125 0.26953125 0.05078125 0.013671875
30 0.73876953125 0.1953125 0.052734375 0.01171875
30 0.74462890625 0.271484375 0.05078125 0.01171875
30 0.53125 0.28076171875 0.0478515625 0.013671875
30 0.52734375 0.2060546875 0.048828125 0.0107421875
22 0.82763671875 0.33642578125 0.05078125 0.0107421875
22 0.81689453125 0.4130859375 0.0498046875 0.01171875
33 0.74365234375 0.341796875 0.0478515625 0.01171875
33 0.72900390625 0.41943359375 0.05078125 0.009765625
33 0.5322265625 0.33544921875 0.0458984375 0.01171875
33 0.51904296875 0.41064453125 0.0478515625 0.009765625
45 0.8017578125 0.486328125 0.052734375 0.01171875
45 0.796875 0.56396484375 0.0546875 0.009765625
17 0.71875 0.48095703125 0.05078125 0.01171875
17 0.71826171875 0.5576171875 0.048828125 0.01171875
35 0.39892578125 0.1982421875 0.048828125 0.01171875
17 0.50830078125 0.48046875 0.052734375 0.01171875
17 0.50732421875 0.5556640625 0.05078125 0.0126953125
35 0.4033203125 0.2734375 0.052734375 0.01171875
46 0.3271484375 0.205078125 0.05078125 0.0107421875
46 0.3251953125 0.28076171875 0.05078125 0.009765625
46 0.13037109375 0.2099609375 0.046875 0.0107421875
46 0.1279296875 0.2822265625 0.048828125 0.009765625
13 0.40380859375 0.337890625 0.0712890625 0.0078125
5 0.3232421875 0.32958984375 0.0478515625 0.0107421875
5 0.12744140625 0.32275390625 0.046875 0.0107421875
5 0.11572265625 0.39453125 0.0458984375 0.0107421875
5 0.31201171875 0.4033203125 0.048828125 0.01171875
13 0.3876953125 0.47314453125 0.0703125 0.0078125
16 0.2841796875 0.4716796875 0.0517578125 0.009765625
16 0.26806640625 0.5439453125 0.0498046875 0.0126953125
16 0.0751953125 0.5283203125 0.044921875 0.013671875
16 0.09228515625 0.45751953125 0.044921875 0.01171875
9 0.79443359375 0.62255859375 0.0478515625 0.01171875
9 0.80224609375 0.69921875 0.044921875 0.01171875
48 0.71240234375 0.62451171875 0.048828125 0.01171875
48 0.7099609375 0.70166015625 0.05078125 0.01171875
48 0.50244140625 0.61865234375 0.048828125 0.009765625
48 0.4970703125 0.69384765625 0.052734375 0.01171875
6 0.38525390625 0.609375 0.048828125 0.01171875
6 0.3701171875 0.68310546875 0.048828125 0.0107421875
13 0.30126953125 0.5888671875 0.07421875 0.0078125
13 0.11962890625 0.6533203125 0.0693359375 0.009765625