54 0.98291015625 0.9013671875 0.0126953125 0.052734375
54 0.90185546875 0.8916015625 0.013671875 0.052734375
38 0.97509765625 0.8193359375 0.0107421875 0.048828125
38 0.89501953125 0.80712890625 0.0087890625 0.0439453125
38 0.89892578125 0.59228515625 0.01171875 0.05078125
38 0.9755859375 0.60595703125 0.0087890625 0.0439453125
21 0.833984375 0.8759765625 0.009765625 0.056640625
21 0.7548828125 0.87109375 0.01171875 0.048828125
40 0.82763671875 0.77197265625 0.01171875 0.048828125
40 0.74951171875 0.7724609375 0.01171875 0.048828125
40 0.8232421875 0.56005859375 0.01171875 0.044921875
40 0.74609375 0.556640625 0.01171875 0.046875
41 0.67041015625 0.87060546875 0.009765625 0.052734375
41 0.59228515625 0.86572265625 0.01171875 0.0498046875
50 0.66748046875 0.76806640625 0.01171875 0.05078125
50 0.59033203125 0.7646484375 0.009765625 0.052734375
50 0.5908203125 0.5537109375 0.009765625 0.044921875
50 0.666015625 0.556640625 0.009765625 0.044921875
47 0.49560546875 0.87548828125 0.0107421875 0.05078125
47 0.41796875 0.85888671875 0.01171875 0.052734375
18 0.50146484375 0.791015625 0.0107421875 0.05078125
18 0.42529296875 0.77734375 0.0107421875 0.048828125
18 0.51318359375 0.5791015625 0.009765625 0.052734375
18 0.43798828125 0.56494140625 0.01171875 0.0517578125
1 0.96337890625 0.462890625 0.01171875 0.048828125
1 0.88525390625 0.453125 0.009765625 0.046875
25 0.95849609375 0.35595703125 0.009765625 0.046875
25 0.884765625 0.33642578125 0.0087890625 0.046875
25 0.8916015625 0.14404296875 0.01171875 0.044921875
25 0.96533203125 0.15966796875 0.0107421875 0.044921875
32 0.8134765625 0.4375 0.0107421875 0.048828125
32 0.73876953125 0.42822265625 0.009765625 0.0498046875
44 0.81982421875 0.34619140625 0.0107421875 0.0458984375
44 0.7451171875 0.3447265625 0.009765625 0.0458984375
44 0.74267578125 0.14697265625 0.009765625 0.046875
44 0.8154296875 0.1484375 0.01171875 0.04296875
26 0.671875 0.4404296875 0.009765625 0.046875
26 0.59765625 0.4326171875 0.009765625 0.044921875
20 0.67041015625 0.35107421875 0.009765625 0.048828125
20 0.6748046875 0.1533203125 0.009765625 0.04296875
20 0.595703125 0.34130859375 0.009765625 0.046875
20 0.60205078125 0.14404296875 0.009765625 0.0458984375
34 0.52294921875 0.4462890625 0.009765625 0.05078125
34 0.44873046875 0.43603515625 0.009765625 0.05078125
51 0.53564453125 0.359375 0.009765625 0.046875
51 0.4619140625 0.34619140625 0.009765625 0.0439453125
51 0.5458984375 0.1640625 0.009765625 0.04296875
51 0.47314453125 0.1513671875 0.0087890625 0.04296875
42 0.341796875 0.85595703125 0.013671875 0.052734375
36 0.35302734375 0.77099609375 0.0107421875 0.052734375
36 0.3701171875 0.56005859375 0.009765625 0.046875
42 0.265625 0.837890625 0.0126953125 0.052734375
36 0.2763671875 0.75146484375 0.01171875 0.0546875
36 0.294921875 0.5400390625 0.0107421875 0.05078125
14 0.380859375 0.45166015625 0.013671875 0.044921875
14 0.30615234375 0.44091796875 0.01171875 0.044921875
3 0.3935546875 0.3447265625 0.013671875 0.046875
3 0.31982421875 0.34619140625 0.009765625 0.044921875
3 0.39453125 0.14697265625 0.01171875 0.044921875
3 0.32080078125 0.1494140625 0.0107421875 0.044921875
52 0.21240234375 0.84228515625 0.0107421875 0.0546875
52 0.134765625 0.8359375 0.0087890625 0.046875
27 0.07666015625 0.42529296875 0.1298828125 0.294921875
8 0.21923828125 0.7587890625 0.01171875 0.052734375
8 0.14306640625 0.74853515625 0.01171875 0.052734375
8 0.23193359375 0.54248046875 0.009765625 0.05078125
8 0.15673828125 0.5361328125 0.0126953125 0.0478515625
37 0.23388671875 0.42626953125 0.01171875 0.048828125
37 0.16064453125 0.4130859375 0.009765625 0.048828125
7 0.2412109375 0.32958984375 0.01171875 0.046875
7 0.171875 0.2958984375 0.01171875 0.04296875
7 0.27734375 0.1396484375 0.013671875 0.0478515625