38 0.9072265625 0.03564453125 0.0517578125 0.013671875
38 0.89697265625 0.115234375 0.048828125 0.0107421875
48 0.8408203125 0.03759765625 0.0517578125 0.009765625
48 0.83935546875 0.11572265625 0.0517578125 0.01171875
41 0.77490234375 0.0390625 0.0498046875 0.0087890625
41 0.56298828125 0.04736328125 0.0478515625 0.01171875
41 0.775390625 0.11767578125 0.046875 0.013671875
41 0.5615234375 0.125 0.0458984375 0.01171875
2 0.4794921875 0.06689453125 0.046875 0.01171875
2 0.46240234375 0.142578125 0.044921875 0.01171875
51 0.4140625 0.0654296875 0.046875 0.013671875
51 0.396484375 0.14111328125 0.04296875 0.01171875
7 0.35693359375 0.06201171875 0.046875 0.009765625
7 0.33984375 0.13671875 0.048828125 0.01171875
7 0.158203125 0.05517578125 0.0439453125 0.009765625
7 0.14208984375 0.12890625 0.04296875 0.009765625
14 0.91455078125 0.19677734375 0.0546875 0.013671875
14 0.90576171875 0.275390625 0.0537109375 0.013671875
35 0.8505859375 0.201171875 0.052734375 0.01171875
6 0.77734375 0.19873046875 0.0498046875 0.009765625
6 0.5625 0.19677734375 0.048828125 0.01171875
35 0.83740234375 0.2783203125 0.0517578125 0.01171875
6 0.76708984375 0.27685546875 0.048828125 0.013671875
6 0.5537109375 0.2734375 0.046875 0.0107421875
17 0.470703125 0.20263671875 0.046875 0.01171875
17 0.44873046875 0.27734375 0.048828125 0.01171875
47 0.3857421875 0.193359375 0.05078125 0.01171875
47 0.37060546875 0.26806640625 0.048828125 0.009765625
34 0.2939453125 0.19482421875 0.048828125 0.01171875
34 0.28173828125 0.26904296875 0.05078125 0.0126953125
34 0.0986328125 0.1904296875 0.044921875 0.01171875
34 0.09033203125 0.26318359375 0.0458984375 0.0107421875
42 0.9228515625 0.33837890625 0.0546875 0.015625
42 0.9150390625 0.416015625 0.0546875 0.017578125
46 0.8291015625 0.32958984375 0.0537109375 0.0146484375
46 0.8427734375 0.40673828125 0.0546875 0.0126953125
50 0.74951171875 0.3447265625 0.052734375 0.01171875
50 0.74365234375 0.421875 0.0498046875 0.01171875
50 0.53759765625 0.341796875 0.0498046875 0.0126953125
50 0.53173828125 0.41748046875 0.0478515625 0.0087890625
8 0.43408203125 0.3466796875 0.0517578125 0.009765625
8 0.42236328125 0.42041015625 0.048828125 0.009765625
18 0.34814453125 0.34423828125 0.0517578125 0.009765625
18 0.33251953125 0.41796875 0.046875 0.009765625
22 0.27392578125 0.33349609375 0.048828125 0.01171875
22 0.25927734375 0.408203125 0.05078125 0.009765625
22 0.08056640625 0.3251953125 0.0439453125 0.0107421875
22 0.0693359375 0.3974609375 0.046875 0.01171875
25 0.92138671875 0.498046875 0.0556640625 0.01171875
25 0.90869140625 0.57666015625 0.0546875 0.01171875
20 0.8349609375 0.490234375 0.0546875 0.0087890625
20 0.6181640625 0.4833984375 0.048828125 0.01171875