27 0.4599609375 0.84375 0.296875 0.1318359375
15 0.80126953125 0.03955078125 0.0576171875 0.0146484375
15 0.591796875 0.01953125 0.044921875 0.015625
23 0.875 0.11279296875 0.0546875 0.0146484375
23 0.8798828125 0.1904296875 0.05078125 0.013671875
12 0.794921875 0.123046875 0.046875 0.0126953125
12 0.796875 0.20068359375 0.04296875 0.0126953125
12 0.580078125 0.13232421875 0.044921875 0.009765625
33 0.47216796875 0.13720703125 0.0498046875 0.01171875
1 0.396484375 0.1376953125 0.05078125 0.0107421875
1 0.39453125 0.2119140625 0.05078125 0.0126953125
1 0.193359375 0.216796875 0.046875 0.013671875
1 0.1923828125 0.14306640625 0.044921875 0.015625
53 0.88720703125 0.25048828125 0.0576171875 0.013671875
53 0.89306640625 0.32861328125 0.05078125 0.01171875
33 0.46533203125 0.21142578125 0.046875 0.0107421875
30 0.80419921875 0.2626953125 0.0546875 0.01171875
30 0.8095703125 0.33935546875 0.048828125 0.013671875
30 0.595703125 0.34765625 0.05078125 0.009765625
30 0.58935546875 0.271484375 0.05078125 0.009765625
39 0.0595703125 0.18408203125 0.04296875 0.0146484375
39 0.068359375 0.08740234375 0.044921875 0.013671875
45 0.0576171875 0.044921875 0.048828125 0.015625
49 0.4755859375 0.27197265625 0.048828125 0.009765625
49 0.474609375 0.3466796875 0.0537109375 0.0107421875
4 0.40625 0.2734375 0.046875 0.01171875
4 0.39599609375 0.34716796875 0.05078125 0.009765625
4 0.20458984375 0.27001953125 0.044921875 0.0107421875
4 0.19580078125 0.3427734375 0.044921875 0.009765625
12 0.583984375 0.208984375 0.044921875 0.01171875