27 0.07861328125 0.4267578125 0.1298828125 0.2919921875
28 0.935546875 0.52490234375 0.12890625 0.287109375
25 0.9853515625 0.62890625 0.015625 0.048828125
25 0.9052734375 0.63427734375 0.01171875 0.0478515625
25 0.8935546875 0.42333984375 0.0107421875 0.04296875
25 0.970703125 0.4189453125 0.013671875 0.046875
53 0.80908203125 0.8173828125 0.01171875 0.05078125
53 0.73046875 0.8125 0.013671875 0.05078125
30 0.8046875 0.73876953125 0.01171875 0.052734375
30 0.728515625 0.74462890625 0.01171875 0.05078125
30 0.71923828125 0.53125 0.013671875 0.0478515625
30 0.7939453125 0.52734375 0.0107421875 0.048828125
22 0.66357421875 0.82763671875 0.0107421875 0.05078125
22 0.5869140625 0.81689453125 0.01171875 0.0498046875
33 0.658203125 0.74365234375 0.01171875 0.0478515625
33 0.58056640625 0.72900390625 0.009765625 0.05078125
33 0.66455078125 0.5322265625 0.01171875 0.0458984375
33 0.58935546875 0.51904296875 0.009765625 0.0478515625
45 0.513671875 0.8017578125 0.01171875 0.052734375
45 0.43603515625 0.796875 0.009765625 0.0546875
17 0.52978515625 0.64892578125 0.01171875 0.05078125
17 0.53857421875 0.4599609375 0.01171875 0.0439453125
35 0.87890625 0.18994140625 0.01171875 0.05078125
35 0.7939453125 0.1689453125 0.01171875 0.05078125