28 0.935546875 0.52490234375 0.12890625 0.287109375
25 0.9853515625 0.62890625 0.015625 0.048828125
25 0.9052734375 0.63427734375 0.01171875 0.0478515625
25 0.8935546875 0.42333984375 0.0107421875 0.04296875
25 0.970703125 0.4189453125 0.013671875 0.046875
27 0.07275390625 0.4228515625 0.1181640625 0.2919921875
30 0.962890625 0.29736328125 0.01171875 0.056640625
30 0.88818359375 0.29638671875 0.0107421875 0.052734375
30 0.88232421875 0.10107421875 0.01171875 0.0498046875
30 0.9541015625 0.10107421875 0.0107421875 0.048828125
28 0.92041015625 0.2060546875 0.11328125 0.294921875